auto-a-x	auto-a-y	auto-a-z	auto-speed	auto-speed-x	auto-speed-y	distance	line-distance	line-id	obspeed	obspeed-x	obspeed-y	respeed	respeed-x	respeed-y	status	thw	timestamp	ttc
0.000677	-0.218792	0.687729	12.793918	-1.121125	12.744701	40.951540	0.010356	-1025001.000000	0.000000	0.000000	0.000000	12.793918	-1.121125	12.744701	1.000000	3.200860	1543393483.970448	3.200860
0.026261	-0.149987	0.614423	12.793201	-1.121381	12.743959	40.849657	0.010444	-1025001.000000	0.000000	0.000000	0.000000	12.793201	-1.121381	12.743959	1.000000	3.193076	1543393483.978446	3.193076
0.222273	-0.141481	0.091057	12.792059	-1.119387	12.742988	40.442026	0.010792	-1025001.000000	0.000000	0.000000	0.000000	12.792059	-1.119387	12.742988	1.000000	3.161495	1543393484.010450	3.161495
0.021610	-0.064050	0.428835	12.792802	-1.096260	12.745744	40.340529	0.010612	-1025001.000000	0.000000	0.000000	0.000000	12.792802	-1.096260	12.745744	1.000000	3.153377	1543393484.018446	3.153377
0.051431	-0.102802	0.114560	12.791803	-1.092858	12.745034	39.627766	0.004788	-1025001.000000	0.000000	0.000000	0.000000	12.791803	-1.092858	12.745034	1.000000	3.097903	1543393484.074444	3.097903
0.057652	-0.167305	0.221332	12.790937	-1.092814	12.744169	39.525929	0.003948	-1025001.000000	0.000000	0.000000	0.000000	12.790937	-1.092814	12.744169	1.000000	3.090151	1543393484.082446	3.090151
0.050722	0.010929	-0.431045	12.789150	-1.062438	12.744944	35.791929	-0.028299	-1025001.000000	0.000000	0.000000	0.000000	12.789150	-1.062438	12.744944	1.000000	2.798617	1543393484.378452	2.798617
0.274634	-0.029772	-0.440413	12.789827	-1.060159	12.745813	35.589104	-0.030267	-1025001.000000	0.000000	0.000000	0.000000	12.789827	-1.060159	12.745813	1.000000	2.782610	1543393484.394446	2.782610
0.324051	-0.025780	-0.423063	12.790078	-1.058047	12.746239	35.487604	-0.031271	-1025001.000000	0.000000	0.000000	0.000000	12.790078	-1.058047	12.746239	1.000000	2.774620	1543393484.402450	2.774620
0.217509	-0.036168	-0.473733	12.790244	-1.056775	12.746512	35.386123	-0.032289	-1025001.000000	0.000000	0.000000	0.000000	12.790244	-1.056775	12.746512	1.000000	2.766650	1543393484.410453	2.766650
-0.017514	0.036429	-0.181413	12.791004	-1.057445	12.747219	35.284631	-0.032608	-1025001.000000	0.000000	0.000000	0.000000	12.791004	-1.057445	12.747219	1.000000	2.758551	1543393484.418454	2.758551
0.101462	-0.047379	-0.081415	12.791381	-1.057232	12.747615	35.081720	-0.033239	-1025001.000000	0.000000	0.000000	0.000000	12.791381	-1.057232	12.747615	1.000000	2.742606	1543393484.434450	2.742606
-0.061883	0.010842	0.031987	12.791945	-1.058254	12.748096	34.980176	-0.033553	-1025001.000000	0.000000	0.000000	0.000000	12.791945	-1.058254	12.748096	1.000000	2.734547	1543393484.442455	2.734547
0.098700	-0.058162	0.051005	12.791960	-1.057951	12.748137	34.878735	-0.033864	-1025001.000000	0.000000	0.000000	0.000000	12.791960	-1.057951	12.748137	1.000000	2.726614	1543393484.450452	2.726614
0.180562	-0.061501	0.291306	12.791959	-1.057006	12.748214	34.792070	-0.034180	-1025001.000000	0.000000	0.000000	0.000000	12.791959	-1.057006	12.748214	1.000000	2.719839	1543393484.458451	2.719839
0.053275	-0.092045	0.037851	12.790796	-1.057206	12.747030	34.589130	-0.034817	-1025001.000000	0.000000	0.000000	0.000000	12.790796	-1.057206	12.747030	1.000000	2.704220	1543393484.474450	2.704220
0.097962	0.052112	-0.041443	12.791686	-1.056974	12.747943	34.487649	-0.035136	-1025001.000000	0.000000	0.000000	0.000000	12.791686	-1.056974	12.747943	1.000000	2.696099	1543393484.482451	2.696099
0.036672	-0.041225	0.259373	12.792289	-1.057160	12.748532	34.284717	-0.035776	-1025001.000000	0.000000	0.000000	0.000000	12.792289	-1.057160	12.748532	1.000000	2.680108	1543393484.498450	2.680108
-0.088929	-0.100667	0.107929	12.791411	-1.059178	12.747484	34.081818	-0.036398	-1025001.000000	0.000000	0.000000	0.000000	12.791411	-1.059178	12.747484	1.000000	2.664430	1543393484.514448	2.664430
-0.000934	-0.002887	0.151494	12.793622	-1.050201	12.750445	33.980585	-0.036406	-1025001.000000	0.000000	0.000000	0.000000	12.793622	-1.050201	12.750445	1.000000	2.656057	1543393484.522452	2.656057
-0.078635	-0.047292	0.437438	12.793733	-1.051341	12.750462	33.879140	-0.037061	-1025001.000000	0.000000	0.000000	0.000000	12.793733	-1.051341	12.750462	1.000000	2.648104	1543393484.530449	2.648104
0.205920	-0.118306	0.687060	12.792122	-1.049355	12.749009	33.574724	-0.039022	-1025001.000000	0.000000	0.000000	0.000000	12.792122	-1.049355	12.749009	1.000000	2.624641	1543393484.554449	2.624641
0.038449	-0.120404	0.546633	12.791646	-1.049513	12.748518	33.473271	-0.039687	-1025001.000000	0.000000	0.000000	0.000000	12.791646	-1.049513	12.748518	1.000000	2.616807	1543393484.562449	2.616807
-0.133195	0.032053	0.444415	12.792385	-1.051139	12.749127	33.391805	-0.040345	-1025001.000000	0.000000	0.000000	0.000000	12.792385	-1.051139	12.749127	1.000000	2.610288	1543393484.570450	2.610288
-0.240888	-0.111999	0.653085	12.791976	-1.053541	12.748517	33.290390	-0.040986	-1025001.000000	0.000000	0.000000	0.000000	12.791976	-1.053541	12.748517	1.000000	2.602443	1543393484.578448	2.602443
0.144813	-0.066967	0.177687	12.790036	-1.052931	12.746622	33.087508	-0.042251	-1025001.000000	0.000000	0.000000	0.000000	12.790036	-1.052931	12.746622	1.000000	2.586975	1543393484.594451	2.586975
-0.026951	-0.063801	0.160236	12.790000	-1.053627	12.746528	32.986135	-0.042883	-1025001.000000	0.000000	0.000000	0.000000	12.790000	-1.053627	12.746528	1.000000	2.579057	1543393484.602448	2.579057
0.000842	-0.130808	0.249999	12.789433	-1.054059	12.745923	32.884691	-0.043512	-1025001.000000	0.000000	0.000000	0.000000	12.789433	-1.054059	12.745923	1.000000	2.571239	1543393484.610451	2.571239
-0.017483	-0.035367	0.450239	12.789637	-1.054716	12.746073	32.783317	-0.044135	-1025001.000000	0.000000	0.000000	0.000000	12.789637	-1.054716	12.746073	1.000000	2.563272	1543393484.618449	2.563272
-0.097050	-0.136669	0.379181	12.789457	-1.057464	12.745666	32.580535	-0.045354	-1025001.000000	0.000000	0.000000	0.000000	12.789457	-1.057464	12.745666	1.000000	2.547453	1543393484.634448	2.547453
-0.088777	-0.180820	0.370942	12.788490	-1.058593	12.744601	32.479151	-0.045949	-1025001.000000	0.000000	0.000000	0.000000	12.788490	-1.058593	12.744601	1.000000	2.539718	1543393484.642448	2.539718
-0.069555	-0.022351	0.617120	12.788798	-1.059692	12.744819	32.377707	-0.046534	-1025001.000000	0.000000	0.000000	0.000000	12.788798	-1.059692	12.744819	1.000000	2.531724	1543393484.650453	2.531724
0.123218	-0.038838	0.169351	12.788963	-1.059209	12.745024	32.265176	-0.047116	-1025001.000000	0.000000	0.000000	0.000000	12.788963	-1.059209	12.745024	1.000000	2.522892	1543393484.658448	2.522892
-0.046441	-0.034619	0.112450	12.789108	-1.059591	12.745139	32.062401	-0.048288	-1025001.000000	0.000000	0.000000	0.000000	12.789108	-1.059591	12.745139	1.000000	2.507008	1543393484.674447	2.507008
-0.014703	-0.018274	-0.287659	12.789419	-1.060192	12.745401	31.960973	-0.048867	-1025001.000000	0.000000	0.000000	0.000000	12.789419	-1.060192	12.745401	1.000000	2.499017	1543393484.682450	2.499017
0.005394	-0.035516	-0.406716	12.789590	-1.060614	12.745537	31.859587	-0.049442	-1025001.000000	0.000000	0.000000	0.000000	12.789590	-1.060614	12.745537	1.000000	2.491056	1543393484.690450	2.491056
-0.017929	0.004931	-0.248084	12.790091	-1.061260	12.745986	31.757975	-0.049954	-1025001.000000	0.000000	0.000000	0.000000	12.790091	-1.061260	12.745986	1.000000	2.483014	1543393484.698451	2.483014
0.077178	-0.004910	-0.494574	12.791357	-1.060546	12.747316	31.554764	-0.050982	-1025001.000000	0.000000	0.000000	0.000000	12.791357	-1.060546	12.747316	1.000000	2.466882	1543393484.714452	2.466882
-0.020685	-0.017630	-0.170590	12.791682	-1.061201	12.747587	31.453153	-0.051496	-1025001.000000	0.000000	0.000000	0.000000	12.791682	-1.061201	12.747587	1.000000	2.458876	1543393484.722453	2.458876
0.010895	-0.065747	0.050277	12.791630	-1.061589	12.747503	31.351624	-0.052005	-1025001.000000	0.000000	0.000000	0.000000	12.791630	-1.061589	12.747503	1.000000	2.450948	1543393484.730448	2.450948
-0.037286	-0.190133	0.456845	12.790596	-1.062306	12.746405	31.250013	-0.052510	-1025001.000000	0.000000	0.000000	0.000000	12.790596	-1.062306	12.746405	1.000000	2.443202	1543393484.738450	2.443202
0.010411	-0.001801	-0.096016	12.791223	-1.063356	12.746947	31.046859	-0.053505	-1025001.000000	0.000000	0.000000	0.000000	12.791223	-1.063356	12.746947	1.000000	2.427200	1543393484.754450	2.427200
0.076151	-0.077896	-0.263367	12.790768	-1.063842	12.746450	30.843761	-0.054484	-1025001.000000	0.000000	0.000000	0.000000	12.790768	-1.063842	12.746450	1.000000	2.411408	1543393484.770447	2.411408
0.110773	-0.113233	-0.411919	12.790323	-1.063367	12.746043	30.701329	-0.054975	-1025001.000000	0.000000	0.000000	0.000000	12.790323	-1.063367	12.746043	1.000000	2.400356	1543393484.778453	2.400356
0.041344	-0.017931	-0.622726	12.791520	-1.063940	12.747196	30.498364	-0.055956	-1025001.000000	0.000000	0.000000	0.000000	12.791520	-1.063940	12.747196	1.000000	2.384264	1543393484.794446	2.384264
0.007599	-0.059667	-0.090809	12.791027	-1.066735	12.746468	30.397123	-0.055349	-1025001.000000	0.000000	0.000000	0.000000	12.791027	-1.066735	12.746468	1.000000	2.376441	1543393484.802449	2.376441
0.002502	0.062316	0.188697	12.792001	-1.067282	12.747399	30.295604	-0.055736	-1025001.000000	0.000000	0.000000	0.000000	12.792001	-1.067282	12.747399	1.000000	2.368324	1543393484.810449	2.368324
-0.070544	-0.104488	-0.164961	12.791630	-1.068270	12.746945	30.194060	-0.056118	-1025001.000000	0.000000	0.000000	0.000000	12.791630	-1.068270	12.746945	1.000000	2.360454	1543393484.818451	2.360454
-0.169294	-0.092832	-0.114584	12.790104	-1.075319	12.744821	29.889589	-0.057157	-1025001.000000	0.000000	0.000000	0.000000	12.790104	-1.075319	12.744821	1.000000	2.336931	1543393484.842448	2.336931
-0.131209	-0.026345	0.255023	12.790368	-1.076883	12.744953	29.788123	-0.057471	-1025001.000000	0.000000	0.000000	0.000000	12.790368	-1.076883	12.744953	1.000000	2.328950	1543393484.850446	2.328950
-0.183332	-0.055615	-0.474887	12.790371	-1.078779	12.744796	29.742193	-0.057771	-1025001.000000	0.000000	0.000000	0.000000	12.790371	-1.078779	12.744796	1.000000	2.325358	1543393484.858444	2.325358
-0.168346	-0.002774	0.087675	12.790825	-1.080645	12.745093	29.640622	-0.058056	-1025001.000000	0.000000	0.000000	0.000000	12.790825	-1.080645	12.745093	1.000000	2.317335	1543393484.866450	2.317335
-0.137549	0.058272	0.089978	12.792142	-1.085816	12.745975	29.336110	-0.058830	-1025001.000000	0.000000	0.000000	0.000000	12.792142	-1.085816	12.745975	1.000000	2.293291	1543393484.890453	2.293291
0.010016	-0.035919	-0.217994	12.792315	-1.086213	12.746115	29.234646	-0.059065	-1025001.000000	0.000000	0.000000	0.000000	12.792315	-1.086213	12.746115	1.000000	2.285329	1543393484.898451	2.285329
0.232286	-0.074060	-0.290311	12.792338	-1.084262	12.746305	28.930222	-0.059496	-1025001.000000	0.000000	0.000000	0.000000	12.792338	-1.084262	12.746305	1.000000	2.261527	1543393484.922452	2.261527
0.099170	-0.069881	0.122101	12.792259	-1.083957	12.746251	28.828789	-0.059462	-1025001.000000	0.000000	0.000000	0.000000	12.792259	-1.083957	12.746251	1.000000	2.253612	1543393484.930451	2.253612
0.036755	0.018568	0.098177	12.792882	-1.084207	12.746856	28.727309	-0.059429	-1025001.000000	0.000000	0.000000	0.000000	12.792882	-1.084207	12.746856	1.000000	2.245570	1543393484.938454	2.245570
0.053940	-0.141536	0.318774	12.792276	-1.084351	12.746235	28.524451	-0.059360	-1025001.000000	0.000000	0.000000	0.000000	12.792276	-1.084351	12.746235	1.000000	2.229818	1543393484.954453	2.229818
0.202148	-0.101402	-0.012404	12.791940	-1.083189	12.745997	28.423045	-0.059329	-1025001.000000	0.000000	0.000000	0.000000	12.791940	-1.083189	12.745997	1.000000	2.221949	1543393484.962452	2.221949
0.097106	-0.076606	0.005946	12.791801	-1.082883	12.745883	28.218367	-0.059304	-1025001.000000	0.000000	0.000000	0.000000	12.791801	-1.082883	12.745883	1.000000	2.205973	1543393484.970452	2.205973
-0.111592	-0.025415	0.034345	12.792065	-1.084278	12.746030	28.116960	-0.059275	-1025001.000000	0.000000	0.000000	0.000000	12.792065	-1.084278	12.746030	1.000000	2.198000	1543393484.978451	2.198000
-0.037752	0.013050	0.305196	12.793626	-1.085316	12.747508	27.812685	-0.059163	-1025001.000000	0.000000	0.000000	0.000000	12.793626	-1.085316	12.747508	1.000000	2.173949	1543393485.002453	2.173949
-0.039826	-0.118883	-0.316463	12.795624	-1.082698	12.749735	27.610093	-0.058481	-1025001.000000	0.000000	0.000000	0.000000	12.795624	-1.082698	12.749735	1.000000	2.157776	1543393485.018451	2.157776
-0.242426	-0.005694	-0.182593	12.795784	-1.087976	12.749447	27.407191	-0.058637	-1025001.000000	0.000000	0.000000	0.000000	12.795784	-1.087976	12.749447	1.000000	2.141892	1543393485.034449	2.141892
-0.186688	-0.076534	0.103408	12.795644	-1.089934	12.749139	27.305746	-0.058687	-1025001.000000	0.000000	0.000000	0.000000	12.795644	-1.089934	12.749139	1.000000	2.133988	1543393485.042448	2.133988
-0.267092	0.041273	0.068648	12.796482	-1.095991	12.749461	27.102827	-0.058721	-1025001.000000	0.000000	0.000000	0.000000	12.796482	-1.095991	12.749461	1.000000	2.117990	1543393485.058449	2.117990
-0.298027	-0.102098	0.252087	12.795280	-1.100738	12.747845	27.010550	-0.058673	-1025001.000000	0.000000	0.000000	0.000000	12.795280	-1.100738	12.747845	1.000000	2.110978	1543393485.074448	2.110978
-0.273714	-0.035252	0.256019	12.795469	-1.103434	12.747802	26.909105	-0.058618	-1025001.000000	0.000000	0.000000	0.000000	12.795469	-1.103434	12.747802	1.000000	2.103018	1543393485.082450	2.103018
0.037805	0.030061	-0.191525	12.795448	-1.107331	12.747444	26.604841	-0.058355	-1025001.000000	0.000000	0.000000	0.000000	12.795448	-1.107331	12.747444	1.000000	2.079243	1543393485.106453	2.079243
0.046496	0.023934	0.224819	12.796402	-1.108437	12.748305	26.402030	-0.058148	-1025001.000000	0.000000	0.000000	0.000000	12.796402	-1.108437	12.748305	1.000000	2.063239	1543393485.122454	2.063239
0.151158	-0.102701	0.722185	12.796248	-1.106371	12.748330	26.199278	-0.057956	-1025001.000000	0.000000	0.000000	0.000000	12.796248	-1.106371	12.748330	1.000000	2.047419	1543393485.138452	2.047419
0.045836	-0.180057	0.145542	12.794611	-1.106555	12.746670	25.996565	-0.057774	-1025001.000000	0.000000	0.000000	0.000000	12.794611	-1.106555	12.746670	1.000000	2.031837	1543393485.154451	2.031837
0.011322	-0.113235	0.375987	12.794185	-1.106931	12.746210	25.895247	-0.057681	-1025001.000000	0.000000	0.000000	0.000000	12.794185	-1.106931	12.746210	1.000000	2.023986	1543393485.162449	2.023986
0.143230	-0.146709	-0.130607	12.795058	-1.107581	12.747030	25.399781	-0.057268	-1025001.000000	0.000000	0.000000	0.000000	12.795058	-1.107581	12.747030	1.000000	1.985124	1543393485.194452	1.985124
0.045242	-0.013737	0.111399	12.795422	-1.107739	12.747382	25.298450	-0.057244	-1025001.000000	0.000000	0.000000	0.000000	12.795422	-1.107739	12.747382	1.000000	1.977149	1543393485.202453	1.977149
-0.149707	-0.011521	-0.103515	12.795685	-1.108672	12.747564	24.893287	-0.057137	-1025001.000000	0.000000	0.000000	0.000000	12.795685	-1.108672	12.747564	1.000000	1.945444	1543393485.234450	1.945444
-0.091249	0.064551	0.425501	12.796678	-1.109994	12.748447	24.792042	-0.057100	-1025001.000000	0.000000	0.000000	0.000000	12.796678	-1.109994	12.748447	1.000000	1.937381	1543393485.242447	1.937381
-0.083365	-0.153553	-0.085734	12.795914	-1.111059	12.747586	24.690789	-0.057055	-1025001.000000	0.000000	0.000000	0.000000	12.795914	-1.111059	12.747586	1.000000	1.929584	1543393485.250445	1.929584
-0.143902	-0.124157	-0.144341	12.794672	-1.115572	12.745945	24.387023	-0.056847	-1025001.000000	0.000000	0.000000	0.000000	12.794672	-1.115572	12.745945	1.000000	1.906030	1543393485.274445	1.906030
-0.230721	-0.070706	0.399809	12.794580	-1.117903	12.745649	24.285789	-0.056750	-1025001.000000	0.000000	0.000000	0.000000	12.794580	-1.117903	12.745649	1.000000	1.898131	1543393485.282445	1.898131
-0.148920	-0.101409	-0.177367	12.794225	-1.119520	12.745151	24.184549	-0.056637	-1025001.000000	0.000000	0.000000	0.000000	12.794225	-1.119520	12.745151	1.000000	1.890271	1543393485.290446	1.890271
-0.155160	0.019999	-0.148758	12.791903	-1.126338	12.742219	24.083827	-0.055094	-1025001.000000	0.000000	0.000000	0.000000	12.791903	-1.126338	12.742219	1.000000	1.882740	1543393485.298448	1.882740
-0.070815	0.016683	-0.041245	12.793421	-1.128614	12.743541	23.881533	-0.054393	-1025001.000000	0.000000	0.000000	0.000000	12.793421	-1.128614	12.743541	1.000000	1.866704	1543393485.314451	1.866704
-0.099633	-0.050338	0.454453	12.793499	-1.129919	12.743504	23.780472	-0.054030	-1025001.000000	0.000000	0.000000	0.000000	12.793499	-1.129919	12.743504	1.000000	1.858794	1543393485.322446	1.858794
-0.009036	-0.172324	0.323260	12.792595	-1.130405	12.742554	23.679324	-0.053658	-1025001.000000	0.000000	0.000000	0.000000	12.792595	-1.130405	12.742554	1.000000	1.851018	1543393485.330449	1.851018
-0.068857	0.054841	-0.415273	12.792948	-1.133591	12.742625	23.376057	-0.052499	-1025001.000000	0.000000	0.000000	0.000000	12.792948	-1.133591	12.742625	1.000000	1.827261	1543393485.354450	1.827261
0.057197	0.077767	-0.423115	12.794028	-1.133677	12.743702	23.274981	-0.052100	-1025001.000000	0.000000	0.000000	0.000000	12.794028	-1.133677	12.743702	1.000000	1.819207	1543393485.362450	1.819207
0.108850	-0.106464	0.050959	12.794236	-1.132794	12.743989	23.218468	-0.051310	-1025001.000000	0.000000	0.000000	0.000000	12.794236	-1.132794	12.743989	1.000000	1.814760	1543393485.378449	1.814760
-0.141671	-0.121099	-0.097581	12.793750	-1.134719	12.743330	23.016455	-0.050516	-1025001.000000	0.000000	0.000000	0.000000	12.793750	-1.134719	12.743330	1.000000	1.799039	1543393485.394446	1.799039
-0.051067	-0.138713	-0.183847	12.793103	-1.135526	12.742609	22.915423	-0.050105	-1025001.000000	0.000000	0.000000	0.000000	12.793103	-1.135526	12.742609	1.000000	1.791233	1543393485.402448	1.791233
0.091444	0.012566	-0.155763	12.793671	-1.135313	12.743197	22.814391	-0.049691	-1025001.000000	0.000000	0.000000	0.000000	12.793671	-1.135313	12.743197	1.000000	1.783256	1543393485.410451	1.783256
0.126020	0.071199	-0.100389	12.794713	-1.134875	12.744283	22.713403	-0.049161	-1025001.000000	0.000000	0.000000	0.000000	12.794713	-1.134875	12.744283	1.000000	1.775218	1543393485.418455	1.775218
0.059027	-0.078134	-0.123211	12.794820	-1.135184	12.744363	22.511586	-0.048101	-1025001.000000	0.000000	0.000000	0.000000	12.794820	-1.135184	12.744363	1.000000	1.759430	1543393485.434452	1.759430
0.198594	-0.020539	0.139895	12.795138	-1.134117	12.744776	22.410666	-0.047575	-1025001.000000	0.000000	0.000000	0.000000	12.795138	-1.134117	12.744776	1.000000	1.751499	1543393485.442453	1.751499
0.188416	-0.136148	0.160031	12.794527	-1.133049	12.744259	22.309845	-0.047058	-1025001.000000	0.000000	0.000000	0.000000	12.794527	-1.133049	12.744259	1.000000	1.743702	1543393485.450447	1.743702
0.187303	-0.017540	-0.179886	12.795643	-1.130718	12.745586	21.831209	-0.045543	-1025001.000000	0.000000	0.000000	0.000000	12.795643	-1.130718	12.745586	1.000000	1.706144	1543393485.474454	1.706144
0.098083	0.086399	-0.076895	12.796805	-1.130513	12.746770	21.730369	-0.045050	-1025001.000000	0.000000	0.000000	0.000000	12.796805	-1.130513	12.746770	1.000000	1.698109	1543393485.482452	1.698109
0.045052	-0.053932	-0.121024	12.797346	-1.130853	12.747283	21.528634	-0.044064	-1025001.000000	0.000000	0.000000	0.000000	12.797346	-1.130853	12.747283	1.000000	1.682273	1543393485.498454	1.682273
0.144793	-0.139693	-0.176610	12.796556	-1.130053	12.746561	21.327047	-0.043080	-1025001.000000	0.000000	0.000000	0.000000	12.796556	-1.130053	12.746561	1.000000	1.666624	1543393485.514449	1.666624
0.124530	-0.007299	0.221922	12.799217	-1.131135	12.749137	21.226343	-0.041712	-1025001.000000	0.000000	0.000000	0.000000	12.799217	-1.131135	12.749137	1.000000	1.658409	1543393485.522451	1.658409
0.089264	-0.006215	-0.298601	12.799630	-1.130910	12.749572	21.125460	-0.041198	-1025001.000000	0.000000	0.000000	0.000000	12.799630	-1.130910	12.749572	1.000000	1.650474	1543393485.530451	1.650474
0.057420	-0.062907	-0.277347	12.799594	-1.130899	12.749536	21.024628	-0.040684	-1025001.000000	0.000000	0.000000	0.000000	12.799594	-1.130899	12.749536	1.000000	1.642601	1543393485.538448	1.642601
-0.221246	-0.043826	-0.002609	12.800299	-1.135097	12.749871	20.822922	-0.039625	-1025001.000000	0.000000	0.000000	0.000000	12.800299	-1.135097	12.749871	1.000000	1.626753	1543393485.554448	1.626753
-0.034345	-0.148078	0.252852	12.799596	-1.135800	12.749103	20.770113	-0.039075	-1025001.000000	0.000000	0.000000	0.000000	12.799596	-1.135800	12.749103	1.000000	1.622716	1543393485.562451	1.622716
-0.106141	-0.128873	0.594646	12.799053	-1.137118	12.748440	20.669381	-0.038517	-1025001.000000	0.000000	0.000000	0.000000	12.799053	-1.137118	12.748440	1.000000	1.614915	1543393485.570443	1.614915
-0.077521	-0.029301	0.224542	12.798727	-1.140304	12.747828	20.366888	-0.036784	-1025001.000000	0.000000	0.000000	0.000000	12.798727	-1.140304	12.747828	1.000000	1.591321	1543393485.594450	1.591321
-0.073743	0.010904	0.236112	12.799866	-1.142619	12.748764	20.165309	-0.035586	-1025001.000000	0.000000	0.000000	0.000000	12.799866	-1.142619	12.748764	1.000000	1.575431	1543393485.610453	1.575431
-0.000707	-0.034457	0.105503	12.800065	-1.143130	12.748918	20.064552	-0.034977	-1025001.000000	0.000000	0.000000	0.000000	12.800065	-1.143130	12.748918	1.000000	1.567535	1543393485.618453	1.567535
0.192977	-0.102005	0.633871	12.798959	-1.141682	12.747937	19.863140	-0.033762	-1025001.000000	0.000000	0.000000	0.000000	12.798959	-1.141682	12.747937	1.000000	1.551934	1543393485.634450	1.551934
0.343600	-0.119727	0.047126	12.798477	-1.139382	12.747659	19.762472	-0.033171	-1025001.000000	0.000000	0.000000	0.000000	12.798477	-1.139382	12.747659	1.000000	1.544127	1543393485.642448	1.544127
0.233565	-0.161709	0.122248	12.797661	-1.137935	12.746969	19.661790	-0.032594	-1025001.000000	0.000000	0.000000	0.000000	12.797661	-1.137935	12.746969	1.000000	1.536358	1543393485.650449	1.536358
0.180755	0.045496	0.331569	12.799182	-1.135974	12.748672	19.345549	-0.030902	-1025001.000000	0.000000	0.000000	0.000000	12.799182	-1.135974	12.748672	1.000000	1.511468	1543393485.674450	1.511468
0.345573	-0.073936	-0.026444	12.799066	-1.133686	12.748758	19.244944	-0.030356	-1025001.000000	0.000000	0.000000	0.000000	12.799066	-1.133686	12.748758	1.000000	1.503621	1543393485.682449	1.503621
0.496401	-0.025449	0.062919	12.799346	-1.130236	12.749346	19.144328	-0.029834	-1025001.000000	0.000000	0.000000	0.000000	12.799346	-1.130236	12.749346	1.000000	1.495727	1543393485.690451	1.495727
0.350831	0.030259	0.168204	12.800067	-1.127995	12.750268	19.043727	-0.029500	-1025001.000000	0.000000	0.000000	0.000000	12.800067	-1.127995	12.750268	1.000000	1.487783	1543393485.698448	1.487783
0.137828	-0.026314	0.063150	12.799553	-1.126434	12.749891	18.842527	-0.028865	-1025001.000000	0.000000	0.000000	0.000000	12.799553	-1.126434	12.749891	1.000000	1.472124	1543393485.714447	1.472124
0.128380	-0.106232	0.204197	12.798874	-1.124921	12.749343	18.641432	-0.028254	-1025001.000000	0.000000	0.000000	0.000000	12.798874	-1.124921	12.749343	1.000000	1.456490	1543393485.730445	1.456490
0.019551	-0.003508	0.364002	12.799323	-1.125307	12.749759	18.540865	-0.027952	-1025001.000000	0.000000	0.000000	0.000000	12.799323	-1.125307	12.749759	1.000000	1.448582	1543393485.738448	1.448582
-0.167723	-0.161611	0.508257	12.798388	-1.127973	12.748585	18.339918	-0.027328	-1025001.000000	0.000000	0.000000	0.000000	12.798388	-1.127973	12.748585	1.000000	1.432987	1543393485.754444	1.432987
-0.068583	-0.261757	0.356195	12.796767	-1.128877	12.746877	18.239433	-0.026998	-1025001.000000	0.000000	0.000000	0.000000	12.796767	-1.128877	12.746877	1.000000	1.425316	1543393485.762446	1.425316
-0.214305	-0.061245	0.447330	12.796480	-1.132772	12.746243	18.038625	-0.026302	-1025001.000000	0.000000	0.000000	0.000000	12.796480	-1.132772	12.746243	1.000000	1.409655	1543393485.778443	1.409655
0.156529	0.103942	0.245808	12.798205	-1.132271	12.748019	17.837746	-0.025573	-1025001.000000	0.000000	0.000000	0.000000	12.798205	-1.132271	12.748019	1.000000	1.393769	1543393485.794452	1.393769
0.171784	-0.021315	0.075544	12.798502	-1.131414	12.748394	17.737437	-0.025217	-1025001.000000	0.000000	0.000000	0.000000	12.798502	-1.131414	12.748394	1.000000	1.385899	1543393485.802448	1.385899
0.194347	-0.094517	0.041335	12.798802	-1.136606	12.748234	17.637088	-0.023212	-1025001.000000	0.000000	0.000000	0.000000	12.798802	-1.136606	12.748234	1.000000	1.378026	1543393485.810447	1.378026
0.123995	-0.070932	-0.205482	12.798690	-1.136067	12.748169	17.536675	-0.022615	-1025001.000000	0.000000	0.000000	0.000000	12.798690	-1.136067	12.748169	1.000000	1.370193	1543393485.818449	1.370193
0.264544	-0.059723	-0.046810	12.798909	-1.133417	12.748625	17.335976	-0.021446	-1025001.000000	0.000000	0.000000	0.000000	12.798909	-1.133417	12.748625	1.000000	1.354489	1543393485.834449	1.354489
0.213510	-0.079521	-0.324090	12.798724	-1.132150	12.748552	17.235693	-0.020879	-1025001.000000	0.000000	0.000000	0.000000	12.798724	-1.132150	12.748552	1.000000	1.346673	1543393485.842447	1.346673
0.320340	0.002238	-0.413101	12.799971	-1.129274	12.750059	17.035136	-0.019773	-1025001.000000	0.000000	0.000000	0.000000	12.799971	-1.129274	12.750059	1.000000	1.330873	1543393485.858448	1.330873
0.373654	0.127140	-0.426871	12.801910	-1.123405	12.752524	16.834669	-0.018748	-1025001.000000	0.000000	0.000000	0.000000	12.801910	-1.123405	12.752524	1.000000	1.315012	1543393485.874450	1.315012
0.354835	0.010697	-0.231083	12.802456	-1.121084	12.753276	16.734520	-0.018267	-1025001.000000	0.000000	0.000000	0.000000	12.802456	-1.121084	12.753276	1.000000	1.307134	1543393485.882447	1.307134
0.493279	-0.108523	-0.353762	12.802044	-1.117561	12.753172	16.634392	-0.017810	-1025001.000000	0.000000	0.000000	0.000000	12.802044	-1.117561	12.753172	1.000000	1.299354	1543393485.890445	1.299354
0.305075	0.007197	-0.232423	12.802563	-1.115630	12.753862	16.534273	-0.017375	-1025001.000000	0.000000	0.000000	0.000000	12.802563	-1.115630	12.753862	1.000000	1.291481	1543393485.898445	1.291481
0.164457	0.058901	-0.541569	12.804267	-1.114652	12.755657	16.334056	-0.016527	-1025001.000000	0.000000	0.000000	0.000000	12.804267	-1.114652	12.755657	1.000000	1.275673	1543393485.914449	1.275673
0.106180	0.078593	-0.679323	12.805329	-1.114321	12.756753	16.234078	-0.016131	-1025001.000000	0.000000	0.000000	0.000000	12.805329	-1.114321	12.756753	1.000000	1.267759	1543393485.922449	1.267759
0.023851	-0.017786	-0.450321	12.805633	-1.114596	12.757034	16.134127	-0.015736	-1025001.000000	0.000000	0.000000	0.000000	12.805633	-1.114596	12.757034	1.000000	1.259924	1543393485.930449	1.259924
0.126721	-0.046809	-0.363464	12.805710	-1.114037	12.757160	16.034243	-0.015342	-1025001.000000	0.000000	0.000000	0.000000	12.805710	-1.114037	12.757160	1.000000	1.252117	1543393485.938446	1.252117
0.156101	0.004298	-0.484916	12.806299	-1.112096	12.757921	15.834512	-0.014576	-1025001.000000	0.000000	0.000000	0.000000	12.806299	-1.112096	12.757921	1.000000	1.236463	1543393485.954445	1.236463
0.082996	0.172118	-0.596192	12.809138	-1.111588	12.760815	15.634801	-0.013832	-1025001.000000	0.000000	0.000000	0.000000	12.809138	-1.111588	12.760815	1.000000	1.220597	1543393485.970451	1.220597
0.029444	0.044463	-0.556146	12.809940	-1.111852	12.761597	15.535021	-0.013462	-1025001.000000	0.000000	0.000000	0.000000	12.809940	-1.111852	12.761597	1.000000	1.212732	1543393485.978451	1.212732
0.104785	-0.026438	-0.526694	12.811325	-1.111411	12.763025	15.235867	-0.012351	-1025001.000000	0.000000	0.000000	0.000000	12.811325	-1.111411	12.763025	1.000000	1.189250	1543393486.002451	1.189250
0.254351	0.108388	-0.650177	12.816750	-1.111714	12.768444	15.036566	-0.010673	-1025001.000000	0.000000	0.000000	0.000000	12.816750	-1.111714	12.768444	1.000000	1.173197	1543393486.018451	1.173197
0.259301	-0.045584	-0.193549	12.818024	-1.107897	12.770055	14.837173	-0.009912	-1025001.000000	0.000000	0.000000	0.000000	12.818024	-1.107897	12.770055	1.000000	1.157524	1543393486.034450	1.157524
0.182121	-0.023417	-0.157443	12.818313	-1.106935	12.770428	14.737545	-0.009550	-1025001.000000	0.000000	0.000000	0.000000	12.818313	-1.106935	12.770428	1.000000	1.149726	1543393486.042449	1.149726
0.260905	-0.015176	-0.231112	12.818664	-1.105343	12.770919	14.637946	-0.009199	-1025001.000000	0.000000	0.000000	0.000000	12.818664	-1.105343	12.770919	1.000000	1.141924	1543393486.050449	1.141924
0.388437	-0.059782	-0.299744	12.818662	-1.102701	12.771145	14.605317	-0.008864	-1025001.000000	0.000000	0.000000	0.000000	12.818662	-1.102701	12.771145	1.000000	1.139379	1543393486.058450	1.139379
0.253642	-0.031966	0.511533	12.819367	-1.098078	12.772251	14.406362	-0.008261	-1025001.000000	0.000000	0.000000	0.000000	12.819367	-1.098078	12.772251	1.000000	1.123797	1543393486.074447	1.123797
0.169751	-0.210150	0.451431	12.818185	-1.097132	12.771146	14.306913	-0.007978	-1025001.000000	0.000000	0.000000	0.000000	12.818185	-1.097132	12.771146	1.000000	1.116142	1543393486.082449	1.116142
0.190696	0.050700	0.504393	12.818668	-1.093654	12.771929	14.108225	-0.007454	-1025001.000000	0.000000	0.000000	0.000000	12.818668	-1.093654	12.771929	1.000000	1.100600	1543393486.098449	1.100600
0.045584	-0.081511	0.735847	12.818271	-1.094538	12.771455	13.909738	-0.006942	-1025001.000000	0.000000	0.000000	0.000000	12.818271	-1.094538	12.771455	1.000000	1.085149	1543393486.114448	1.085149
0.168457	-0.175584	0.347586	12.817355	-1.093619	12.770614	13.810593	-0.006686	-1025001.000000	0.000000	0.000000	0.000000	12.817355	-1.093619	12.770614	1.000000	1.077492	1543393486.122446	1.077492
0.156164	-0.031162	0.590713	12.816916	-1.092095	12.770304	13.612389	-0.006195	-1025001.000000	0.000000	0.000000	0.000000	12.816916	-1.092095	12.770304	1.000000	1.062064	1543393486.138449	1.062064
0.053917	-0.029056	0.270344	12.817246	-1.092820	12.770573	13.315541	-0.005468	-1025001.000000	0.000000	0.000000	0.000000	12.817246	-1.092820	12.770573	1.000000	1.038877	1543393486.162449	1.038877
0.088986	-0.067435	0.622382	12.817198	-1.092639	12.770541	13.251257	-0.005224	-1025001.000000	0.000000	0.000000	0.000000	12.817198	-1.092639	12.770541	1.000000	1.033865	1543393486.170447	1.033865
0.068912	-0.205184	0.838149	12.816047	-1.092541	12.769394	13.152475	-0.004979	-1025001.000000	0.000000	0.000000	0.000000	12.816047	-1.092541	12.769394	1.000000	1.026251	1543393486.178450	1.026251
0.283358	-0.103026	0.934712	12.814914	-1.089792	12.768492	12.955240	-0.004510	-1025001.000000	0.000000	0.000000	0.000000	12.814914	-1.089792	12.768492	1.000000	1.010950	1543393486.194446	1.010950
0.166123	-0.159992	0.667285	12.814120	-1.088933	12.767767	12.856703	-0.004290	-1025001.000000	0.000000	0.000000	0.000000	12.814120	-1.088933	12.767767	1.000000	1.003323	1543393486.202446	1.003323
0.175977	-0.089331	0.664930	12.813373	-1.088068	12.767092	12.659957	-0.004268	-1025001.000000	0.000000	0.000000	0.000000	12.813373	-1.088068	12.767092	1.000000	0.988027	1543393486.218449	0.988027
0.107016	-0.107785	0.332593	12.812988	-1.087689	12.766737	12.561724	-0.004263	-1025001.000000	0.000000	0.000000	0.000000	12.812988	-1.087689	12.766737	1.000000	0.980390	1543393486.226448	0.980390
0.410807	-0.028905	0.452519	12.813193	-1.083807	12.767274	12.365428	-0.004282	-1025001.000000	0.000000	0.000000	0.000000	12.813193	-1.083807	12.767274	1.000000	0.965054	1543393486.242450	0.965054
0.314876	-0.158245	0.261220	12.812406	-1.081731	12.766660	12.267458	-0.004318	-1025001.000000	0.000000	0.000000	0.000000	12.812406	-1.081731	12.766660	1.000000	0.957467	1543393486.250446	0.957467
0.220144	-0.041147	0.420491	12.811697	-1.078173	12.766250	12.071692	-0.004438	-1025001.000000	0.000000	0.000000	0.000000	12.811697	-1.078173	12.766250	1.000000	0.942240	1543393486.266445	0.942240
0.244189	-0.021445	0.317250	12.812193	-1.076182	12.766915	11.876199	-0.004596	-1025001.000000	0.000000	0.000000	0.000000	12.812193	-1.076182	12.766915	1.000000	0.926945	1543393486.282448	0.926945
0.189042	-0.018423	0.006205	12.812516	-1.075180	12.767323	11.778596	-0.004688	-1025001.000000	0.000000	0.000000	0.000000	12.812516	-1.075180	12.767323	1.000000	0.919304	1543393486.290448	0.919304
0.179599	-0.099296	-0.171987	12.825323	-1.077362	12.779993	11.483640	-0.003306	-1025001.000000	0.000000	0.000000	0.000000	12.825323	-1.077362	12.779993	1.000000	0.895388	1543393486.314447	0.895388
0.133637	-0.026818	-0.243677	12.825573	-1.076772	12.780292	11.385810	-0.003266	-1025001.000000	0.000000	0.000000	0.000000	12.825573	-1.076772	12.780292	1.000000	0.887743	1543393486.322448	0.887743
0.045485	0.018217	-0.427924	12.826662	-1.076212	12.781433	11.190456	-0.003199	-1025001.000000	0.000000	0.000000	0.000000	12.826662	-1.076212	12.781433	1.000000	0.872437	1543393486.338448	0.872437
0.218908	-0.045170	-0.201839	12.827196	-1.074428	12.782119	10.995504	-0.003146	-1025001.000000	0.000000	0.000000	0.000000	12.827196	-1.074428	12.782119	1.000000	0.857202	1543393486.354447	0.857202
0.259612	-0.086011	0.238217	12.826661	-1.071319	12.781843	10.703876	-0.003121	-1025001.000000	0.000000	0.000000	0.000000	12.826661	-1.071319	12.781843	1.000000	0.834502	1543393486.378446	0.834502
0.102444	-0.009988	-0.088092	12.827007	-1.070592	12.782251	10.510007	-0.003141	-1025001.000000	0.000000	0.000000	0.000000	12.827007	-1.070592	12.782251	1.000000	0.819366	1543393486.394448	0.819366
0.108075	0.011136	-0.207660	12.827562	-1.070232	12.782839	10.413250	-0.003155	-1025001.000000	0.000000	0.000000	0.000000	12.827562	-1.070232	12.782839	1.000000	0.811787	1543393486.402449	0.811787
0.034370	-0.011281	-0.221375	12.827938	-1.070446	12.783197	10.316562	-0.003171	-1025001.000000	0.000000	0.000000	0.000000	12.827938	-1.070446	12.783197	1.000000	0.804226	1543393486.410454	0.804226
0.138008	-0.046895	-0.478366	12.828021	-1.069786	12.783336	10.220211	-0.003220	-1025001.000000	0.000000	0.000000	0.000000	12.828021	-1.069786	12.783336	1.000000	0.796710	1543393486.418450	0.796710
0.204118	-0.039852	-0.282181	12.828625	-1.067360	12.784145	10.027819	-0.003345	-1025001.000000	0.000000	0.000000	0.000000	12.828625	-1.067360	12.784145	1.000000	0.781675	1543393486.434450	0.781675
0.307594	-0.096892	-0.294785	12.828321	-1.065333	12.784009	9.931856	-0.003425	-1025001.000000	0.000000	0.000000	0.000000	12.828321	-1.065333	12.784009	1.000000	0.774213	1543393486.442448	0.774213
0.283980	0.001340	-0.136009	12.828808	-1.063573	12.784644	9.835956	-0.003520	-1025001.000000	0.000000	0.000000	0.000000	12.828808	-1.063573	12.784644	1.000000	0.766709	1543393486.450453	0.766709
0.266947	0.020844	-0.111900	12.829450	-1.061966	12.785422	9.740290	-0.003630	-1025001.000000	0.000000	0.000000	0.000000	12.829450	-1.061966	12.785422	1.000000	0.759213	1543393486.458451	0.759213
0.103686	-0.082297	0.186514	12.828852	-1.059783	12.785003	9.454162	-0.004012	-1025001.000000	0.000000	0.000000	0.000000	12.828852	-1.059783	12.785003	1.000000	0.736945	1543393486.482451	0.736945
0.166485	-0.095486	-0.105858	12.828815	-1.058046	12.785110	9.225030	-0.004291	-1025001.000000	0.000000	0.000000	0.000000	12.828815	-1.058046	12.785110	1.000000	0.719087	1543393486.498449	0.719087
0.231741	-0.076038	-0.173643	12.828867	-1.055356	12.785384	9.036182	-0.004607	-1025001.000000	0.000000	0.000000	0.000000	12.828867	-1.055356	12.785384	1.000000	0.704363	1543393486.514451	0.704363
0.069514	-0.074041	-0.146058	12.825451	-1.059056	12.781651	8.941957	-0.003646	-1025001.000000	0.000000	0.000000	0.000000	12.825451	-1.059056	12.781651	1.000000	0.697204	1543393486.522454	0.697204
0.152336	-0.040463	-0.077000	12.826018	-1.058150	12.782295	8.754417	-0.003739	-1025001.000000	0.000000	0.000000	0.000000	12.826018	-1.058150	12.782295	1.000000	0.682551	1543393486.538452	0.682551
0.102932	-0.136576	0.187376	12.825352	-1.057193	12.781705	8.567733	-0.003850	-1025001.000000	0.000000	0.000000	0.000000	12.825352	-1.057193	12.781705	1.000000	0.668031	1543393486.554449	0.668031
0.063100	-0.121484	0.193226	12.824856	-1.057145	12.781212	8.474726	-0.003909	-1025001.000000	0.000000	0.000000	0.000000	12.824856	-1.057145	12.781212	1.000000	0.660805	1543393486.562448	0.660805
0.097603	-0.094833	0.341646	12.824576	-1.056854	12.780955	8.428489	-0.003969	-1025001.000000	0.000000	0.000000	0.000000	12.824576	-1.056854	12.780955	1.000000	0.657214	1543393486.570449	0.657214
0.204144	0.008031	0.233502	12.824522	-1.055087	12.781047	8.150748	-0.004167	-1025001.000000	0.000000	0.000000	0.000000	12.824522	-1.055087	12.781047	1.000000	0.635560	1543393486.594450	0.635560
0.103091	-0.248206	0.335759	12.822684	-1.053397	12.779341	7.966893	-0.004333	-1025001.000000	0.000000	0.000000	0.000000	12.822684	-1.053397	12.779341	1.000000	0.621312	1543393486.610449	0.621312
0.016180	-0.199005	0.158735	12.821563	-1.053666	12.778195	7.875383	-0.004419	-1025001.000000	0.000000	0.000000	0.000000	12.821563	-1.053666	12.778195	1.000000	0.614230	1543393486.618449	0.614230
0.091922	-0.075508	0.189912	12.821566	-1.053767	12.778189	7.693228	-0.004585	-1025001.000000	0.000000	0.000000	0.000000	12.821566	-1.053767	12.778189	1.000000	0.600023	1543393486.634449	0.600023
0.135420	-0.011288	0.659101	12.821442	-1.052251	12.778190	7.512306	-0.004766	-1025001.000000	0.000000	0.000000	0.000000	12.821442	-1.052251	12.778190	1.000000	0.585917	1543393486.650449	0.585917
0.024952	-0.081643	0.112390	12.821258	-1.052522	12.777983	7.460565	-0.004861	-1025001.000000	0.000000	0.000000	0.000000	12.821258	-1.052522	12.777983	1.000000	0.581890	1543393486.658446	0.581890
0.042629	-0.071096	-0.142947	12.820574	-1.053220	12.777239	7.281540	-0.005040	-1025001.000000	0.000000	0.000000	0.000000	12.820574	-1.053220	12.777239	1.000000	0.567957	1543393486.674447	0.567957
0.064227	0.084834	-0.277913	12.821712	-1.053257	12.778378	7.192512	-0.005127	-1025001.000000	0.000000	0.000000	0.000000	12.821712	-1.053257	12.778378	1.000000	0.560963	1543393486.682452	0.560963
0.152352	0.042969	-0.202760	12.822517	-1.052570	12.779242	7.103932	-0.005218	-1025001.000000	0.000000	0.000000	0.000000	12.822517	-1.052570	12.779242	1.000000	0.554020	1543393486.690450	0.554020
0.325943	-0.261098	-0.519377	12.820883	-1.050264	12.777793	7.016210	-0.005452	-1025001.000000	0.000000	0.000000	0.000000	12.820883	-1.050264	12.777793	1.000000	0.547249	1543393486.698447	0.547249
0.218822	0.015640	-0.616381	12.820769	-1.046964	12.777949	6.841935	-0.005965	-1025001.000000	0.000000	0.000000	0.000000	12.820769	-1.046964	12.777949	1.000000	0.533660	1543393486.714450	0.533660
0.200064	-0.030801	-0.572720	12.820978	-1.045805	12.778254	6.755508	-0.006238	-1025001.000000	0.000000	0.000000	0.000000	12.820978	-1.045805	12.778254	1.000000	0.526910	1543393486.722446	0.526910
0.205738	0.054148	-0.064133	12.821887	-1.044703	12.779256	6.669416	-0.006521	-1025001.000000	0.000000	0.000000	0.000000	12.821887	-1.044703	12.779256	1.000000	0.520159	1543393486.730453	0.520159
0.151062	-0.058777	-0.305507	12.821881	-1.043936	12.779312	6.583904	-0.006811	-1025001.000000	0.000000	0.000000	0.000000	12.821881	-1.043936	12.779312	1.000000	0.513490	1543393486.738450	0.513490
-0.645309	-0.048470	-0.179589	12.822584	-1.056387	12.778995	6.330260	-0.007571	-1025001.000000	0.000000	0.000000	0.000000	12.822584	-1.056387	12.778995	1.000000	0.493681	1543393486.762446	0.493681
-0.510217	-0.131169	-0.031319	12.821993	-1.060882	12.778029	6.264810	-0.007747	-1025001.000000	0.000000	0.000000	0.000000	12.821993	-1.060882	12.778029	1.000000	0.488599	1543393486.770446	0.488599
-0.337678	-0.003800	-0.711520	12.822398	-1.064025	12.778175	6.181789	-0.007892	-1025001.000000	0.000000	0.000000	0.000000	12.822398	-1.064025	12.778175	1.000000	0.482109	1543393486.778447	0.482109
0.338911	-0.110187	-0.413542	12.822595	-1.062403	12.778507	6.017480	-0.008159	-1025001.000000	0.000000	0.000000	0.000000	12.822595	-1.062403	12.778507	1.000000	0.469287	1543393486.794453	0.469287
0.421688	0.017334	-0.678636	12.820272	-1.071406	12.775424	5.935296	-0.005821	-1025001.000000	0.000000	0.000000	0.000000	12.820272	-1.071406	12.775424	1.000000	0.462962	1543393486.802453	0.462962
0.555253	0.177661	-0.488199	12.822157	-1.067584	12.777636	5.854559	-0.005480	-1025001.000000	0.000000	0.000000	0.000000	12.822157	-1.067584	12.777636	1.000000	0.456597	1543393486.810453	0.456597
0.392113	0.006876	0.249878	12.820912	-1.055809	12.777365	5.616724	-0.004669	-1025001.000000	0.000000	0.000000	0.000000	12.820912	-1.055809	12.777365	1.000000	0.438091	1543393486.834452	0.438091
0.667666	-0.111941	0.330146	12.820512	-1.050965	12.777363	5.539003	-0.004457	-1025001.000000	0.000000	0.000000	0.000000	12.820512	-1.050965	12.777363	1.000000	0.432042	1543393486.842451	0.432042
0.730715	-0.135327	0.325367	12.819925	-1.045596	12.777214	5.462118	-0.004286	-1025001.000000	0.000000	0.000000	0.000000	12.819925	-1.045596	12.777214	1.000000	0.426065	1543393486.850451	0.426065
0.110971	-0.103873	-0.344666	12.820589	-1.035781	12.778680	5.159778	-0.003995	-1025001.000000	0.000000	0.000000	0.000000	12.820589	-1.035781	12.778680	1.000000	0.402460	1543393486.874447	0.402460
-0.179828	-0.059775	-0.627900	12.820558	-1.037632	12.778498	5.086611	-0.003917	-1025001.000000	0.000000	0.000000	0.000000	12.820558	-1.037632	12.778498	1.000000	0.396754	1543393486.882448	0.396754
-0.342747	-0.032981	-0.307279	12.820751	-1.040832	12.778432	5.014448	-0.003819	-1025001.000000	0.000000	0.000000	0.000000	12.820751	-1.040832	12.778432	1.000000	0.391120	1543393486.890449	0.391120
-0.434610	-0.061184	0.057029	12.820727	-1.044775	12.778086	4.943349	-0.003692	-1025001.000000	0.000000	0.000000	0.000000	12.820727	-1.044775	12.778086	1.000000	0.385575	1543393486.898448	0.385575
-0.287374	-0.144820	0.612351	12.820133	-1.050469	12.777024	4.804475	-0.003359	-1025001.000000	0.000000	0.000000	0.000000	12.820133	-1.050469	12.777024	1.000000	0.374760	1543393486.914446	0.374760
-0.309521	-0.340889	0.867500	12.815335	-1.055654	12.771781	4.670397	-0.003123	-1025001.000000	0.000000	0.000000	0.000000	12.815335	-1.055654	12.771781	1.000000	0.364438	1543393486.930450	0.364438
-0.488250	-0.160593	1.290447	12.814545	-1.060064	12.770624	4.605332	-0.002964	-1025001.000000	0.000000	0.000000	0.000000	12.814545	-1.060064	12.770624	1.000000	0.359383	1543393486.938447	0.359383
-0.633518	-0.232136	0.927699	12.811510	-1.070641	12.766696	4.479276	-0.002524	-1025001.000000	0.000000	0.000000	0.000000	12.811510	-1.070641	12.766696	1.000000	0.349629	1543393486.954445	0.349629
-0.449139	0.013791	0.354968	12.812091	-1.074781	12.766931	4.418389	-0.002244	-1025001.000000	0.000000	0.000000	0.000000	12.812091	-1.074781	12.766931	1.000000	0.344861	1543393486.962447	0.344861
-0.164652	0.013697	-0.435880	12.812652	-1.076580	12.767342	4.417347	-0.001940	-1025001.000000	0.000000	0.000000	0.000000	12.812652	-1.076580	12.767342	1.000000	0.344764	1543393486.970449	0.344764
-0.070077	0.041155	-0.825041	12.813423	-1.077609	12.768029	4.359611	-0.001625	-1025001.000000	0.000000	0.000000	0.000000	12.813423	-1.077609	12.768029	1.000000	0.340238	1543393486.978454	0.340238
0.171374	-0.081912	0.004134	12.815090	-1.073255	12.770068	4.196776	-0.000725	-1025001.000000	0.000000	0.000000	0.000000	12.815090	-1.073255	12.770068	1.000000	0.327487	1543393487.002453	0.327487
0.306956	-0.239120	1.012588	12.813685	-1.071260	12.768826	4.146148	-0.000450	-1025001.000000	0.000000	0.000000	0.000000	12.813685	-1.071260	12.768826	1.000000	0.323572	1543393487.010454	0.323572
0.404169	-0.268128	1.556636	12.806870	-1.071607	12.761959	4.096684	0.001030	-1025001.000000	0.000000	0.000000	0.000000	12.806870	-1.071607	12.761959	1.000000	0.319882	1543393487.018450	0.319882
0.329004	-0.101184	0.665401	12.805462	-1.068433	12.760812	4.005386	0.001728	-1025001.000000	0.000000	0.000000	0.000000	12.805462	-1.068433	12.760812	1.000000	0.312787	1543393487.034448	0.312787
0.452339	-0.013521	-0.435294	12.804586	-1.061337	12.760524	3.922682	0.002337	-1025001.000000	0.000000	0.000000	0.000000	12.804586	-1.061337	12.760524	1.000000	0.306350	1543393487.050450	0.306350
0.233741	0.113534	-1.018925	12.805923	-1.059980	12.761979	3.884731	0.002610	-1025001.000000	0.000000	0.000000	0.000000	12.805923	-1.059980	12.761979	1.000000	0.303354	1543393487.058451	0.303354
0.108467	0.037352	-1.129842	12.806574	-1.059515	12.762670	3.754366	0.003140	-1025001.000000	0.000000	0.000000	0.000000	12.806574	-1.059515	12.762670	1.000000	0.293159	1543393487.074450	0.293159
-0.069007	0.188133	-1.138451	12.808503	-1.060612	12.764515	3.723188	0.003406	-1025001.000000	0.000000	0.000000	0.000000	12.808503	-1.060612	12.764515	1.000000	0.290681	1543393487.082451	0.290681
-0.275722	0.135337	-0.645869	12.810029	-1.063372	12.765817	3.694557	0.003686	-1025001.000000	0.000000	0.000000	0.000000	12.810029	-1.063372	12.765817	1.000000	0.288411	1543393487.090452	0.288411
-0.279335	0.070246	0.138225	12.811067	-1.066187	12.766624	3.668531	0.003988	-1025001.000000	0.000000	0.000000	0.000000	12.811067	-1.066187	12.766624	1.000000	0.286356	1543393487.098452	0.286356
0.016171	-0.201389	0.594090	12.808806	-1.069890	12.764046	3.606649	0.004991	-1025001.000000	0.000000	0.000000	0.000000	12.808806	-1.069890	12.764046	1.000000	0.281576	1543393487.122449	0.281576
-0.159192	-0.282413	0.455440	12.807027	-1.071516	12.762123	3.591593	0.005343	-1025001.000000	0.000000	0.000000	0.000000	12.807027	-1.071516	12.762123	1.000000	0.280439	1543393487.130446	0.280439
-0.130071	0.035267	-0.387823	12.804658	-1.072882	12.759631	3.563618	0.006426	-1025001.000000	0.000000	0.000000	0.000000	12.804658	-1.072882	12.759631	1.000000	0.278306	1543393487.154448	0.278306
0.070550	0.045347	-0.178455	12.806207	-1.073890	12.761101	3.559508	0.007179	-1025001.000000	0.000000	0.000000	0.000000	12.806207	-1.073890	12.761101	1.000000	0.277952	1543393487.170455	0.277952
0.186594	0.120601	0.063075	12.807646	-1.073014	12.762618	3.588762	0.007553	-1025001.000000	0.000000	0.000000	0.000000	12.807646	-1.073014	12.762618	1.000000	0.280205	1543393487.178452	0.280205
0.156709	0.051569	-0.097771	12.809780	-1.071180	12.764915	3.602156	0.008274	-1025001.000000	0.000000	0.000000	0.000000	12.809780	-1.071180	12.764915	1.000000	0.281204	1543393487.194455	0.281204
0.160119	-0.062561	-0.017369	12.809749	-1.070377	12.764951	3.613612	0.008196	-1025001.000000	0.000000	0.000000	0.000000	12.809749	-1.070377	12.764951	1.000000	0.282099	1543393487.202450	0.282099
-0.068832	-0.067532	0.093781	12.809893	-1.072078	12.764952	3.645056	0.008045	-1025001.000000	0.000000	0.000000	0.000000	12.809893	-1.072078	12.764952	1.000000	0.284550	1543393487.218454	0.284550
0.147471	-0.209333	-0.248685	12.808678	-1.071265	12.763801	3.664936	0.007974	-1025001.000000	0.000000	0.000000	0.000000	12.808678	-1.071265	12.763801	1.000000	0.286129	1543393487.226447	0.286129
0.150443	0.006837	-0.260846	12.808856	-1.069772	12.764105	3.712912	0.007814	-1025001.000000	0.000000	0.000000	0.000000	12.808856	-1.069772	12.764105	1.000000	0.289871	1543393487.242455	0.289871
0.190754	-0.122025	-0.520046	12.808334	-1.068651	12.763676	3.740855	0.007724	-1025001.000000	0.000000	0.000000	0.000000	12.808334	-1.068651	12.763676	1.000000	0.292064	1543393487.250452	0.292064
0.120198	-0.078788	-0.150614	12.808177	-1.068149	12.763559	3.771385	0.007627	-1025001.000000	0.000000	0.000000	0.000000	12.808177	-1.068149	12.763559	1.000000	0.294451	1543393487.258453	0.294451
-0.017310	0.070561	0.133486	12.809213	-1.068487	12.764571	3.866465	0.007324	-1025001.000000	0.000000	0.000000	0.000000	12.809213	-1.068487	12.764571	1.000000	0.301850	1543393487.282454	0.301850
0.132089	0.073419	0.329344	12.810289	-1.068025	12.765689	3.905641	0.007225	-1025001.000000	0.000000	0.000000	0.000000	12.810289	-1.068025	12.765689	1.000000	0.304883	1543393487.290455	0.304883
0.013352	-0.010836	0.476625	12.815289	-1.075157	12.770108	3.945509	0.008971	-1025001.000000	0.000000	0.000000	0.000000	12.815289	-1.075157	12.770108	1.000000	0.307875	1543393487.298456	0.307875
0.117841	-0.140369	0.027096	12.814856	-1.075812	12.769619	4.034642	0.009316	-1025001.000000	0.000000	0.000000	0.000000	12.814856	-1.075812	12.769619	1.000000	0.314841	1543393487.314454	0.314841
0.131693	-0.148837	-0.085946	12.814135	-1.075172	12.768949	4.082333	0.009487	-1025001.000000	0.000000	0.000000	0.000000	12.814135	-1.075172	12.768949	1.000000	0.318580	1543393487.322452	0.318580
0.126633	-0.082635	-0.074046	12.813660	-1.074802	12.768504	4.183659	0.009822	-1025001.000000	0.000000	0.000000	0.000000	12.813660	-1.074802	12.768504	1.000000	0.326500	1543393487.338454	0.326500
0.133353	0.010164	-0.292845	12.814206	-1.074243	12.769098	4.237120	0.009985	-1025001.000000	0.000000	0.000000	0.000000	12.814206	-1.074243	12.769098	1.000000	0.330658	1543393487.346452	0.330658
0.236629	-0.229361	0.292022	12.811872	-1.073038	12.766857	4.407968	0.010470	-1025001.000000	0.000000	0.000000	0.000000	12.811872	-1.073038	12.766857	1.000000	0.344053	1543393487.370453	0.344053
0.034328	0.003910	-0.084994	12.811558	-1.076474	12.766253	4.594167	0.010979	-1025001.000000	0.000000	0.000000	0.000000	12.811558	-1.076474	12.766253	1.000000	0.358596	1543393487.394454	0.358596
-0.033497	-0.031798	0.183524	12.811784	-1.077249	12.766414	4.658520	0.011162	-1025001.000000	0.000000	0.000000	0.000000	12.811784	-1.077249	12.766414	1.000000	0.363612	1543393487.402454	0.363612
0.037352	0.113956	0.184409	12.813171	-1.077558	12.767781	4.724174	0.011349	-1025001.000000	0.000000	0.000000	0.000000	12.813171	-1.077558	12.767781	1.000000	0.368697	1543393487.410448	0.368697
0.152762	0.039678	-0.268286	12.813955	-1.076867	12.768626	4.791363	0.011450	-1025001.000000	0.000000	0.000000	0.000000	12.813955	-1.076867	12.768626	1.000000	0.373918	1543393487.418452	0.373918
0.085387	-0.035643	0.149762	12.814031	-1.076401	12.768741	4.929356	0.011641	-1025001.000000	0.000000	0.000000	0.000000	12.814031	-1.076401	12.768741	1.000000	0.384684	1543393487.434452	0.384684
0.079223	-0.035423	0.005717	12.814222	-1.076264	12.768945	5.000096	0.011734	-1025001.000000	0.000000	0.000000	0.000000	12.814222	-1.076264	12.768945	1.000000	0.390199	1543393487.442453	0.390199
0.027111	-0.134840	0.643314	12.813638	-1.076517	12.768337	5.071928	0.011827	-1025001.000000	0.000000	0.000000	0.000000	12.813638	-1.076517	12.768337	1.000000	0.395823	1543393487.450454	0.395823
0.101159	-0.206764	0.122564	12.812458	-1.076096	12.767189	5.144773	0.011921	-1025001.000000	0.000000	0.000000	0.000000	12.812458	-1.076096	12.767189	1.000000	0.401545	1543393487.458452	0.401545
0.071267	-0.107297	0.327101	12.811704	-1.075193	12.766508	5.300174	0.012096	-1025001.000000	0.000000	0.000000	0.000000	12.811704	-1.075193	12.766508	1.000000	0.413698	1543393487.474454	0.413698
0.092387	-0.075179	0.448217	12.811088	-1.072492	12.766117	5.530337	0.012316	-1025001.000000	0.000000	0.000000	0.000000	12.811088	-1.072492	12.766117	1.000000	0.431684	1543393487.498449	0.431684
0.219373	0.067690	0.010030	12.811881	-1.070637	12.767069	5.687921	0.012432	-1025001.000000	0.000000	0.000000	0.000000	12.811881	-1.070637	12.767069	1.000000	0.443957	1543393487.514450	0.443957
0.134041	0.076921	-0.116507	12.806716	-1.072337	12.761742	5.766570	0.013730	-1025001.000000	0.000000	0.000000	0.000000	12.806716	-1.072337	12.761742	1.000000	0.450277	1543393487.522450	0.450277
0.085823	-0.068347	-0.227262	12.806633	-1.072107	12.761678	5.846994	0.013845	-1025001.000000	0.000000	0.000000	0.000000	12.806633	-1.072107	12.761678	1.000000	0.456560	1543393487.530449	0.456560
-0.038565	0.009672	0.247461	12.807189	-1.072954	12.762165	5.928108	0.013962	-1025001.000000	0.000000	0.000000	0.000000	12.807189	-1.072954	12.762165	1.000000	0.462873	1543393487.538449	0.462873
0.139689	-0.051397	-0.018307	12.807523	-1.072918	12.762503	6.092301	0.014207	-1025001.000000	0.000000	0.000000	0.000000	12.807523	-1.072918	12.762503	1.000000	0.475681	1543393487.554453	0.475681
0.045207	-0.109529	0.352713	12.807129	-1.073024	12.762099	6.175283	0.014327	-1025001.000000	0.000000	0.000000	0.000000	12.807129	-1.073024	12.762099	1.000000	0.482175	1543393487.562452	0.482175
-0.110000	-0.189115	-0.138580	12.806079	-1.074276	12.760940	6.293626	0.014453	-1025001.000000	0.000000	0.000000	0.000000	12.806079	-1.074276	12.760940	1.000000	0.491456	1543393487.570446	0.491456
-0.121018	-0.098978	0.051149	12.805760	-1.075687	12.760501	6.377192	0.014591	-1025001.000000	0.000000	0.000000	0.000000	12.805760	-1.075687	12.760501	1.000000	0.497994	1543393487.578444	0.497994
0.038391	-0.303893	0.307006	12.802760	-1.076701	12.757405	6.545969	0.014891	-1025001.000000	0.000000	0.000000	0.000000	12.802760	-1.076701	12.757405	1.000000	0.511294	1543393487.594447	0.511294
-0.035255	-0.035331	0.637954	12.802968	-1.077519	12.757544	6.631102	0.015047	-1025001.000000	0.000000	0.000000	0.000000	12.802968	-1.077519	12.757544	1.000000	0.517935	1543393487.602448	0.517935
-0.180415	0.067531	0.644390	12.803999	-1.079563	12.758406	6.716692	0.015215	-1025001.000000	0.000000	0.000000	0.000000	12.803999	-1.079563	12.758406	1.000000	0.524578	1543393487.610447	0.524578
0.021853	-0.030250	0.413986	12.804239	-1.079910	12.758618	6.802769	0.015392	-1025001.000000	0.000000	0.000000	0.000000	12.804239	-1.079910	12.758618	1.000000	0.531290	1543393487.618448	0.531290
-0.053343	0.026864	-0.142956	12.805049	-1.080548	12.759377	6.976239	0.015747	-1025001.000000	0.000000	0.000000	0.000000	12.805049	-1.080548	12.759377	1.000000	0.544804	1543393487.634449	0.544804
0.109176	-0.057864	-0.426318	12.805906	-1.080632	12.760230	7.151378	0.016116	-1025001.000000	0.000000	0.000000	0.000000	12.805906	-1.080632	12.760230	1.000000	0.558444	1543393487.650450	0.558444
0.188706	0.023595	-0.034650	12.806565	-1.079658	12.760973	7.239511	0.016295	-1025001.000000	0.000000	0.000000	0.000000	12.806565	-1.079658	12.760973	1.000000	0.565297	1543393487.658448	0.565297
0.126370	-0.099758	-0.225905	12.806304	-1.078240	12.760832	7.366988	0.016631	-1025001.000000	0.000000	0.000000	0.000000	12.806304	-1.078240	12.760832	1.000000	0.575263	1543393487.674446	0.575263
0.225446	-0.018561	-0.187898	12.806616	-1.076931	12.761255	7.456436	0.016789	-1025001.000000	0.000000	0.000000	0.000000	12.806616	-1.076931	12.761255	1.000000	0.582233	1543393487.682447	0.582233
0.162509	-0.081955	-0.549646	12.806409	-1.076053	12.761122	7.546198	0.016938	-1025001.000000	0.000000	0.000000	0.000000	12.806409	-1.076053	12.761122	1.000000	0.589252	1543393487.690446	0.589252
0.053015	-0.041597	-0.163189	12.806542	-1.076105	12.761251	7.636270	0.016870	-1025001.000000	0.000000	0.000000	0.000000	12.806542	-1.076105	12.761251	1.000000	0.596279	1543393487.698449	0.596279
0.170350	-0.067457	-0.344710	12.806668	-1.074609	12.761503	7.817266	0.016723	-1025001.000000	0.000000	0.000000	0.000000	12.806668	-1.074609	12.761503	1.000000	0.610406	1543393487.714450	0.610406
0.184132	-0.026881	-0.325310	12.807170	-1.072857	12.762155	7.999378	0.016550	-1025001.000000	0.000000	0.000000	0.000000	12.807170	-1.072857	12.762155	1.000000	0.624601	1543393487.730448	0.624601
0.049802	0.006067	-0.264334	12.807681	-1.072964	12.762658	8.090922	0.016456	-1025001.000000	0.000000	0.000000	0.000000	12.807681	-1.072964	12.762658	1.000000	0.631724	1543393487.738454	0.631724
0.242631	0.050944	-0.367819	12.809577	-1.071607	12.764675	8.274647	0.016261	-1025001.000000	0.000000	0.000000	0.000000	12.809577	-1.071607	12.764675	1.000000	0.645973	1543393487.754454	0.645973
0.362830	-0.034331	-0.132778	12.809772	-1.069199	12.765072	8.366820	0.016146	-1025001.000000	0.000000	0.000000	0.000000	12.809772	-1.069199	12.765072	1.000000	0.653159	1543393487.762448	0.653159
0.402945	-0.099057	0.056461	12.809458	-1.066439	12.764988	8.463763	0.016009	-1025001.000000	0.000000	0.000000	0.000000	12.809458	-1.066439	12.764988	1.000000	0.660743	1543393487.770448	0.660743
0.322791	-0.049037	0.212813	12.809549	-1.064364	12.765252	8.556461	0.015853	-1025001.000000	0.000000	0.000000	0.000000	12.809549	-1.064364	12.765252	1.000000	0.667975	1543393487.778448	0.667975
-0.239157	-0.234334	0.015739	12.806395	-1.071306	12.761507	8.834658	0.017388	-1025001.000000	0.000000	0.000000	0.000000	12.806395	-1.071306	12.761507	1.000000	0.689863	1543393487.802447	0.689863
-0.338479	-0.099463	0.071706	12.806072	-1.074459	12.760917	8.928041	0.017543	-1025001.000000	0.000000	0.000000	0.000000	12.806072	-1.074459	12.760917	1.000000	0.697173	1543393487.810447	0.697173
-0.107698	0.119424	-0.263037	12.807484	-1.075896	12.762214	9.021639	0.017715	-1025001.000000	0.000000	0.000000	0.000000	12.807484	-1.075896	12.762214	1.000000	0.704404	1543393487.818449	0.704404
0.328492	0.073775	0.119186	12.808691	-1.073391	12.763636	9.209404	0.018057	-1025001.000000	0.000000	0.000000	0.000000	12.808691	-1.073391	12.763636	1.000000	0.718997	1543393487.834453	0.718997
0.366865	0.034819	-0.445056	12.809422	-1.070968	12.764573	9.303498	0.018204	-1025001.000000	0.000000	0.000000	0.000000	12.809422	-1.070968	12.764573	1.000000	0.726301	1543393487.842449	0.726301
0.110695	-0.151785	0.127642	12.808157	-1.068820	12.763483	9.492290	0.018456	-1025001.000000	0.000000	0.000000	0.000000	12.808157	-1.068820	12.763483	1.000000	0.741113	1543393487.858448	0.741113
-0.420252	0.142867	0.049206	12.809343	-1.075191	12.764139	9.777107	0.018742	-1025001.000000	0.000000	0.000000	0.000000	12.809343	-1.075191	12.764139	1.000000	0.763279	1543393487.874448	0.763279
0.027307	0.103927	-0.366571	12.810632	-1.075531	12.765403	9.872308	0.018914	-1025001.000000	0.000000	0.000000	0.000000	12.810632	-1.075531	12.765403	1.000000	0.770634	1543393487.882454	0.770634
0.259742	-0.014483	-0.180643	12.810984	-1.073956	12.765889	9.967554	0.019081	-1025001.000000	0.000000	0.000000	0.000000	12.810984	-1.073956	12.765889	1.000000	0.778047	1543393487.890451	0.778047
0.178444	-0.096289	0.377019	12.810702	-1.073018	12.765686	10.062989	0.019237	-1025001.000000	0.000000	0.000000	0.000000	12.810702	-1.073018	12.765686	1.000000	0.785514	1543393487.898452	0.785514
0.255161	-0.097028	0.252906	12.809043	-1.069805	12.764290	10.254199	0.019517	-1025001.000000	0.000000	0.000000	0.000000	12.809043	-1.069805	12.764290	1.000000	0.800544	1543393487.914450	0.800544
0.130190	-0.030340	0.132299	12.809277	-1.069272	12.764569	10.350170	0.019594	-1025001.000000	0.000000	0.000000	0.000000	12.809277	-1.069272	12.764569	1.000000	0.808021	1543393487.922449	0.808021
-0.011157	-0.009319	0.087660	12.809680	-1.069878	12.764923	10.446312	0.019670	-1025001.000000	0.000000	0.000000	0.000000	12.809680	-1.069878	12.764923	1.000000	0.815501	1543393487.930452	0.815501
0.165883	-0.038826	-0.070132	12.810513	-1.067429	12.765964	10.735309	0.019882	-1025001.000000	0.000000	0.000000	0.000000	12.810513	-1.067429	12.765964	1.000000	0.838008	1543393487.954448	0.838008
-0.029030	-0.136174	0.198484	12.809903	-1.068100	12.765296	10.831909	0.019943	-1025001.000000	0.000000	0.000000	0.000000	12.809903	-1.068100	12.765296	1.000000	0.845589	1543393487.962450	0.845589
-0.035045	-0.163968	0.138087	12.809070	-1.068796	12.764402	10.865928	0.020010	-1025001.000000	0.000000	0.000000	0.000000	12.809070	-1.068796	12.764402	1.000000	0.848300	1543393487.970449	0.848300
-0.019658	-0.113328	0.019747	12.809889	-1.070913	12.765046	11.155944	0.020246	-1025001.000000	0.000000	0.000000	0.000000	12.809889	-1.070913	12.765046	1.000000	0.870885	1543393487.994446	0.870885
0.009374	0.150057	-0.797776	12.811528	-1.071380	12.766651	11.252882	0.020334	-1025001.000000	0.000000	0.000000	0.000000	12.811528	-1.071380	12.766651	1.000000	0.878340	1543393488.002450	0.878340
-0.213736	0.121266	-1.015716	12.812936	-1.073589	12.767879	11.349865	0.020432	-1025001.000000	0.000000	0.000000	0.000000	12.812936	-1.073589	12.767879	1.000000	0.885813	1543393488.010449	0.885813
-0.048871	-0.021510	-0.065422	12.807000	-1.075577	12.761755	11.445944	0.021799	-1025001.000000	0.000000	0.000000	0.000000	12.807000	-1.075577	12.761755	1.000000	0.893726	1543393488.018448	0.893726
-0.016452	-0.280090	0.750123	12.804542	-1.072621	12.759537	11.639991	0.022051	-1025001.000000	0.000000	0.000000	0.000000	12.804542	-1.072621	12.759537	1.000000	0.909052	1543393488.034447	0.909052
-0.264866	-0.101105	1.208256	12.804245	-1.075281	12.759015	11.737141	0.022184	-1025001.000000	0.000000	0.000000	0.000000	12.804245	-1.075281	12.759015	1.000000	0.916660	1543393488.042447	0.916660
0.425808	-0.176650	-0.028789	12.803300	-1.072274	12.758319	11.834370	0.022317	-1025001.000000	0.000000	0.000000	0.000000	12.803300	-1.072274	12.758319	1.000000	0.924322	1543393488.050447	0.924322
0.118517	-0.180721	0.812797	12.802356	-1.071795	12.757412	11.885937	0.022437	-1025001.000000	0.000000	0.000000	0.000000	12.802356	-1.071795	12.757412	1.000000	0.928418	1543393488.058450	0.928418
0.155639	-0.052867	-0.446946	12.803244	-1.072590	12.758237	12.080755	0.022688	-1025001.000000	0.000000	0.000000	0.000000	12.803244	-1.072590	12.758237	1.000000	0.943570	1543393488.074451	0.943570
0.251501	-0.166449	-0.205009	12.802036	-1.071016	12.757157	12.275851	0.022930	-1025001.000000	0.000000	0.000000	0.000000	12.802036	-1.071016	12.757157	1.000000	0.958898	1543393488.090449	0.958898
0.342492	-0.021467	0.388490	12.802353	-1.068816	12.757659	12.373562	0.023032	-1025001.000000	0.000000	0.000000	0.000000	12.802353	-1.068816	12.757659	1.000000	0.966507	1543393488.098452	0.966507
0.015531	0.020590	0.528662	12.803934	-1.068067	12.759309	12.667043	0.023294	-1025001.000000	0.000000	0.000000	0.000000	12.803934	-1.068067	12.759309	1.000000	0.989309	1543393488.122451	0.989309
-0.081964	-0.052796	-0.265877	12.803977	-1.069172	12.759259	12.764991	0.023385	-1025001.000000	0.000000	0.000000	0.000000	12.803977	-1.069172	12.759259	1.000000	0.996955	1543393488.130449	0.996955
0.199769	-0.188227	-0.702034	12.803064	-1.070963	12.758193	13.059291	0.023720	-1025001.000000	0.000000	0.000000	0.000000	12.803064	-1.070963	12.758193	1.000000	1.020013	1543393488.154450	1.020013
0.126048	-0.017006	0.042166	12.803408	-1.070461	12.758580	13.157524	0.023829	-1025001.000000	0.000000	0.000000	0.000000	12.803408	-1.070461	12.758580	1.000000	1.027658	1543393488.162451	1.027658
-0.045727	-0.052497	-0.298115	12.803455	-1.071270	12.758559	13.272433	0.023938	-1025001.000000	0.000000	0.000000	0.000000	12.803455	-1.071270	12.758559	1.000000	1.036629	1543393488.170450	1.036629
-0.012283	-0.132374	-0.139903	12.802872	-1.071780	12.757931	13.370731	0.024053	-1025001.000000	0.000000	0.000000	0.000000	12.802872	-1.071780	12.757931	1.000000	1.044354	1543393488.178448	1.044354
0.072776	-0.073454	0.140064	12.802620	-1.073028	12.757574	13.567562	0.024304	-1025001.000000	0.000000	0.000000	0.000000	12.802620	-1.073028	12.757574	1.000000	1.059749	1543393488.194450	1.059749
0.285914	0.093069	0.174859	12.803843	-1.071344	12.758943	13.666178	0.024176	-1025001.000000	0.000000	0.000000	0.000000	12.803843	-1.071344	12.758943	1.000000	1.067350	1543393488.202455	1.067350
0.314853	-0.059151	0.056257	12.803310	-1.065916	12.758862	13.962098	0.023714	-1025001.000000	0.000000	0.000000	0.000000	12.803310	-1.065916	12.758862	1.000000	1.090507	1543393488.226448	1.090507
0.086879	-0.157449	0.180413	12.802154	-1.065556	12.757732	14.159688	0.023356	-1025001.000000	0.000000	0.000000	0.000000	12.802154	-1.065556	12.757732	1.000000	1.106040	1543393488.242448	1.106040
0.232928	-0.053392	0.134530	12.802204	-1.064192	12.757897	14.258575	0.023170	-1025001.000000	0.000000	0.000000	0.000000	12.802204	-1.064192	12.757897	1.000000	1.113759	1543393488.250450	1.113759
0.227649	-0.071818	0.524571	12.802114	-1.062899	12.757914	14.369742	0.022974	-1025001.000000	0.000000	0.000000	0.000000	12.802114	-1.062899	12.757914	1.000000	1.122451	1543393488.258448	1.122451
0.334633	-0.175817	0.237636	12.799911	-1.058907	12.756035	14.567651	0.022543	-1025001.000000	0.000000	0.000000	0.000000	12.799911	-1.058907	12.756035	1.000000	1.138106	1543393488.274448	1.138106
0.391781	-0.089530	0.611006	12.799677	-1.056301	12.756017	14.666672	0.022300	-1025001.000000	0.000000	0.000000	0.000000	12.799677	-1.056301	12.756017	1.000000	1.145863	1543393488.282448	1.145863
0.320066	-0.094619	0.378035	12.799396	-1.054238	12.755906	14.765712	0.022039	-1025001.000000	0.000000	0.000000	0.000000	12.799396	-1.054238	12.755906	1.000000	1.153626	1543393488.290446	1.153626
0.197631	-0.093214	0.217225	12.805415	-1.054745	12.761903	14.865003	0.023077	-1025001.000000	0.000000	0.000000	0.000000	12.805415	-1.054745	12.761903	1.000000	1.160837	1543393488.298452	1.160837
0.181589	-0.066850	-0.021147	12.805664	-1.052909	12.762305	15.063879	0.022552	-1025001.000000	0.000000	0.000000	0.000000	12.805664	-1.052909	12.762305	1.000000	1.176345	1543393488.314448	1.176345
0.043572	-0.030463	0.165980	12.805897	-1.053070	12.762525	15.163489	0.022281	-1025001.000000	0.000000	0.000000	0.000000	12.805897	-1.053070	12.762525	1.000000	1.184102	1543393488.322455	1.184102
0.029958	0.030692	0.250965	12.806619	-1.053387	12.763223	15.262985	0.022013	-1025001.000000	0.000000	0.000000	0.000000	12.806619	-1.053387	12.763223	1.000000	1.191804	1543393488.330449	1.191804
-0.077581	-0.206808	0.419766	12.804798	-1.054700	12.761288	15.462263	0.021487	-1025001.000000	0.000000	0.000000	0.000000	12.804798	-1.054700	12.761288	1.000000	1.207537	1543393488.346452	1.207537
0.135590	-0.175651	0.329368	12.802899	-1.054246	12.759420	15.661569	0.020977	-1025001.000000	0.000000	0.000000	0.000000	12.802899	-1.054246	12.759420	1.000000	1.223283	1543393488.362448	1.223283
0.209289	-0.105305	-0.036452	12.802468	-1.052212	12.759155	15.822735	0.020447	-1025001.000000	0.000000	0.000000	0.000000	12.802468	-1.052212	12.759155	1.000000	1.235913	1543393488.378448	1.235913
-0.002505	-0.037504	0.158040	12.802173	-1.051658	12.758904	16.022301	0.019889	-1025001.000000	0.000000	0.000000	0.000000	12.802173	-1.051658	12.758904	1.000000	1.251530	1543393488.394452	1.251530
-0.007077	-0.108625	-0.309055	12.801767	-1.052120	12.758459	16.122055	0.019613	-1025001.000000	0.000000	0.000000	0.000000	12.801767	-1.052120	12.758459	1.000000	1.259362	1543393488.402448	1.259362
0.145925	-0.088947	0.375083	12.801535	-1.051457	12.758281	16.221918	0.019336	-1025001.000000	0.000000	0.000000	0.000000	12.801535	-1.051457	12.758281	1.000000	1.267185	1543393488.410450	1.267185
0.188175	0.043803	0.319560	12.801597	-1.048404	12.758595	16.522097	0.018405	-1025001.000000	0.000000	0.000000	0.000000	12.801597	-1.048404	12.758595	1.000000	1.290628	1543393488.434451	1.290628
0.024904	-0.082399	-0.210322	12.801400	-1.048642	12.758378	16.622230	0.018083	-1025001.000000	0.000000	0.000000	0.000000	12.801400	-1.048642	12.758378	1.000000	1.298470	1543393488.442452	1.298470
-0.018705	-0.070006	0.106182	12.801313	-1.049277	12.758238	16.722368	0.017765	-1025001.000000	0.000000	0.000000	0.000000	12.801313	-1.049277	12.758238	1.000000	1.306301	1543393488.450451	1.306301
0.003393	0.001319	0.036626	12.801791	-1.049773	12.758677	16.781217	0.017451	-1025001.000000	0.000000	0.000000	0.000000	12.801791	-1.049773	12.758677	1.000000	1.310849	1543393488.458453	1.310849
0.310709	-0.090693	-0.465922	12.800419	-1.046796	12.757545	17.081896	0.016500	-1025001.000000	0.000000	0.000000	0.000000	12.800419	-1.046796	12.757545	1.000000	1.334479	1543393488.482452	1.334479
0.076496	-0.006804	-0.218942	12.800449	-1.044892	12.757731	17.282487	0.015809	-1025001.000000	0.000000	0.000000	0.000000	12.800449	-1.044892	12.757731	1.000000	1.350147	1543393488.498451	1.350147
0.018701	0.054474	-0.049567	12.802301	-1.046498	12.759457	17.483225	0.015123	-1025001.000000	0.000000	0.000000	0.000000	12.802301	-1.046498	12.759457	1.000000	1.365631	1543393488.514452	1.365631
0.018455	0.010031	-0.199603	12.796784	-1.047996	12.753799	17.682964	0.015771	-1025001.000000	0.000000	0.000000	0.000000	12.796784	-1.047996	12.753799	1.000000	1.381829	1543393488.530455	1.381829
0.054836	-0.145136	0.072727	12.796096	-1.047986	12.753109	17.783099	0.015476	-1025001.000000	0.000000	0.000000	0.000000	12.796096	-1.047986	12.753109	1.000000	1.389729	1543393488.538447	1.389729
-0.201590	-0.045930	-0.317656	12.794750	-1.050757	12.751531	17.983662	0.014904	-1025001.000000	0.000000	0.000000	0.000000	12.794750	-1.050757	12.751531	1.000000	1.405550	1543393488.554450	1.405550
-0.226363	0.056795	-0.164381	12.795669	-1.053098	12.752260	18.083982	0.014641	-1025001.000000	0.000000	0.000000	0.000000	12.795669	-1.053098	12.752260	1.000000	1.413289	1543393488.562452	1.413289
-0.232916	-0.022037	-0.236497	12.795957	-1.055431	12.752355	18.249773	0.014397	-1025001.000000	0.000000	0.000000	0.000000	12.795957	-1.055431	12.752355	1.000000	1.426214	1543393488.570452	1.426214
-0.157251	-0.141523	-0.080372	12.795294	-1.057101	12.751552	18.350088	0.014169	-1025001.000000	0.000000	0.000000	0.000000	12.795294	-1.057101	12.751552	1.000000	1.434128	1543393488.578448	1.434128
0.099247	-0.037389	-0.088602	12.795613	-1.057172	12.751867	18.550923	0.013729	-1025001.000000	0.000000	0.000000	0.000000	12.795613	-1.057172	12.751867	1.000000	1.449788	1543393488.594452	1.449788
0.069023	-0.099534	-0.161803	12.795282	-1.057058	12.751544	18.651324	0.013508	-1025001.000000	0.000000	0.000000	0.000000	12.795282	-1.057058	12.751544	1.000000	1.457672	1543393488.602450	1.457672
0.131459	0.062380	-0.222722	12.796765	-1.055976	12.753122	18.852266	0.013054	-1025001.000000	0.000000	0.000000	0.000000	12.796765	-1.055976	12.753122	1.000000	1.473206	1543393488.618451	1.473206
0.126459	-0.076214	-0.061592	12.797077	-1.055467	12.753476	19.053320	0.012589	-1025001.000000	0.000000	0.000000	0.000000	12.797077	-1.055467	12.753476	1.000000	1.488881	1543393488.634453	1.488881
0.056442	-0.047194	-0.056355	12.797171	-1.055497	12.753568	19.153891	0.012353	-1025001.000000	0.000000	0.000000	0.000000	12.797171	-1.055497	12.753568	1.000000	1.496729	1543393488.642455	1.496729
0.018209	-0.040267	0.047493	12.797323	-1.055848	12.753692	19.254456	0.012119	-1025001.000000	0.000000	0.000000	0.000000	12.797323	-1.055848	12.753692	1.000000	1.504569	1543393488.650455	1.504569
0.181253	-0.080226	-0.292655	12.797143	-1.054836	12.753596	19.354993	0.011882	-1025001.000000	0.000000	0.000000	0.000000	12.797143	-1.054836	12.753596	1.000000	1.512446	1543393488.658451	1.512446
0.088436	0.003378	-0.033892	12.797779	-1.053493	12.754344	19.442253	0.011386	-1025001.000000	0.000000	0.000000	0.000000	12.797779	-1.053493	12.754344	1.000000	1.519190	1543393488.674454	1.519190
0.056843	-0.041954	-0.107223	12.797913	-1.053517	12.754477	19.542886	0.011134	-1025001.000000	0.000000	0.000000	0.000000	12.797913	-1.053517	12.754477	1.000000	1.527037	1543393488.682453	1.527037
0.050391	-0.030016	0.163994	12.798151	-1.053628	12.754707	19.643502	0.010882	-1025001.000000	0.000000	0.000000	0.000000	12.798151	-1.053628	12.754707	1.000000	1.534870	1543393488.690449	1.534870
-0.045345	-0.080400	0.179597	12.797985	-1.054471	12.754470	19.743981	0.010621	-1025001.000000	0.000000	0.000000	0.000000	12.797985	-1.054471	12.754470	1.000000	1.542741	1543393488.698452	1.542741
-0.026442	-0.014950	0.083629	12.798241	-1.056300	12.754576	19.944947	0.010121	-1025001.000000	0.000000	0.000000	0.000000	12.798241	-1.056300	12.754576	1.000000	1.558413	1543393488.714455	1.558413
-0.012152	-0.054852	-0.286380	12.798265	-1.056849	12.754555	20.045428	0.009880	-1025001.000000	0.000000	0.000000	0.000000	12.798265	-1.056849	12.754555	1.000000	1.566261	1543393488.722454	1.566261
-0.020663	-0.064472	-0.011879	12.798222	-1.057489	12.754459	20.145921	0.009643	-1025001.000000	0.000000	0.000000	0.000000	12.798222	-1.057489	12.754459	1.000000	1.574119	1543393488.730453	1.574119
0.036463	-0.068162	-0.041022	12.798148	-1.057667	12.754369	20.246458	0.009410	-1025001.000000	0.000000	0.000000	0.000000	12.798148	-1.057667	12.754369	1.000000	1.581983	1543393488.738454	1.581983
0.028166	-0.042377	0.013993	12.798265	-1.058154	12.754446	20.447513	0.008949	-1025001.000000	0.000000	0.000000	0.000000	12.798265	-1.058154	12.754446	1.000000	1.597678	1543393488.754451	1.597678
0.012613	-0.116962	0.172898	12.797808	-1.058511	12.753958	20.548131	0.008722	-1025001.000000	0.000000	0.000000	0.000000	12.797808	-1.058511	12.753958	1.000000	1.605598	1543393488.762455	1.605598
-0.121359	-0.124869	0.453525	12.797293	-1.059963	12.753320	20.692984	0.008503	-1025001.000000	0.000000	0.000000	0.000000	12.797293	-1.059963	12.753320	1.000000	1.616981	1543393488.770453	1.616981
0.258186	-0.022438	-0.133177	12.797767	-1.065824	12.753308	21.094742	0.009599	-1025001.000000	0.000000	0.000000	0.000000	12.797767	-1.065824	12.753308	1.000000	1.648314	1543393488.802453	1.648314
0.091160	-0.041079	0.259996	12.798608	-1.065004	12.754220	21.295972	0.009606	-1025001.000000	0.000000	0.000000	0.000000	12.798608	-1.065004	12.754220	1.000000	1.663929	1543393488.818451	1.663929
0.175145	-0.066274	0.159898	12.798575	-1.063899	12.754279	21.497269	0.009601	-1025001.000000	0.000000	0.000000	0.000000	12.798575	-1.063899	12.754279	1.000000	1.679661	1543393488.834449	1.679661
0.167580	-0.073255	-0.092325	12.798455	-1.063028	12.754232	21.597990	0.009589	-1025001.000000	0.000000	0.000000	0.000000	12.798455	-1.063028	12.754232	1.000000	1.687547	1543393488.842452	1.687547
0.117725	-0.086123	0.061914	12.798240	-1.062563	12.754055	21.698661	0.009572	-1025001.000000	0.000000	0.000000	0.000000	12.798240	-1.062563	12.754055	1.000000	1.695441	1543393488.850450	1.695441
0.154193	-0.142164	0.364943	12.797586	-1.061797	12.753462	21.799379	0.009551	-1025001.000000	0.000000	0.000000	0.000000	12.797586	-1.061797	12.753462	1.000000	1.703398	1543393488.858451	1.703398
0.042663	-0.042572	0.235786	12.797066	-1.061504	12.752965	22.071237	0.009468	-1025001.000000	0.000000	0.000000	0.000000	12.797066	-1.061504	12.752965	1.000000	1.724711	1543393488.882451	1.724711
0.022531	-0.086501	-0.138210	12.796838	-1.061772	12.752714	22.171994	0.009443	-1025001.000000	0.000000	0.000000	0.000000	12.796838	-1.061772	12.752714	1.000000	1.732615	1543393488.890452	1.732615
-0.008446	-0.047256	-0.137218	12.799278	-1.063884	12.754986	22.474366	0.009397	-1025001.000000	0.000000	0.000000	0.000000	12.799278	-1.063884	12.754986	1.000000	1.755909	1543393488.914454	1.755909
-0.143678	0.021360	-0.034600	12.799916	-1.065558	12.755486	22.575328	0.009367	-1025001.000000	0.000000	0.000000	0.000000	12.799916	-1.065558	12.755486	1.000000	1.763709	1543393488.922452	1.763709
-0.193209	-0.026449	-0.308974	12.800162	-1.067570	12.755566	22.676304	0.009352	-1025001.000000	0.000000	0.000000	0.000000	12.800162	-1.067570	12.755566	1.000000	1.771564	1543393488.930450	1.771564
-0.011441	-0.064992	-0.160299	12.801468	-1.074135	12.756324	23.080467	0.009444	-1025001.000000	0.000000	0.000000	0.000000	12.801468	-1.074135	12.756324	1.000000	1.802955	1543393488.962453	1.802955
0.101514	-0.121367	-0.440631	12.800953	-1.073723	12.755842	23.190245	0.009487	-1025001.000000	0.000000	0.000000	0.000000	12.800953	-1.073723	12.755842	1.000000	1.811603	1543393488.970452	1.811603
-0.144370	0.008688	0.059087	12.801960	-1.075142	12.756733	23.493487	0.009612	-1025001.000000	0.000000	0.000000	0.000000	12.801960	-1.075142	12.756733	1.000000	1.835148	1543393488.994453	1.835148
0.030621	-0.106347	0.048930	12.796782	-1.076677	12.751408	23.997980	0.011014	-1025001.000000	0.000000	0.000000	0.000000	12.796782	-1.076677	12.751408	1.000000	1.875314	1543393489.034453	1.875314
-0.037945	-0.128848	0.005839	12.796222	-1.077413	12.750784	24.098964	0.011037	-1025001.000000	0.000000	0.000000	0.000000	12.796222	-1.077413	12.750784	1.000000	1.883287	1543393489.042453	1.883287
0.001664	-0.079159	0.090963	12.795598	-1.079369	12.749992	24.300968	0.011108	-1025001.000000	0.000000	0.000000	0.000000	12.795598	-1.079369	12.749992	1.000000	1.899166	1543393489.058455	1.899166
0.186142	-0.007073	0.086622	12.797346	-1.078834	12.751791	24.705012	0.011276	-1025001.000000	0.000000	0.000000	0.000000	12.797346	-1.078834	12.751791	1.000000	1.930479	1543393489.090451	1.930479
-0.136280	-0.033384	-0.199472	12.796263	-1.084373	12.750234	25.064097	0.011493	-1025001.000000	0.000000	0.000000	0.000000	12.796263	-1.084373	12.750234	1.000000	1.958704	1543393489.122450	1.958704
-0.051563	0.087841	0.025316	12.797440	-1.085364	12.751332	25.165276	0.011578	-1025001.000000	0.000000	0.000000	0.000000	12.797440	-1.085364	12.751332	1.000000	1.966430	1543393489.130457	1.966430
0.120759	-0.117689	0.137325	12.797823	-1.084321	12.751804	25.468547	0.011834	-1025001.000000	0.000000	0.000000	0.000000	12.797823	-1.084321	12.751804	1.000000	1.990069	1543393489.154450	1.990069
-0.028516	-0.167975	-0.094386	12.796948	-1.084941	12.750874	25.567883	0.011917	-1025001.000000	0.000000	0.000000	0.000000	12.796948	-1.084941	12.750874	1.000000	1.997967	1543393489.162453	1.997967
0.030523	-0.033033	0.154468	12.796627	-1.086167	12.750447	25.770112	0.012102	-1025001.000000	0.000000	0.000000	0.000000	12.796627	-1.086167	12.750447	1.000000	2.013821	1543393489.178452	2.013821
0.007474	-0.001485	-0.001384	12.797572	-1.087510	12.751281	25.972393	0.012305	-1025001.000000	0.000000	0.000000	0.000000	12.797572	-1.087510	12.751281	1.000000	2.029478	1543393489.194452	2.029478
0.132013	-0.065297	-0.075969	12.797520	-1.086923	12.751279	26.073558	0.012234	-1025001.000000	0.000000	0.000000	0.000000	12.797520	-1.086923	12.751279	1.000000	2.037392	1543393489.202451	2.037392
0.055005	-0.054842	-0.140848	12.797551	-1.086951	12.751308	26.174759	0.012160	-1025001.000000	0.000000	0.000000	0.000000	12.797551	-1.086951	12.751308	1.000000	2.045294	1543393489.210452	2.045294
-0.009685	-0.074917	-0.002500	12.797427	-1.087493	12.751137	26.275940	0.012090	-1025001.000000	0.000000	0.000000	0.000000	12.797427	-1.087493	12.751137	1.000000	2.053220	1543393489.218451	2.053220
0.135175	-0.101399	-0.036528	12.796598	-1.086670	12.750375	26.478356	0.011948	-1025001.000000	0.000000	0.000000	0.000000	12.796598	-1.086670	12.750375	1.000000	2.069172	1543393489.234452	2.069172
0.086734	-0.073483	-0.350835	12.796472	-1.086412	12.750271	26.579541	0.011872	-1025001.000000	0.000000	0.000000	0.000000	12.796472	-1.086412	12.750271	1.000000	2.077099	1543393489.242450	2.077099
0.075465	-0.005393	-0.082291	12.796901	-1.086315	12.750710	26.680822	0.011795	-1025001.000000	0.000000	0.000000	0.000000	12.796901	-1.086315	12.750710	1.000000	2.084944	1543393489.250455	2.084944
0.020765	-0.010913	-0.101841	12.797286	-1.086649	12.751068	26.782054	0.011719	-1025001.000000	0.000000	0.000000	0.000000	12.797286	-1.086649	12.751068	1.000000	2.092792	1543393489.258455	2.092792
-0.081710	-0.121401	0.401730	12.796731	-1.088684	12.750337	27.063763	0.011584	-1025001.000000	0.000000	0.000000	0.000000	12.796731	-1.088684	12.750337	1.000000	2.114897	1543393489.274451	2.114897
-0.052395	-0.227528	0.128823	12.795387	-1.089476	12.748921	27.165030	0.011529	-1025001.000000	0.000000	0.000000	0.000000	12.795387	-1.089476	12.748921	1.000000	2.123033	1543393489.282453	2.123033
0.007869	-0.091653	0.401567	12.795139	-1.089904	12.748634	27.266233	0.011479	-1025001.000000	0.000000	0.000000	0.000000	12.795139	-1.089904	12.748634	1.000000	2.130984	1543393489.290450	2.130984
0.055556	0.001477	0.044765	12.789952	-1.087489	12.743635	27.366275	0.012397	-1025001.000000	0.000000	0.000000	0.000000	12.789952	-1.087489	12.743635	1.000000	2.139670	1543393489.298452	2.139670
0.254059	-0.019790	0.006855	12.790454	-1.085686	12.744293	27.568322	0.012064	-1025001.000000	0.000000	0.000000	0.000000	12.790454	-1.085686	12.744293	1.000000	2.155383	1543393489.314453	2.155383
0.331183	-0.088244	-0.260555	12.790214	-1.083479	12.744240	27.669331	0.011878	-1025001.000000	0.000000	0.000000	0.000000	12.790214	-1.083479	12.744240	1.000000	2.163320	1543393489.322451	2.163320
0.227823	-0.091096	0.193223	12.789963	-1.082135	12.744103	27.770367	0.011678	-1025001.000000	0.000000	0.000000	0.000000	12.789963	-1.082135	12.744103	1.000000	2.171262	1543393489.330451	2.171262
0.148980	-0.181278	0.185421	12.788391	-1.080539	12.742659	27.972452	0.011256	-1025001.000000	0.000000	0.000000	0.000000	12.788391	-1.080539	12.742659	1.000000	2.187332	1543393489.346451	2.187332
0.065449	-0.190681	0.262762	12.786563	-1.079549	12.740909	28.275619	0.010593	-1025001.000000	0.000000	0.000000	0.000000	12.786563	-1.079549	12.740909	1.000000	2.211354	1543393489.370453	2.211354
0.162915	0.018409	0.249596	12.787186	-1.078805	12.741598	28.376686	0.010366	-1025001.000000	0.000000	0.000000	0.000000	12.787186	-1.078805	12.741598	1.000000	2.219150	1543393489.378454	2.219150
0.195371	-0.172859	0.675462	12.786576	-1.075973	12.741225	28.578781	0.009881	-1025001.000000	0.000000	0.000000	0.000000	12.786576	-1.075973	12.741225	1.000000	2.235061	1543393489.394451	2.235061
0.128385	-0.253961	-0.042796	12.785012	-1.075284	12.739714	28.679822	0.009627	-1025001.000000	0.000000	0.000000	0.000000	12.785012	-1.075284	12.739714	1.000000	2.243238	1543393489.402449	2.243238
-0.065026	-0.123261	0.195806	12.784504	-1.076250	12.739122	28.780939	0.009375	-1025001.000000	0.000000	0.000000	0.000000	12.784504	-1.076250	12.739122	1.000000	2.251236	1543393489.410453	2.251236
-0.125712	-0.048892	0.300129	12.784272	-1.080874	12.738497	29.084525	0.008835	-1025001.000000	0.000000	0.000000	0.000000	12.784272	-1.080874	12.738497	1.000000	2.275024	1543393489.434452	2.275024
-0.082353	-0.122174	0.047721	12.783764	-1.081971	12.737895	29.185716	0.008677	-1025001.000000	0.000000	0.000000	0.000000	12.783764	-1.081971	12.737895	1.000000	2.283030	1543393489.442451	2.283030
0.107518	-0.133267	-0.230110	12.783163	-1.081518	12.737330	29.286948	0.008522	-1025001.000000	0.000000	0.000000	0.000000	12.783163	-1.081518	12.737330	1.000000	2.291056	1543393489.450453	2.291056
0.148144	-0.124510	0.155157	12.782642	-1.080785	12.736869	29.388103	0.008363	-1025001.000000	0.000000	0.000000	0.000000	12.782642	-1.080785	12.736869	1.000000	2.299063	1543393489.458449	2.299063
0.199099	-0.020336	-0.107420	12.781632	-1.080495	12.735880	29.681632	0.007887	-1025001.000000	0.000000	0.000000	0.000000	12.781632	-1.080495	12.735880	1.000000	2.322210	1543393489.482455	2.322210
0.203978	-0.102901	0.070026	12.781087	-1.078364	12.735514	29.884041	0.007544	-1025001.000000	0.000000	0.000000	0.000000	12.781087	-1.078364	12.735514	1.000000	2.338145	1543393489.498451	2.338145
0.199332	-0.113702	0.244575	12.779848	-1.075389	12.734522	30.086562	0.007158	-1025001.000000	0.000000	0.000000	0.000000	12.779848	-1.075389	12.734522	1.000000	2.354219	1543393489.514455	2.354219
0.083261	-0.148712	0.018967	12.777983	-1.075519	12.732640	30.187083	0.008171	-1025001.000000	0.000000	0.000000	0.000000	12.777983	-1.075519	12.732640	1.000000	2.362429	1543393489.522449	2.362429
0.094800	-0.114286	0.071429	12.776801	-1.075579	12.731448	30.389545	0.007744	-1025001.000000	0.000000	0.000000	0.000000	12.776801	-1.075579	12.731448	1.000000	2.378494	1543393489.538453	2.378494
0.024563	-0.085152	-0.004933	12.775402	-1.075223	12.730074	30.591977	0.007311	-1025001.000000	0.000000	0.000000	0.000000	12.775402	-1.075223	12.730074	1.000000	2.394600	1543393489.554455	2.394600
-0.020919	0.020084	-0.044479	12.776035	-1.075916	12.730651	30.693197	0.007097	-1025001.000000	0.000000	0.000000	0.000000	12.776035	-1.075916	12.730651	1.000000	2.402404	1543393489.562456	2.402404
-0.037939	-0.088762	-0.361011	12.775790	-1.076643	12.730344	30.809158	0.006889	-1025001.000000	0.000000	0.000000	0.000000	12.775790	-1.076643	12.730344	1.000000	2.411527	1543393489.570454	2.411527
-0.067288	-0.094771	-0.150460	12.775502	-1.077621	12.729972	30.910385	0.006688	-1025001.000000	0.000000	0.000000	0.000000	12.775502	-1.077621	12.729972	1.000000	2.419505	1543393489.578455	2.419505
-0.115834	-0.210071	0.495250	12.773230	-1.079489	12.727533	31.112728	0.006308	-1025001.000000	0.000000	0.000000	0.000000	12.773230	-1.079489	12.727533	1.000000	2.435776	1543393489.594449	2.435776
-0.185207	-0.130658	-0.334518	12.772646	-1.081359	12.726789	31.213916	0.006135	-1025001.000000	0.000000	0.000000	0.000000	12.772646	-1.081359	12.726789	1.000000	2.443810	1543393489.602448	2.443810
0.047255	-0.200241	-0.389279	12.771511	-1.081326	12.725652	31.315165	0.005971	-1025001.000000	0.000000	0.000000	0.000000	12.771511	-1.081326	12.725652	1.000000	2.451955	1543393489.610452	2.451955
-0.041037	-0.204550	0.552896	12.770361	-1.082085	12.724434	31.416373	0.005810	-1025001.000000	0.000000	0.000000	0.000000	12.770361	-1.082085	12.724434	1.000000	2.460101	1543393489.618453	2.460101
0.200284	-0.125652	-0.133278	12.766862	-1.085123	12.720663	31.821059	0.005275	-1025001.000000	0.000000	0.000000	0.000000	12.766862	-1.085123	12.720663	1.000000	2.492473	1543393489.650450	2.492473
0.070936	-0.165119	0.180999	12.766017	-1.084976	12.719828	31.922261	0.005144	-1025001.000000	0.000000	0.000000	0.000000	12.766017	-1.084976	12.719828	1.000000	2.500565	1543393489.658452	2.500565
0.144272	-0.197287	-0.142437	12.763709	-1.084810	12.717526	32.280782	0.004887	-1025001.000000	0.000000	0.000000	0.000000	12.763709	-1.084810	12.717526	1.000000	2.529107	1543393489.674453	2.529107
0.211291	-0.194241	0.568750	12.762642	-1.083568	12.716561	32.381917	0.004751	-1025001.000000	0.000000	0.000000	0.000000	12.762642	-1.083568	12.716561	1.000000	2.537242	1543393489.682450	2.537242
0.166424	-0.164729	0.188281	12.761797	-1.082667	12.715789	32.483125	0.004607	-1025001.000000	0.000000	0.000000	0.000000	12.761797	-1.082667	12.715789	1.000000	2.545341	1543393489.690453	2.545341
0.099218	-0.104585	0.073544	12.761434	-1.082329	12.715454	32.584511	0.004557	-1025001.000000	0.000000	0.000000	0.000000	12.761434	-1.082329	12.715454	1.000000	2.553358	1543393489.698454	2.553358
0.021974	-0.390295	-0.030535	12.758245	-1.082501	12.712238	32.787191	0.004458	-1025001.000000	0.000000	0.000000	0.000000	12.758245	-1.082501	12.712238	1.000000	2.569883	1543393489.714449	2.569883
0.049754	-0.316237	0.217350	12.756191	-1.082425	12.710183	32.888597	0.004411	-1025001.000000	0.000000	0.000000	0.000000	12.756191	-1.082425	12.710183	1.000000	2.578246	1543393489.722453	2.578246
-0.107128	-0.148659	-0.049600	12.755471	-1.083690	12.709353	32.989901	0.004369	-1025001.000000	0.000000	0.000000	0.000000	12.755471	-1.083690	12.709353	1.000000	2.586333	1543393489.730450	2.586333
-0.208844	-0.140018	-0.121764	12.754821	-1.085766	12.708524	33.091244	0.004342	-1025001.000000	0.000000	0.000000	0.000000	12.754821	-1.085766	12.708524	1.000000	2.594411	1543393489.738450	2.594411
0.031942	-0.191016	0.180431	12.753241	-1.086390	12.706884	33.293894	0.004311	-1025001.000000	0.000000	0.000000	0.000000	12.753241	-1.086390	12.706884	1.000000	2.610622	1543393489.754448	2.610622
-0.080970	0.039800	0.219741	12.754035	-1.087597	12.707578	33.275590	0.004303	-1025001.000000	0.000000	0.000000	0.000000	12.754035	-1.087597	12.707578	1.000000	2.609025	1543393489.762452	2.609025
-0.106288	-0.227206	-0.486534	12.752677	-1.088761	12.706116	33.376891	0.004304	-1025001.000000	0.000000	0.000000	0.000000	12.752677	-1.088761	12.706116	1.000000	2.617246	1543393489.770451	2.617246
-0.183242	-0.405394	0.097455	12.749912	-1.090477	12.703193	33.478187	0.004318	-1025001.000000	0.000000	0.000000	0.000000	12.749912	-1.090477	12.703193	1.000000	2.625758	1543393489.778451	2.625758
0.218346	-0.191758	-0.636159	12.748178	-1.089550	12.701532	33.680759	0.004364	-1025001.000000	0.000000	0.000000	0.000000	12.748178	-1.089550	12.701532	1.000000	2.642006	1543393489.794451	2.642006
0.160356	-0.248947	0.356938	12.746371	-1.094290	12.699311	33.781384	0.006302	-1025001.000000	0.000000	0.000000	0.000000	12.746371	-1.094290	12.699311	1.000000	2.650275	1543393489.802453	2.650275
0.365981	-0.220005	-0.344874	12.745068	-1.091709	12.698225	33.882554	0.006533	-1025001.000000	0.000000	0.000000	0.000000	12.745068	-1.091709	12.698225	1.000000	2.658484	1543393489.810447	2.658484
0.322357	-0.060215	-0.541000	12.745047	-1.089564	12.698388	33.983851	0.006746	-1025001.000000	0.000000	0.000000	0.000000	12.745047	-1.089564	12.698388	1.000000	2.666436	1543393489.818451	2.666436
0.106824	-0.518620	-0.064086	12.740653	-1.088747	12.694049	34.186337	0.007152	-1025001.000000	0.000000	0.000000	0.000000	12.740653	-1.088747	12.694049	1.000000	2.683248	1543393489.834451	2.683248
0.040439	-0.402015	0.223017	12.737917	-1.088694	12.691307	34.287578	0.007353	-1025001.000000	0.000000	0.000000	0.000000	12.737917	-1.088694	12.691307	1.000000	2.691773	1543393489.842453	2.691773
0.234062	-0.259589	-0.311409	12.735190	-1.086710	12.688740	34.489927	0.007747	-1025001.000000	0.000000	0.000000	0.000000	12.735190	-1.086710	12.688740	1.000000	2.708238	1543393489.858449	2.708238
0.048974	-0.095591	-0.101151	12.734713	-1.086781	12.688256	34.675549	0.008123	-1025001.000000	0.000000	0.000000	0.000000	12.734713	-1.086781	12.688256	1.000000	2.722915	1543393489.874453	2.722915
0.022697	-0.192556	-0.182057	12.733644	-1.086974	12.687166	34.776776	0.008313	-1025001.000000	0.000000	0.000000	0.000000	12.733644	-1.086974	12.687166	1.000000	2.731094	1543393489.882455	2.731094
0.113210	-0.210162	0.176470	12.732440	-1.086467	12.686001	34.877932	0.008502	-1025001.000000	0.000000	0.000000	0.000000	12.732440	-1.086467	12.686001	1.000000	2.739297	1543393489.890452	2.739297
0.191878	-0.326683	-0.078770	12.730296	-1.085230	12.683954	34.979158	0.008686	-1025001.000000	0.000000	0.000000	0.000000	12.730296	-1.085230	12.683954	1.000000	2.747710	1543393489.898455	2.747710
0.106327	-0.341165	0.107575	12.725752	-1.084635	12.679445	35.181439	0.009045	-1025001.000000	0.000000	0.000000	0.000000	12.725752	-1.084635	12.679445	1.000000	2.764586	1543393489.914451	2.764586
0.023227	-0.235220	-0.134136	12.724340	-1.084801	12.678013	35.282587	0.009238	-1025001.000000	0.000000	0.000000	0.000000	12.724340	-1.084801	12.678013	1.000000	2.772842	1543393489.922449	2.772842
0.008618	-0.157571	-0.268998	12.723544	-1.085123	12.677187	35.383773	0.009434	-1025001.000000	0.000000	0.000000	0.000000	12.723544	-1.085123	12.677187	1.000000	2.780968	1543393489.930451	2.780968
-0.032666	-0.245891	-0.425963	12.722040	-1.085701	12.675628	35.484945	0.009634	-1025001.000000	0.000000	0.000000	0.000000	12.722040	-1.085701	12.675628	1.000000	2.789250	1543393489.938452	2.789250
0.197320	-0.346952	-0.087404	12.717732	-1.084745	12.671386	35.788375	0.010254	-1025001.000000	0.000000	0.000000	0.000000	12.717732	-1.084745	12.671386	1.000000	2.814053	1543393489.962452	2.814053
0.206884	-0.301115	-0.152789	12.715788	-1.083401	12.669550	35.889512	0.010447	-1025001.000000	0.000000	0.000000	0.000000	12.715788	-1.083401	12.669550	1.000000	2.822437	1543393489.970453	2.822437
0.244069	-0.214532	-0.426667	12.714532	-1.081796	12.668427	35.990590	0.010630	-1025001.000000	0.000000	0.000000	0.000000	12.714532	-1.081796	12.668427	1.000000	2.830666	1543393489.978450	2.830666
0.205084	-0.363991	0.061399	12.710243	-1.075577	12.664652	36.293964	0.011079	-1025001.000000	0.000000	0.000000	0.000000	12.710243	-1.075577	12.664652	1.000000	2.855489	1543393490.002454	2.855489
0.237852	-0.305883	0.647469	12.699504	-1.070478	12.654306	36.697520	0.012658	-1025001.000000	0.000000	0.000000	0.000000	12.699504	-1.070478	12.654306	1.000000	2.889681	1543393490.034452	2.889681
0.189910	-0.410393	0.078325	12.696694	-1.069215	12.651594	36.798518	0.012715	-1025001.000000	0.000000	0.000000	0.000000	12.696694	-1.069215	12.651594	1.000000	2.898276	1543393490.042452	2.898276
-0.059428	-0.122658	0.693278	12.690307	-1.067032	12.645368	37.236479	0.012858	-1025001.000000	0.000000	0.000000	0.000000	12.690307	-1.067032	12.645368	1.000000	2.934246	1543393490.074450	2.934246
0.018990	-0.415280	-0.648867	12.687433	-1.067064	12.642481	37.337417	0.012899	-1025001.000000	0.000000	0.000000	0.000000	12.687433	-1.067064	12.642481	1.000000	2.942866	1543393490.082450	2.942866
-0.087758	-0.247882	0.423859	12.685934	-1.068153	12.640885	37.438418	0.012946	-1025001.000000	0.000000	0.000000	0.000000	12.685934	-1.068153	12.640885	1.000000	2.951176	1543393490.090456	2.951176
-0.216490	-0.281570	0.094029	12.684148	-1.070216	12.638918	37.539266	0.013006	-1025001.000000	0.000000	0.000000	0.000000	12.684148	-1.070216	12.638918	1.000000	2.959542	1543393490.098451	2.959542
0.112345	-0.322932	-0.640120	12.677498	-1.070910	12.632185	37.841895	0.013247	-1025001.000000	0.000000	0.000000	0.000000	12.677498	-1.070910	12.632185	1.000000	2.984966	1543393490.122450	2.984966
0.142561	-0.154277	0.039985	12.674513	-1.070338	12.629238	38.043627	0.013408	-1025001.000000	0.000000	0.000000	0.000000	12.674513	-1.070338	12.629238	1.000000	3.001585	1543393490.138453	3.001585
0.065520	-0.319666	0.070468	12.670618	-1.068983	12.625444	38.245275	0.013550	-1025001.000000	0.000000	0.000000	0.000000	12.670618	-1.068983	12.625444	1.000000	3.018422	1543393490.154452	3.018422
0.139609	-0.175190	-0.138149	12.669675	-1.068263	12.624558	38.346101	0.013616	-1025001.000000	0.000000	0.000000	0.000000	12.669675	-1.068263	12.624558	1.000000	3.026605	1543393490.162453	3.026605
0.141651	-0.314090	-0.331690	12.667618	-1.067418	12.622566	38.431961	0.013677	-1025001.000000	0.000000	0.000000	0.000000	12.667618	-1.067418	12.622566	1.000000	3.033874	1543393490.170450	3.033874
0.099223	-0.332791	0.336821	12.665437	-1.066950	12.620417	38.532785	0.013735	-1025001.000000	0.000000	0.000000	0.000000	12.665437	-1.066950	12.620417	1.000000	3.042357	1543393490.178453	3.042357
0.026941	-0.517911	0.054014	12.659661	-1.066579	12.614651	38.734308	0.013846	-1025001.000000	0.000000	0.000000	0.000000	12.659661	-1.066579	12.614651	1.000000	3.059664	1543393490.194453	3.059664
0.078110	-0.628935	0.190777	12.655103	-1.066065	12.610120	38.835044	0.013717	-1025001.000000	0.000000	0.000000	0.000000	12.655103	-1.066065	12.610120	1.000000	3.068726	1543393490.202453	3.068726
-0.002238	-0.723744	-0.323657	12.649763	-1.066090	12.604759	38.935758	0.013589	-1025001.000000	0.000000	0.000000	0.000000	12.649763	-1.066090	12.604759	1.000000	3.077983	1543393490.210454	3.077983
0.026154	-0.320188	-0.400998	12.640154	-1.065902	12.595132	39.237661	0.013223	-1025001.000000	0.000000	0.000000	0.000000	12.640154	-1.065902	12.595132	1.000000	3.104207	1543393490.234453	3.104207
-0.036159	-0.257330	-0.275726	12.638551	-1.066515	12.593471	39.338267	0.013105	-1025001.000000	0.000000	0.000000	0.000000	12.638551	-1.066515	12.593471	1.000000	3.112561	1543393490.242453	3.112561
0.029600	-0.510668	-0.406568	12.634917	-1.066423	12.589832	39.438839	0.012991	-1025001.000000	0.000000	0.000000	0.000000	12.634917	-1.066423	12.589832	1.000000	3.121417	1543393490.250452	3.121417
-0.230275	-0.602527	0.225756	12.630579	-1.068387	12.585312	39.539381	0.012888	-1025001.000000	0.000000	0.000000	0.000000	12.630579	-1.068387	12.585312	1.000000	3.130449	1543393490.258451	3.130449
-0.025975	-0.860708	-0.332932	12.618798	-1.070401	12.573317	39.740381	0.012730	-1025001.000000	0.000000	0.000000	0.000000	12.618798	-1.070401	12.573317	1.000000	3.149300	1543393490.274452	3.149300
-0.054270	-0.707175	0.033751	12.613612	-1.070882	12.568071	39.845570	0.012663	-1025001.000000	0.000000	0.000000	0.000000	12.613612	-1.070882	12.568071	1.000000	3.158934	1543393490.282452	3.158934
-0.006470	-0.720729	-0.699489	12.608285	-1.070921	12.562722	39.945914	0.012602	-1025001.000000	0.000000	0.000000	0.000000	12.608285	-1.070921	12.562722	1.000000	3.168227	1543393490.290448	3.168227
0.094495	-0.770708	-0.008473	12.602591	-1.070167	12.557072	40.046318	0.012542	-1025001.000000	0.000000	0.000000	0.000000	12.602591	-1.070167	12.557072	1.000000	3.177626	1543393490.298452	3.177626
0.039800	-0.883712	-0.391560	12.586716	-1.063003	12.541748	40.245937	0.012540	-1025001.000000	0.000000	0.000000	0.000000	12.586716	-1.063003	12.541748	1.000000	3.197493	1543393490.314456	3.197493
-0.013394	-0.962434	0.266155	12.579507	-1.062999	12.534514	40.345975	0.012182	-1025001.000000	0.000000	0.000000	0.000000	12.579507	-1.062999	12.534514	1.000000	3.207278	1543393490.322451	3.207278
-0.053018	-1.121641	-0.148033	12.571001	-1.063178	12.525962	40.445973	0.011831	-1025001.000000	0.000000	0.000000	0.000000	12.571001	-1.063178	12.525962	1.000000	3.217403	1543393490.330448	3.217403
0.245307	-1.234640	-0.078442	12.544504	-1.059098	12.499716	40.745738	0.010776	-1025001.000000	0.000000	0.000000	0.000000	12.544504	-1.059098	12.499716	1.000000	3.248095	1543393490.354452	3.248095
0.312892	-1.145758	0.122925	12.535818	-1.056361	12.491230	40.845496	0.010406	-1025001.000000	0.000000	0.000000	0.000000	12.535818	-1.056361	12.491230	1.000000	3.258303	1543393490.362451	3.258303
0.138438	-1.092885	0.266309	12.527556	-1.055058	12.483049	40.906741	0.010025	-1025001.000000	0.000000	0.000000	0.000000	12.527556	-1.055058	12.483049	1.000000	3.265341	1543393490.370456	3.265341
0.158103	-1.069594	0.478146	12.519496	-1.053627	12.475081	41.006359	0.009638	-1025001.000000	0.000000	0.000000	0.000000	12.519496	-1.053627	12.475081	1.000000	3.275400	1543393490.378455	3.275400
0.123547	-1.096173	0.364237	12.495215	-1.049855	12.451032	41.304838	0.008445	-1025001.000000	0.000000	0.000000	0.000000	12.495215	-1.049855	12.451032	1.000000	3.305653	1543393490.402451	3.305653
0.163204	-1.058027	-0.166837	12.487212	-1.048349	12.443127	41.404215	0.008074	-1025001.000000	0.000000	0.000000	0.000000	12.487212	-1.048349	12.443127	1.000000	3.315729	1543393490.410449	3.315729
0.026446	-1.128865	-0.021905	12.463244	-1.047090	12.419181	41.702054	0.006959	-1025001.000000	0.000000	0.000000	0.000000	12.463244	-1.047090	12.419181	1.000000	3.346003	1543393490.434449	3.346003
-0.031723	-1.090433	0.292752	12.446137	-1.047297	12.401995	41.900287	0.006237	-1025001.000000	0.000000	0.000000	0.000000	12.446137	-1.047297	12.401995	1.000000	3.366530	1543393490.450449	3.366530
