auto-a-x	auto-a-y	auto-a-z	auto-speed	auto-speed-x	auto-speed-y	distance	line-distance	line-id	obspeed	obspeed-x	obspeed-y	respeed	respeed-x	respeed-y	status	thw	timestamp	ttc
0.060839	-0.432415	0.078207	10.454334	-0.923411	10.413473	89.600134	0.121547	-204901.000000	0.000000	0.000000	0.000000	10.454334	-0.923411	10.413473	1.000000	8.570621	1543388929.281294	8.570621
0.105113	-0.377227	0.024669	10.451805	-0.922869	10.410982	89.516534	0.121857	-204901.000000	0.000000	0.000000	0.000000	10.451805	-0.922869	10.410982	1.000000	8.564696	1543388929.289296	8.564696
0.198800	-0.408281	-0.300692	10.446611	-0.920591	10.405969	89.349420	0.122461	-204901.000000	0.000000	0.000000	0.000000	10.446611	-0.920591	10.405969	1.000000	8.552957	1543388929.305297	8.552957
0.131800	-0.385454	-0.317998	10.444008	-0.919853	10.403421	89.265909	0.122753	-204901.000000	0.000000	0.000000	0.000000	10.444008	-0.919853	10.403421	1.000000	8.547093	1543388929.313296	8.547093
0.172737	-0.242038	-0.523641	10.440529	-0.918515	10.400047	89.098891	0.123327	-204901.000000	0.000000	0.000000	0.000000	10.440529	-0.918515	10.400047	1.000000	8.533944	1543388929.329299	8.533944
0.238258	-0.214878	-0.323778	10.439296	-0.917053	10.398939	89.015436	0.123603	-204901.000000	0.000000	0.000000	0.000000	10.439296	-0.917053	10.398939	1.000000	8.526957	1543388929.337297	8.526957
0.273766	-0.311859	-0.161731	10.435517	-0.913574	10.395451	88.848533	0.124120	-204901.000000	0.000000	0.000000	0.000000	10.435517	-0.913574	10.395451	1.000000	8.514052	1543388929.353296	8.514052
0.158558	-0.283821	0.015823	10.433742	-0.912672	10.393748	88.765100	0.124362	-204901.000000	0.000000	0.000000	0.000000	10.433742	-0.912672	10.393748	1.000000	8.507504	1543388929.361296	8.507504
0.021637	-0.298052	-0.085613	10.431848	-0.912858	10.391831	90.159850	0.124603	-204901.000000	0.000000	0.000000	0.000000	10.431848	-0.912858	10.391831	1.000000	8.642750	1543388929.369292	8.642750
0.018834	-0.308341	-0.181205	10.429869	-0.913065	10.389825	90.076425	0.124847	-204901.000000	0.000000	0.000000	0.000000	10.429869	-0.913065	10.389825	1.000000	8.636391	1543388929.377294	8.636391
0.057701	-0.433957	-0.326840	10.424672	-0.913023	10.384612	89.909652	0.125341	-204901.000000	0.000000	0.000000	0.000000	10.424672	-0.913023	10.384612	1.000000	8.624699	1543388929.393296	8.624699
0.144138	-0.546643	-0.340173	10.420786	-0.912076	10.380795	89.826315	0.125587	-204901.000000	0.000000	0.000000	0.000000	10.420786	-0.912076	10.380795	1.000000	8.619917	1543388929.401296	8.619917
0.154851	-0.556846	0.016712	10.416827	-0.911012	10.376914	89.742976	0.125828	-204901.000000	0.000000	0.000000	0.000000	10.416827	-0.911012	10.376914	1.000000	8.615193	1543388929.409299	8.615193
0.057123	-0.464241	-0.010836	10.409951	-0.910311	10.370073	89.576450	0.126069	-204901.000000	0.000000	0.000000	0.000000	10.409951	-0.910311	10.370073	1.000000	8.604886	1543388929.425297	8.604886
0.068207	-0.464149	0.043991	10.406732	-0.910001	10.366869	89.493195	0.126189	-204901.000000	0.000000	0.000000	0.000000	10.406732	-0.910001	10.366869	1.000000	8.599548	1543388929.433299	8.599548
0.040729	-0.524523	-0.098167	10.403029	-0.909877	10.363163	89.410032	0.126311	-204901.000000	0.000000	0.000000	0.000000	10.403029	-0.909877	10.363163	1.000000	8.594615	1543388929.441295	8.594615
0.057731	-0.544509	-0.141692	10.399165	-0.909609	10.359307	89.326846	0.126433	-204901.000000	0.000000	0.000000	0.000000	10.399165	-0.909609	10.359307	1.000000	8.589810	1543388929.449296	8.589810
0.099433	-0.592254	0.011800	10.394923	-0.908964	10.355106	89.243691	0.126554	-204901.000000	0.000000	0.000000	0.000000	10.394923	-0.908964	10.355106	1.000000	8.585315	1543388929.457297	8.585315
0.146899	-0.758656	0.205400	10.384452	-0.907055	10.344761	90.693381	0.126787	-204901.000000	0.000000	0.000000	0.000000	10.384452	-0.907055	10.344761	1.000000	8.733574	1543388929.473299	8.733574
0.204461	-0.807595	0.374322	10.378495	-0.905392	10.338928	90.610374	0.126895	-204901.000000	0.000000	0.000000	0.000000	10.378495	-0.905392	10.338928	1.000000	8.730589	1543388929.481298	8.730589
0.175460	-0.834917	0.378487	10.366223	-0.902456	10.326866	90.444472	0.006029	-10001.000000	0.000000	0.000000	0.000000	10.366223	-0.902456	10.326866	1.000000	8.724920	1543388929.497299	8.724920
0.151291	-0.777617	0.309743	10.354391	-0.899565	10.315241	90.278807	-0.029437	-305101.000000	0.000000	0.000000	0.000000	10.354391	-0.899565	10.315241	1.000000	8.718891	1543388929.513296	8.718891
0.169822	-0.664905	0.198601	10.343694	-0.903941	10.304120	90.113431	0.129293	-204901.000000	0.000000	0.000000	0.000000	10.343694	-0.903941	10.304120	1.000000	8.711920	1543388929.529299	8.711920
0.127571	-0.645391	0.267021	10.334171	-0.901799	10.294749	89.948107	0.129760	-204901.000000	0.000000	0.000000	0.000000	10.334171	-0.901799	10.294749	1.000000	8.703950	1543388929.545299	8.703950
0.179041	-0.608371	0.349985	10.329804	-0.900482	10.290480	89.865501	0.129985	-204901.000000	0.000000	0.000000	0.000000	10.329804	-0.900482	10.290480	1.000000	8.699633	1543388929.553299	8.699633
0.159132	-0.631843	0.274381	10.325246	-0.899313	10.286007	89.782928	0.130203	-204901.000000	0.000000	0.000000	0.000000	10.325246	-0.899313	10.286007	1.000000	8.695476	1543388929.561299	8.695476
0.118041	-0.664665	0.229051	10.320425	-0.898451	10.281243	90.262034	0.130416	-204901.000000	0.000000	0.000000	0.000000	10.320425	-0.898451	10.281243	1.000000	8.745961	1543388929.569299	8.745961
0.107048	-0.728698	0.430844	10.315097	-0.897617	10.275967	90.179561	0.130626	-204901.000000	0.000000	0.000000	0.000000	10.315097	-0.897617	10.275967	1.000000	8.742483	1543388929.577297	8.742483
0.047537	-0.817451	0.483485	10.295654	-0.895859	10.256604	89.932416	0.131317	-204901.000000	0.000000	0.000000	0.000000	10.295654	-0.895859	10.256604	1.000000	8.734988	1543388929.601294	8.734988
0.016043	-0.687183	0.191630	10.290649	-0.895796	10.251585	89.850153	0.131595	-204901.000000	0.000000	0.000000	0.000000	10.290649	-0.895796	10.251585	1.000000	8.731243	1543388929.609291	8.731243
0.066692	-0.617318	0.024625	10.286199	-0.895391	10.247154	89.767866	0.131874	-204901.000000	0.000000	0.000000	0.000000	10.286199	-0.895391	10.247154	1.000000	8.727020	1543388929.617294	8.727020
0.008842	-0.596672	-0.044320	10.278168	-0.895159	10.239113	89.603433	0.132434	-204901.000000	0.000000	0.000000	0.000000	10.278168	-0.895159	10.239113	1.000000	8.717841	1543388929.633296	8.717841
0.042269	-0.764125	0.123487	10.272549	-0.894839	10.233501	89.521270	0.132718	-204901.000000	0.000000	0.000000	0.000000	10.272549	-0.894839	10.233501	1.000000	8.714611	1543388929.641297	8.714611
0.084489	-0.918451	0.304267	10.252371	-0.892253	10.213471	89.275154	0.133559	-204901.000000	0.000000	0.000000	0.000000	10.252371	-0.892253	10.213471	1.000000	8.707757	1543388929.665294	8.707757
-0.035573	-0.912246	0.269255	10.245566	-0.892435	10.206624	89.994903	0.133839	-204901.000000	0.000000	0.000000	0.000000	10.245566	-0.892435	10.206624	1.000000	8.783790	1543388929.673294	8.783790
-0.085390	-0.879888	-0.018849	10.239013	-0.893060	10.199992	89.912985	0.134127	-204901.000000	0.000000	0.000000	0.000000	10.239013	-0.893060	10.199992	1.000000	8.781411	1543388929.681297	8.781411
0.049648	-0.760119	-0.017582	10.233423	-0.892696	10.194412	89.831147	0.134421	-204901.000000	0.000000	0.000000	0.000000	10.233423	-0.892696	10.194412	1.000000	8.778211	1543388929.689297	8.778211
0.103811	-0.800249	-0.040624	10.225790	-0.893528	10.186677	89.749710	0.136398	-204901.000000	0.000000	0.000000	0.000000	10.225790	-0.893528	10.186677	1.000000	8.776800	1543388929.697297	8.776800
0.197632	-0.939963	-0.157749	10.212364	-0.891102	10.173412	89.586438	0.137103	-204901.000000	0.000000	0.000000	0.000000	10.212364	-0.891102	10.173412	1.000000	8.772351	1543388929.713298	8.772351
0.197034	-1.016927	-0.118050	10.204723	-0.889386	10.165892	89.504883	0.137445	-204901.000000	0.000000	0.000000	0.000000	10.204723	-0.889386	10.165892	1.000000	8.770928	1543388929.721299	8.770928
0.150430	-0.967416	0.064835	10.197480	-0.888064	10.158737	89.423427	0.137779	-204901.000000	0.000000	0.000000	0.000000	10.197480	-0.888064	10.158737	1.000000	8.769169	1543388929.729296	8.769169
0.160827	-0.739429	-0.073956	10.185454	-0.885221	10.146913	89.260582	0.138427	-204901.000000	0.000000	0.000000	0.000000	10.185454	-0.885221	10.146913	1.000000	8.763535	1543388929.745299	8.763535
0.119582	-0.732336	0.025511	10.180090	-0.884314	10.141609	89.179254	0.138743	-204901.000000	0.000000	0.000000	0.000000	10.180090	-0.884314	10.141609	1.000000	8.760163	1543388929.753298	8.760163
0.186594	-0.864727	0.002164	10.173667	-0.882781	10.135295	89.097931	0.139052	-204901.000000	0.000000	0.000000	0.000000	10.173667	-0.882781	10.135295	1.000000	8.757700	1543388929.761301	8.757700
0.125217	-0.897059	0.537486	10.166994	-0.881676	10.128693	89.016702	0.139356	-204901.000000	0.000000	0.000000	0.000000	10.166994	-0.881676	10.128693	1.000000	8.755459	1543388929.769300	8.755459
0.152434	-1.081142	0.488024	10.150958	-0.879042	10.112825	88.854444	0.139949	-204901.000000	0.000000	0.000000	0.000000	10.150958	-0.879042	10.112825	1.000000	8.753306	1543388929.785296	8.753306
0.078416	-0.902505	0.401021	10.144233	-0.878315	10.106138	88.773406	0.140239	-204901.000000	0.000000	0.000000	0.000000	10.144233	-0.878315	10.106138	1.000000	8.751121	1543388929.793294	8.751121
0.080354	-0.864073	0.025783	10.137809	-0.877628	10.099749	88.692381	0.140529	-204901.000000	0.000000	0.000000	0.000000	10.137809	-0.877628	10.099749	1.000000	8.748674	1543388929.801296	8.748674
0.099364	-0.835609	0.072216	10.131615	-0.876806	10.093604	88.611427	0.140816	-204901.000000	0.000000	0.000000	0.000000	10.131615	-0.876806	10.093604	1.000000	8.746031	1543388929.809296	8.746031
0.029291	-0.897203	-0.117554	10.118451	-0.875998	10.080460	88.449671	0.141391	-204901.000000	0.000000	0.000000	0.000000	10.118451	-0.875998	10.080460	1.000000	8.741424	1543388929.825296	8.741424
0.089174	-0.876324	-0.109350	10.111929	-0.875243	10.073980	88.368871	0.141679	-204901.000000	0.000000	0.000000	0.000000	10.111929	-0.875243	10.073980	1.000000	8.739071	1543388929.833296	8.739071
0.132509	-0.967770	-0.242804	10.104676	-0.874088	10.066799	88.288107	-0.126953	-10001.000000	0.000000	0.000000	0.000000	10.104676	-0.874088	10.066799	1.000000	8.737352	1543388929.841298	8.737352
0.081606	-0.968382	0.124296	10.097422	-0.873310	10.059586	88.207422	-0.109936	-10001.000000	0.000000	0.000000	0.000000	10.097422	-0.873310	10.059586	1.000000	8.735638	1543388929.849298	8.735638
0.017989	-0.983864	-0.051672	10.090040	-0.873042	10.052199	88.126806	-0.093145	-10001.000000	0.000000	0.000000	0.000000	10.090040	-0.873042	10.052199	1.000000	8.734039	1543388929.857297	8.734039
-0.035715	-1.047213	0.274888	10.074126	-0.873346	10.036198	90.592226	-0.061985	-10001.000000	0.000000	0.000000	0.000000	10.074126	-0.873346	10.036198	1.000000	8.992565	1543388929.873294	8.992565
0.064234	-1.017964	0.197705	10.066473	-0.872668	10.028576	90.511787	-0.047526	-10001.000000	0.000000	0.000000	0.000000	10.066473	-0.872668	10.028576	1.000000	8.991410	1543388929.881294	8.991410
0.124329	-0.992575	0.209554	10.059022	-0.871528	10.021195	90.431358	-0.033376	-10001.000000	0.000000	0.000000	0.000000	10.059022	-0.871528	10.021195	1.000000	8.990075	1543388929.889299	8.990075
0.164785	-1.048256	0.187234	10.043518	-0.868722	10.005877	90.270791	-0.007273	-10001.000000	0.000000	0.000000	0.000000	10.043518	-0.868722	10.005877	1.000000	8.987965	1543388929.905298	8.987965
0.278119	-1.152337	0.257120	10.026774	-0.864084	9.989473	90.110464	0.016289	-10001.000000	0.000000	0.000000	0.000000	10.026774	-0.864084	9.989473	1.000000	8.986984	1543388929.921297	8.986984
0.153324	-1.160000	0.298580	10.017985	-0.862584	9.980781	90.030371	0.027090	-10001.000000	0.000000	0.000000	0.000000	10.017985	-0.862584	9.980781	1.000000	8.986874	1543388929.929299	8.986874
0.104116	-1.019504	-0.091635	10.002071	-0.860976	9.964946	89.870457	-0.016082	-10001.000000	0.000000	0.000000	0.000000	10.002071	-0.860976	9.964946	1.000000	8.985185	1543388929.945296	8.985185
0.083145	-0.951702	0.018593	9.994946	-0.860206	9.957861	89.790577	-0.005532	-10001.000000	0.000000	0.000000	0.000000	9.994946	-0.860206	9.957861	1.000000	8.983598	1543388929.953296	8.983598
0.115740	-1.012974	0.083767	9.987333	-0.859127	9.950312	89.710743	0.004726	-10001.000000	0.000000	0.000000	0.000000	9.987333	-0.859127	9.950312	1.000000	8.982453	1543388929.961297	8.982453
0.188984	-1.095142	0.358437	9.979071	-0.857384	9.942170	90.900005	0.014456	-10001.000000	0.000000	0.000000	0.000000	9.979071	-0.857384	9.942170	1.000000	9.109065	1543388929.969297	9.109065
0.102727	-1.159828	0.304463	9.970288	-0.856286	9.933450	90.820344	0.024142	-10001.000000	0.000000	0.000000	0.000000	9.970288	-0.856286	9.933450	1.000000	9.109099	1543388929.977294	9.109099
-0.043459	-1.112381	0.341409	9.952772	-0.856105	9.915884	90.661175	0.041964	-10001.000000	0.000000	0.000000	0.000000	9.952772	-0.856105	9.915884	1.000000	9.109138	1543388929.993294	9.109138
-0.025988	-1.059471	0.242901	9.936804	-0.856463	9.899826	90.502243	0.058424	-10001.000000	0.000000	0.000000	0.000000	9.936804	-0.856463	9.899826	1.000000	9.107782	1543388930.009297	9.107782
0.179431	-1.135550	0.067085	9.919552	-0.860000	9.882202	90.343750	0.075402	-10001.000000	0.000000	0.000000	0.000000	9.919552	-0.860000	9.882202	1.000000	9.107644	1543388930.025298	9.107644
0.176581	-1.111363	0.124783	9.911150	-0.858365	9.873911	90.264529	0.082801	-10001.000000	0.000000	0.000000	0.000000	9.911150	-0.858365	9.873911	1.000000	9.107372	1543388930.033299	9.107372
0.093828	-1.080315	-0.175457	9.894679	-0.856339	9.857553	90.106363	0.096082	-10001.000000	0.000000	0.000000	0.000000	9.894679	-0.856339	9.857553	1.000000	9.106548	1543388930.049293	9.106548
0.085776	-1.123333	-0.191309	9.878013	-0.854352	9.840997	89.948362	0.107950	-10001.000000	0.000000	0.000000	0.000000	9.878013	-0.854352	9.840997	1.000000	9.105916	1543388930.065297	9.105916
0.040607	-1.141205	-0.109393	9.869365	-0.853796	9.832365	90.983547	0.113434	-10001.000000	0.000000	0.000000	0.000000	9.869365	-0.853796	9.832365	1.000000	9.218784	1543388930.073296	9.218784
0.031800	-1.111296	-0.197872	9.860951	-0.853336	9.823959	90.904727	0.118460	-10001.000000	0.000000	0.000000	0.000000	9.860951	-0.853336	9.823959	1.000000	9.218657	1543388930.081297	9.218657
0.013884	-1.162910	-0.244228	9.852128	-0.852986	9.815133	90.826014	0.123401	-10001.000000	0.000000	0.000000	0.000000	9.852128	-0.852986	9.815133	1.000000	9.218924	1543388930.089294	9.218924
0.001140	-1.181644	-0.198299	9.843151	-0.852720	9.806146	90.747270	0.127583	-10001.000000	0.000000	0.000000	0.000000	9.843151	-0.852720	9.806146	1.000000	9.219331	1543388930.097294	9.219331
0.090018	-1.122697	-0.108033	9.826152	-0.851133	9.789220	90.589964	0.135321	-10001.000000	0.000000	0.000000	0.000000	9.826152	-0.851133	9.789220	1.000000	9.219272	1543388930.113297	9.219272
0.079831	-1.065454	-0.261011	9.809768	-0.849429	9.772923	90.432955	0.141709	-10001.000000	0.000000	0.000000	0.000000	9.809768	-0.849429	9.772923	1.000000	9.218664	1543388930.129297	9.218664
0.059769	-1.091806	-0.337029	9.793244	-0.848031	9.756458	90.276216	0.146757	-10001.000000	0.000000	0.000000	0.000000	9.793244	-0.848031	9.756458	1.000000	9.218214	1543388930.145296	9.218214
0.109881	-1.109152	-0.296346	9.784844	-0.846960	9.748119	90.197934	0.148531	-10001.000000	0.000000	0.000000	0.000000	9.784844	-0.846960	9.748119	1.000000	9.218127	1543388930.153297	9.218127
0.184536	-1.167006	-0.214113	9.775987	-0.845247	9.739377	90.119718	0.150297	-10001.000000	0.000000	0.000000	0.000000	9.775987	-0.845247	9.739377	1.000000	9.218478	1543388930.161298	9.218478
0.193269	-1.241527	-0.161594	9.766535	-0.843406	9.730050	92.002037	0.151427	-10001.000000	0.000000	0.000000	0.000000	9.766535	-0.843406	9.730050	1.000000	9.420130	1543388930.169299	9.420130
0.175968	-1.240846	0.029774	9.747396	-0.839786	9.711153	91.846003	0.153002	-10001.000000	0.000000	0.000000	0.000000	9.747396	-0.839786	9.711153	1.000000	9.422619	1543388930.185299	9.422619
0.115738	-1.135766	-0.107942	9.738795	-0.838634	9.702619	91.768116	0.153224	-10001.000000	0.000000	0.000000	0.000000	9.738795	-0.838634	9.702619	1.000000	9.422944	1543388930.193297	9.422944
0.062895	-1.045269	0.021995	9.733765	-0.838210	9.697607	91.690105	0.154690	-204101.000000	0.000000	0.000000	0.000000	9.733765	-0.838210	9.697607	1.000000	9.419798	1543388930.201297	9.419798
0.016130	-1.126227	-0.058459	9.725240	-0.837854	9.689081	91.612227	0.154488	-204101.000000	0.000000	0.000000	0.000000	9.725240	-0.837854	9.689081	1.000000	9.420048	1543388930.209295	9.420048
0.103684	-1.257951	-0.283492	9.697834	-0.835727	9.661756	91.378939	0.153896	-204101.000000	0.000000	0.000000	0.000000	9.697834	-0.835727	9.661756	1.000000	9.422614	1543388930.233297	9.422614
0.140708	-1.170306	-0.224473	9.688949	-0.834359	9.652957	91.301322	0.153695	-204101.000000	0.000000	0.000000	0.000000	9.688949	-0.834359	9.652957	1.000000	9.423243	1543388930.241298	9.423243
0.132842	-1.101295	-0.298296	9.680612	-0.833110	9.644697	91.223772	0.153489	-204101.000000	0.000000	0.000000	0.000000	9.680612	-0.833110	9.644697	1.000000	9.423348	1543388930.249299	9.423348
0.029251	-1.185274	-0.365200	9.654679	-0.830942	9.618854	90.991600	0.152859	-204101.000000	0.000000	0.000000	0.000000	9.654679	-0.830942	9.618854	1.000000	9.424612	1543388930.273295	9.424612
0.052338	-1.290288	-0.226184	9.644830	-0.830192	9.609034	92.654172	0.152651	-204101.000000	0.000000	0.000000	0.000000	9.644830	-0.830192	9.609034	1.000000	9.606615	1543388930.281299	9.606615
0.009543	-1.321571	-0.192764	9.634739	-0.829758	9.598942	92.577011	0.152445	-204101.000000	0.000000	0.000000	0.000000	9.634739	-0.829758	9.598942	1.000000	9.608669	1543388930.289297	9.608669
-0.126075	-1.193205	-0.258895	9.606588	-0.831035	9.570575	92.345935	0.151873	-204101.000000	0.000000	0.000000	0.000000	9.606588	-0.831035	9.570575	1.000000	9.612772	1543388930.313297	9.612772
-0.115834	-1.036840	-0.263725	9.598765	-0.831809	9.562655	92.269043	0.151704	-204101.000000	0.000000	0.000000	0.000000	9.598765	-0.831809	9.562655	1.000000	9.612595	1543388930.321298	9.612595
-0.041978	-1.029045	-0.257015	9.591008	-0.832001	9.554853	92.192220	0.151544	-204101.000000	0.000000	0.000000	0.000000	9.591008	-0.832001	9.554853	1.000000	9.612359	1543388930.329298	9.612359
0.052634	-1.146659	-0.243225	9.582314	-0.831354	9.546182	92.115454	0.151388	-204101.000000	0.000000	0.000000	0.000000	9.582314	-0.831354	9.546182	1.000000	9.613070	1543388930.337299	9.613070
0.124095	-1.288219	-0.299196	9.552733	-0.827478	9.516827	91.885655	0.150905	-204101.000000	0.000000	0.000000	0.000000	9.552733	-0.827478	9.516827	1.000000	9.618782	1543388930.361298	9.618782
0.108539	-1.265069	-0.389622	9.543087	-0.826312	9.507245	92.495475	0.150737	-204101.000000	0.000000	0.000000	0.000000	9.543087	-0.826312	9.507245	1.000000	9.692406	1543388930.369298	9.692406
0.119513	-1.322722	-0.033982	9.514409	-0.823546	9.478700	92.266591	0.150229	-204101.000000	0.000000	0.000000	0.000000	9.514409	-0.823546	9.478700	1.000000	9.697564	1543388930.393298	9.697564
0.137242	-1.293315	0.236734	9.504571	-0.822078	9.468953	92.190451	0.150055	-204101.000000	0.000000	0.000000	0.000000	9.504571	-0.822078	9.468953	1.000000	9.699591	1543388930.401298	9.699591
0.067660	-1.350660	0.081436	9.494264	-0.821137	9.458688	92.114385	0.149878	-204101.000000	0.000000	0.000000	0.000000	9.494264	-0.821137	9.458688	1.000000	9.702109	1543388930.409299	9.702109
0.095092	-1.348188	0.248303	9.473919	-0.818928	9.438458	91.962532	0.149288	-204101.000000	0.000000	0.000000	0.000000	9.473919	-0.818928	9.438458	1.000000	9.706916	1543388930.425296	9.706916
0.053509	-1.419792	0.252552	9.463067	-0.818033	9.427643	91.886718	0.148991	-204101.000000	0.000000	0.000000	0.000000	9.463067	-0.818033	9.427643	1.000000	9.710036	1543388930.433296	9.710036
0.026572	-1.375551	0.309067	9.452571	-0.817379	9.417164	91.810999	0.148695	-204101.000000	0.000000	0.000000	0.000000	9.452571	-0.817379	9.417164	1.000000	9.712807	1543388930.441295	9.712807
0.024307	-1.388573	0.148182	9.441958	-0.816748	9.406567	91.735335	0.148401	-204101.000000	0.000000	0.000000	0.000000	9.441958	-0.816748	9.406567	1.000000	9.715711	1543388930.449297	9.715711
0.042492	-1.339009	0.197143	9.431750	-0.816004	9.396385	91.659783	0.148109	-204101.000000	0.000000	0.000000	0.000000	9.431750	-0.816004	9.396385	1.000000	9.718216	1543388930.457296	9.718216
0.084439	-1.346518	0.183562	9.411325	-0.814140	9.376045	92.103838	0.147527	-204101.000000	0.000000	0.000000	0.000000	9.411325	-0.814140	9.376045	1.000000	9.786490	1543388930.473299	9.786490
0.070166	-1.412275	0.208497	9.379263	-0.810584	9.344171	91.878194	0.146639	-204101.000000	0.000000	0.000000	0.000000	9.379263	-0.810584	9.344171	1.000000	9.795886	1543388930.497294	9.795886
-0.052397	-1.337231	0.243192	9.358445	-0.809877	9.323336	91.728141	0.146049	-204101.000000	0.000000	0.000000	0.000000	9.358445	-0.809877	9.323336	1.000000	9.801644	1543388930.513296	9.801644
-0.044297	-1.336467	0.357910	9.344340	-0.817743	9.308490	91.653551	0.147650	-204101.000000	0.000000	0.000000	0.000000	9.344340	-0.817743	9.308490	1.000000	9.808456	1543388930.521297	9.808456
0.084044	-1.388136	-0.029027	9.313053	-0.815074	9.277317	91.429724	0.147501	-204101.000000	0.000000	0.000000	0.000000	9.313053	-0.815074	9.277317	1.000000	9.817374	1543388930.545297	9.817374
0.089254	-1.400989	-0.036787	9.302332	-0.813933	9.266655	91.355282	0.147450	-204101.000000	0.000000	0.000000	0.000000	9.302332	-0.813933	9.266655	1.000000	9.820686	1543388930.553297	9.820686
0.183718	-1.397028	-0.022520	9.291644	-0.812040	9.256092	91.280908	0.147394	-204101.000000	0.000000	0.000000	0.000000	9.291644	-0.812040	9.256092	1.000000	9.823979	1543388930.561299	9.823979
0.218993	-1.435323	0.123186	9.280662	-0.809826	9.245262	92.200290	0.147329	-204101.000000	0.000000	0.000000	0.000000	9.280662	-0.809826	9.245262	1.000000	9.934667	1543388930.569297	9.934667
0.160122	-1.459349	0.153649	9.269485	-0.808061	9.234196	92.126111	0.147256	-204101.000000	0.000000	0.000000	0.000000	9.269485	-0.808061	9.234196	1.000000	9.938644	1543388930.577297	9.938644
0.097518	-1.416779	0.042842	9.236824	-0.804323	9.201738	91.904226	0.147060	-204101.000000	0.000000	0.000000	0.000000	9.236824	-0.804323	9.201738	1.000000	9.949765	1543388930.601294	9.949765
0.135614	-1.405839	0.226449	9.215267	-0.801552	9.180341	91.756842	0.146973	-204101.000000	0.000000	0.000000	0.000000	9.215267	-0.801552	9.180341	1.000000	9.957046	1543388930.617295	9.957046
0.026216	-1.403089	0.218403	9.193607	-0.799674	9.158763	91.609795	0.146875	-204101.000000	0.000000	0.000000	0.000000	9.193607	-0.799674	9.158763	1.000000	9.964511	1543388930.633297	9.964511
0.015617	-1.402943	0.305016	9.172463	-0.798458	9.137645	91.463115	0.146785	-204101.000000	0.000000	0.000000	0.000000	9.172463	-0.798458	9.137645	1.000000	9.971489	1543388930.649296	9.971489
0.153526	-1.482298	0.215021	9.138925	-0.794491	9.104325	92.233680	0.146654	-204101.000000	0.000000	0.000000	0.000000	9.138925	-0.794491	9.104325	1.000000	10.092399	1543388930.673300	10.092399
0.153134	-1.510207	0.118972	9.127340	-0.792750	9.092848	92.160754	0.146601	-204101.000000	0.000000	0.000000	0.000000	9.127340	-0.792750	9.092848	1.000000	10.097219	1543388930.681298	10.097219
0.139161	-1.398675	-0.049501	9.094919	-0.786403	9.060856	91.942489	0.147693	-204101.000000	0.000000	0.000000	0.000000	9.094919	-0.786403	9.060856	1.000000	10.109215	1543388930.705297	10.109215
0.119798	-1.417582	-0.076622	9.084063	-0.785007	9.050081	91.869863	0.147535	-204101.000000	0.000000	0.000000	0.000000	9.084063	-0.785007	9.050081	1.000000	10.113301	1543388930.713297	10.113301
0.051551	-1.459504	0.003140	9.072876	-0.784118	9.038929	91.797333	0.147376	-204101.000000	0.000000	0.000000	0.000000	9.072876	-0.784118	9.038929	1.000000	10.117777	1543388930.721296	10.117777
-0.065636	-1.531646	-0.263931	9.049620	-0.783578	9.015633	91.652530	0.147068	-204101.000000	0.000000	0.000000	0.000000	9.049620	-0.783578	9.015633	1.000000	10.127776	1543388930.737296	10.127776
-0.018956	-1.501846	-0.148453	9.014790	-0.783744	8.980656	91.436026	0.146673	-204101.000000	0.000000	0.000000	0.000000	9.014790	-0.783744	8.980656	1.000000	10.142891	1543388930.761296	10.142891
0.048678	-1.412780	-0.158527	9.003965	-0.782926	8.969862	91.861080	0.146553	-204101.000000	0.000000	0.000000	0.000000	9.003965	-0.782926	8.969862	1.000000	10.202292	1543388930.769296	10.202292
0.152892	-1.518634	-0.185054	8.970021	-0.778589	8.936167	91.645618	0.146185	-204101.000000	0.000000	0.000000	0.000000	8.970021	-0.778589	8.936167	1.000000	10.216878	1543388930.793300	10.216878
0.134360	-1.578312	-0.183114	8.957883	-0.776970	8.924124	91.574039	0.146054	-204101.000000	0.000000	0.000000	0.000000	8.957883	-0.776970	8.924124	1.000000	10.222732	1543388930.801295	10.222732
0.145922	-1.584833	-0.116326	8.945685	-0.775248	8.912029	91.502495	0.145917	-204101.000000	0.000000	0.000000	0.000000	8.945685	-0.775248	8.912029	1.000000	10.228674	1543388930.809297	10.228674
0.049049	-1.481752	-0.332341	8.934297	-0.774390	8.900674	91.431065	0.145779	-204101.000000	0.000000	0.000000	0.000000	8.934297	-0.774390	8.900674	1.000000	10.233716	1543388930.817297	10.233716
0.088239	-1.455361	-0.249200	8.912103	-0.772424	8.878567	91.288471	0.145505	-204101.000000	0.000000	0.000000	0.000000	8.912103	-0.772424	8.878567	1.000000	10.243202	1543388930.833297	10.243202
0.144628	-1.457901	-0.138682	8.889927	-0.769747	8.856540	91.146224	0.145226	-204101.000000	0.000000	0.000000	0.000000	8.889927	-0.769747	8.856540	1.000000	10.252753	1543388930.849298	10.252753
0.217821	-1.544818	-0.014883	8.878060	-0.767470	8.844826	91.075214	0.145078	-204101.000000	0.000000	0.000000	0.000000	8.878060	-0.767470	8.844826	1.000000	10.258459	1543388930.857301	10.258459
0.172318	-1.591997	0.009734	8.841650	-0.761244	8.808818	91.119119	0.144583	-204101.000000	0.000000	0.000000	0.000000	8.841650	-0.761244	8.808818	1.000000	10.305669	1543388930.881297	10.305669
0.128096	-1.571808	0.050854	8.829570	-0.759651	8.796831	91.048524	0.144404	-204101.000000	0.000000	0.000000	0.000000	8.829570	-0.759651	8.796831	1.000000	10.311773	1543388930.889297	10.311773
0.103232	-1.550003	0.009573	8.805487	-0.756678	8.772915	90.907631	0.144036	-204101.000000	0.000000	0.000000	0.000000	8.805487	-0.756678	8.772915	1.000000	10.323975	1543388930.905296	10.323975
0.062724	-1.642525	-0.216828	8.780329	-0.754292	8.747869	90.767035	0.143495	-204101.000000	0.000000	0.000000	0.000000	8.780329	-0.754292	8.747869	1.000000	10.337544	1543388930.921296	10.337544
0.018031	-1.587597	-0.098036	8.768111	-0.753572	8.735669	90.696848	0.143143	-204101.000000	0.000000	0.000000	0.000000	8.768111	-0.753572	8.735669	1.000000	10.343944	1543388930.929295	10.343944
-0.215775	-1.597088	-0.198541	8.730517	-0.754567	8.697847	90.486886	0.142133	-204101.000000	0.000000	0.000000	0.000000	8.730517	-0.754567	8.697847	1.000000	10.364437	1543388930.953293	10.364437
-0.333243	-1.684436	-0.183375	8.717501	-0.756572	8.684608	90.417077	0.141831	-204101.000000	0.000000	0.000000	0.000000	8.717501	-0.756572	8.684608	1.000000	10.371903	1543388930.961295	10.371903
-0.251110	-1.655096	-0.223725	8.692074	-0.759616	8.658818	90.434708	0.141296	-204101.000000	0.000000	0.000000	0.000000	8.692074	-0.759616	8.658818	1.000000	10.404273	1543388930.977294	10.404273
-0.217607	-1.675984	-0.072709	8.666322	-0.762215	8.632738	90.295846	0.140844	-204101.000000	0.000000	0.000000	0.000000	8.666322	-0.762215	8.632738	1.000000	10.419166	1543388930.993293	10.419166
-0.174478	-1.625837	0.019136	8.640947	-0.764088	8.607098	90.157352	0.140465	-204101.000000	0.000000	0.000000	0.000000	8.640947	-0.764088	8.607098	1.000000	10.433735	1543388931.009297	10.433735
-0.107443	-1.659801	-0.046397	8.624780	-0.775218	8.589870	90.088595	0.142310	-204101.000000	0.000000	0.000000	0.000000	8.624780	-0.775218	8.589870	1.000000	10.445321	1543388931.017293	10.445321
-0.030484	-1.683660	0.192806	8.599165	-0.774941	8.564176	89.950922	0.142649	-204101.000000	0.000000	0.000000	0.000000	8.599165	-0.774941	8.564176	1.000000	10.460425	1543388931.033296	10.460425
-0.053002	-1.746621	0.245662	8.585693	-0.774620	8.550677	89.882221	0.142829	-204101.000000	0.000000	0.000000	0.000000	8.585693	-0.774620	8.550677	1.000000	10.468837	1543388931.041300	10.468837
-0.019559	-1.791227	0.054167	8.558267	-0.774080	8.523189	89.745276	0.143215	-204101.000000	0.000000	0.000000	0.000000	8.558267	-0.774080	8.523189	1.000000	10.486384	1543388931.049294	10.486384
0.067963	-1.774749	0.178318	8.531058	-0.771649	8.496087	89.608698	0.143615	-204101.000000	0.000000	0.000000	0.000000	8.531058	-0.771649	8.496087	1.000000	10.503820	1543388931.073294	10.503820
0.104118	-1.687988	0.344746	8.504289	-0.768579	8.469487	89.211131	0.144010	-204101.000000	0.000000	0.000000	0.000000	8.504289	-0.768579	8.469487	1.000000	10.490134	1543388931.089297	10.490134
-0.001249	-1.667894	0.214461	8.465860	-0.765485	8.431181	89.007834	0.144811	-204101.000000	0.000000	0.000000	0.000000	8.465860	-0.765485	8.431181	1.000000	10.513738	1543388931.113293	10.513738
-0.039499	-1.783317	0.041721	8.438940	-0.764454	8.404244	88.872800	0.145362	-204101.000000	0.000000	0.000000	0.000000	8.438940	-0.764454	8.404244	1.000000	10.531276	1543388931.129293	10.531276
-0.090046	-1.712995	-0.049315	8.398920	-0.762941	8.364196	88.671041	0.146227	-204101.000000	0.000000	0.000000	0.000000	8.398920	-0.762941	8.364196	1.000000	10.557434	1543388931.153295	10.557434
0.035718	-1.729105	-0.153291	8.372533	-0.761568	8.337825	88.484597	0.146835	-204101.000000	0.000000	0.000000	0.000000	8.372533	-0.761568	8.337825	1.000000	10.568438	1543388931.169300	10.568438
0.025364	-1.742168	-0.149990	8.345573	-0.759743	8.310920	88.351084	0.147454	-204101.000000	0.000000	0.000000	0.000000	8.345573	-0.759743	8.310920	1.000000	10.586580	1543388931.185297	10.586580
0.023170	-1.784392	-0.309233	8.331764	-0.758803	8.297139	88.284460	0.147768	-204101.000000	0.000000	0.000000	0.000000	8.331764	-0.758803	8.297139	1.000000	10.596131	1543388931.193299	10.596131
-0.018142	-1.760062	-0.123882	8.305967	-0.755970	8.271493	88.151437	0.149606	-204101.000000	0.000000	0.000000	0.000000	8.305967	-0.755970	8.271493	1.000000	10.613026	1543388931.209298	10.613026
-0.098294	-1.685527	0.028998	8.279658	-0.755731	8.245096	88.018849	0.150036	-204101.000000	0.000000	0.000000	0.000000	8.279658	-0.755731	8.245096	1.000000	10.630734	1543388931.225294	10.630734
-0.134662	-1.798839	0.013777	8.238500	-0.754973	8.203834	87.820722	0.150740	-204101.000000	0.000000	0.000000	0.000000	8.238500	-0.754973	8.203834	1.000000	10.659795	1543388931.249294	10.659795
-0.106833	-1.765481	-0.149351	8.197362	-0.755143	8.162506	87.680357	0.151534	-204101.000000	0.000000	0.000000	0.000000	8.197362	-0.755143	8.162506	1.000000	10.696168	1543388931.273296	10.696168
-0.106822	-1.750242	0.059827	8.170598	-0.754941	8.135646	87.549452	0.152110	-204101.000000	0.000000	0.000000	0.000000	8.170598	-0.754941	8.135646	1.000000	10.715183	1543388931.289299	10.715183
-0.038521	-1.716254	-0.013684	8.129943	-0.754466	8.094860	87.353984	0.153049	-204101.000000	0.000000	0.000000	0.000000	8.129943	-0.754466	8.094860	1.000000	10.744722	1543388931.313294	10.744722
0.020064	-1.811717	-0.106686	8.102752	-0.752874	8.067699	87.224155	0.153705	-204101.000000	0.000000	0.000000	0.000000	8.102752	-0.752874	8.067699	1.000000	10.764757	1543388931.329297	10.764757
-0.049179	-1.765640	0.006898	8.061083	-0.751041	8.026020	87.030294	0.154718	-204101.000000	0.000000	0.000000	0.000000	8.061083	-0.751041	8.026020	1.000000	10.796353	1543388931.353296	10.796353
-0.097005	-1.716956	-0.057707	8.034585	-0.750947	7.999414	86.901607	0.155431	-204101.000000	0.000000	0.000000	0.000000	8.034585	-0.750947	7.999414	1.000000	10.815942	1543388931.369294	10.815942
-0.105616	-1.823506	0.066495	7.992968	-0.750786	7.957629	86.537185	0.156570	-204101.000000	0.000000	0.000000	0.000000	7.992968	-0.750786	7.957629	1.000000	10.826665	1543388931.393295	10.826665
-0.053788	-1.820799	0.034136	7.964657	-0.750206	7.929246	86.409594	0.157378	-204101.000000	0.000000	0.000000	0.000000	7.964657	-0.750206	7.929246	1.000000	10.849130	1543388931.409294	10.849130
-0.052143	-1.769085	0.118631	7.950997	-0.749795	7.915564	86.345862	0.157560	-204101.000000	0.000000	0.000000	0.000000	7.950997	-0.749795	7.915564	1.000000	10.859753	1543388931.417297	10.859753
-0.011892	-1.743347	-0.007755	7.924002	-0.748639	7.888558	86.218794	0.157942	-204101.000000	0.000000	0.000000	0.000000	7.924002	-0.748639	7.888558	1.000000	10.880714	1543388931.433294	10.880714
0.009638	-1.823574	0.079142	7.896103	-0.746783	7.860710	86.092125	0.158340	-204101.000000	0.000000	0.000000	0.000000	7.896103	-0.746783	7.860710	1.000000	10.903116	1543388931.449296	10.903116
-0.099964	-1.905514	0.219848	7.866873	-0.746094	7.831413	85.254981	0.158757	-204101.000000	0.000000	0.000000	0.000000	7.866873	-0.746094	7.831413	1.000000	10.837214	1543388931.465293	10.837214
-0.097510	-1.881591	0.103093	7.852308	-0.745945	7.816796	85.192042	0.158979	-204101.000000	0.000000	0.000000	0.000000	7.852308	-0.745945	7.816796	1.000000	10.849300	1543388931.473295	10.849300
-0.035948	-1.773237	0.140090	7.824461	-0.745076	7.788906	85.066537	0.159448	-204101.000000	0.000000	0.000000	0.000000	7.824461	-0.745076	7.788906	1.000000	10.871872	1543388931.489295	10.871872
-0.001115	-1.751274	0.074440	7.810938	-0.744262	7.775398	85.003911	0.159691	-204101.000000	0.000000	0.000000	0.000000	7.810938	-0.744262	7.775398	1.000000	10.882677	1543388931.497300	10.882677
-0.010847	-1.781258	-0.099155	7.783654	-0.742740	7.748135	84.879076	0.160186	-204101.000000	0.000000	0.000000	0.000000	7.783654	-0.742740	7.748135	1.000000	10.904786	1543388931.513298	10.904786
0.007641	-1.882307	-0.065532	7.752666	-0.749879	7.716314	84.754969	0.162943	-204101.000000	0.000000	0.000000	0.000000	7.752666	-0.749879	7.716314	1.000000	10.932365	1543388931.529300	10.932365
0.033641	-1.859214	0.021495	7.709232	-0.746219	7.673032	84.569465	0.164497	-204101.000000	0.000000	0.000000	0.000000	7.709232	-0.746219	7.673032	1.000000	10.969895	1543388931.545297	10.969895
0.036341	-1.838494	-0.088281	7.695008	-0.745040	7.658856	84.507851	0.165016	-204101.000000	0.000000	0.000000	0.000000	7.695008	-0.745040	7.658856	1.000000	10.982165	1543388931.561296	10.982165
-0.004381	-1.843297	-0.151829	7.680739	-0.744183	7.644602	84.446343	0.165538	-204101.000000	0.000000	0.000000	0.000000	7.680739	-0.744183	7.644602	1.000000	10.994560	1543388931.569297	10.994560
0.074584	-1.840993	-0.320293	7.652383	-0.741691	7.616355	83.967251	0.166589	-204101.000000	0.000000	0.000000	0.000000	7.652383	-0.741691	7.616355	1.000000	10.972693	1543388931.585299	10.972693
0.095938	-1.874586	-0.215712	7.637864	-0.740011	7.601930	83.906084	0.167113	-204101.000000	0.000000	0.000000	0.000000	7.637864	-0.740011	7.601930	1.000000	10.985543	1543388931.593300	10.985543
0.021039	-1.824970	0.182383	7.594460	-0.736249	7.558688	83.723537	0.168991	-204101.000000	0.000000	0.000000	0.000000	7.594460	-0.736249	7.558688	1.000000	11.024291	1543388931.617298	11.024291
-0.003773	-1.829493	0.211850	7.566206	-0.734437	7.530476	83.602397	0.170253	-204101.000000	0.000000	0.000000	0.000000	7.566206	-0.734437	7.530476	1.000000	11.049448	1543388931.633298	11.049448
-0.024856	-1.932742	-0.041951	7.536674	-0.732960	7.500948	83.481732	0.171532	-204101.000000	0.000000	0.000000	0.000000	7.536674	-0.732960	7.500948	1.000000	11.076735	1543388931.649296	11.076735
0.000630	-1.906335	0.125982	7.491107	-0.730470	7.455407	83.077377	0.173487	-204101.000000	0.000000	0.000000	0.000000	7.491107	-0.730470	7.455407	1.000000	11.090134	1543388931.673300	11.090134
0.000603	-1.906663	0.105224	7.476353	-0.729481	7.440680	83.017594	0.174147	-204101.000000	0.000000	0.000000	0.000000	7.476353	-0.729481	7.440680	1.000000	11.104022	1543388931.681298	11.104022
-0.037202	-1.957017	0.158113	7.463306	-0.728322	7.427684	82.957787	0.176301	-204101.000000	0.000000	0.000000	0.000000	7.463306	-0.728322	7.427684	1.000000	11.115421	1543388931.689298	11.115421
-0.012874	-1.982572	0.172000	7.417447	-0.726230	7.381809	82.779116	0.178146	-204101.000000	0.000000	0.000000	0.000000	7.417447	-0.726230	7.381809	1.000000	11.160056	1543388931.713300	11.160056
-0.056352	-2.020956	0.090003	7.385991	-0.724537	7.350368	82.660655	0.179397	-204101.000000	0.000000	0.000000	0.000000	7.385991	-0.724537	7.350368	1.000000	11.191545	1543388931.729297	11.191545
-0.137162	-1.946407	-0.034538	7.339726	-0.724584	7.303873	82.483864	0.181341	-204101.000000	0.000000	0.000000	0.000000	7.339726	-0.724584	7.303873	1.000000	11.238003	1543388931.745296	11.238003
-0.137162	-1.946407	-0.034538	7.339726	-0.724584	7.303873	82.483864	0.181341	-204101.000000	0.000000	0.000000	0.000000	7.339726	-0.724584	7.303873	1.000000	11.238003	1543388931.753297	11.238003
-0.111217	-1.941185	-0.058868	7.309920	-0.724658	7.273912	80.216420	0.182695	-204101.000000	0.000000	0.000000	0.000000	7.309920	-0.724658	7.273912	1.000000	10.973639	1543388931.769297	10.973639
-0.062021	-1.955720	-0.115773	7.264194	-0.722924	7.228132	80.041444	0.184786	-204101.000000	0.000000	0.000000	0.000000	7.264194	-0.722924	7.228132	1.000000	11.018628	1543388931.793297	11.018628
-0.038126	-1.911877	-0.124928	7.249380	-0.722229	7.213314	79.983376	0.185495	-204101.000000	0.000000	0.000000	0.000000	7.249380	-0.722229	7.213314	1.000000	11.033133	1543388931.801295	11.033133
-0.034794	-1.911044	-0.176551	7.234569	-0.721511	7.198500	79.925419	0.186209	-204101.000000	0.000000	0.000000	0.000000	7.234569	-0.721511	7.198500	1.000000	11.047710	1543388931.809294	11.047710
0.018255	-1.892290	-0.118730	7.219909	-0.720379	7.183881	79.867565	0.186927	-204101.000000	0.000000	0.000000	0.000000	7.219909	-0.720379	7.183881	1.000000	11.062129	1543388931.817295	11.062129
-0.007013	-1.915343	-0.193218	7.190430	-0.718454	7.154446	79.752224	0.188369	-204101.000000	0.000000	0.000000	0.000000	7.190430	-0.718454	7.154446	1.000000	11.091441	1543388931.833295	11.091441
-0.005868	-1.989243	-0.180726	7.174994	-0.717433	7.139035	79.694741	0.189094	-204101.000000	0.000000	0.000000	0.000000	7.174994	-0.717433	7.139035	1.000000	11.107291	1543388931.841294	11.107291
-0.041681	-2.031460	-0.089717	7.159225	-0.716652	7.123266	79.637383	0.189824	-204101.000000	0.000000	0.000000	0.000000	7.159225	-0.716652	7.123266	1.000000	11.123743	1543388931.849293	11.123743
0.014256	-2.020930	-0.029070	7.143540	-0.715427	7.107625	79.580128	0.190556	-204101.000000	0.000000	0.000000	0.000000	7.143540	-0.715427	7.107625	1.000000	11.140153	1543388931.857295	11.140153
-0.050183	-1.996358	0.179509	7.112199	-0.713319	7.076337	78.025744	0.192026	-204101.000000	0.000000	0.000000	0.000000	7.112199	-0.713319	7.076337	1.000000	10.970692	1543388931.873293	10.970692
-0.076374	-1.972555	0.102512	7.096910	-0.712841	7.061019	77.968871	0.192768	-204101.000000	0.000000	0.000000	0.000000	7.096910	-0.712841	7.061019	1.000000	10.986313	1543388931.881294	10.986313
-0.063326	-1.943129	0.196355	7.081866	-0.712276	7.045956	77.912127	0.193517	-204101.000000	0.000000	0.000000	0.000000	7.081866	-0.712276	7.045956	1.000000	11.001637	1543388931.889294	11.001637
-0.051246	-1.982786	0.151569	7.051724	-0.711154	7.015773	77.798998	0.195035	-204101.000000	0.000000	0.000000	0.000000	7.051724	-0.711154	7.015773	1.000000	11.032622	1543388931.905294	11.032622
-0.132049	-2.038774	0.182860	7.020403	-0.710323	6.984376	77.686313	0.196393	-204101.000000	0.000000	0.000000	0.000000	7.020403	-0.710323	6.984376	1.000000	11.065791	1543388931.921294	11.065791
-0.160070	-2.080494	0.104740	7.004249	-0.710412	6.968129	77.630135	0.196995	-204101.000000	0.000000	0.000000	0.000000	7.004249	-0.710412	6.968129	1.000000	11.083291	1543388931.929294	11.083291
-0.104304	-1.963296	0.204716	6.957832	-0.710506	6.921460	77.462355	0.198874	-204101.000000	0.000000	0.000000	0.000000	6.957832	-0.710506	6.921460	1.000000	11.133116	1543388931.953295	11.133116
0.071229	-2.056438	-0.008464	6.926484	-0.707755	6.890230	77.351122	0.200160	-204101.000000	0.000000	0.000000	0.000000	6.926484	-0.707755	6.890230	1.000000	11.167444	1543388931.969295	11.167444
0.103612	-2.070540	0.112341	6.910418	-0.705755	6.874285	75.614254	0.200800	-204101.000000	0.000000	0.000000	0.000000	6.910418	-0.705755	6.874285	1.000000	10.942066	1543388931.977295	10.942066
0.202100	-2.015515	0.014635	6.846956	-0.696601	6.811428	75.393818	0.203301	-204101.000000	0.000000	0.000000	0.000000	6.846956	-0.696601	6.811428	1.000000	11.011291	1543388932.009297	11.011291
0.127397	-2.099751	-0.031393	6.794398	-0.699223	6.758323	75.230458	0.207674	-204101.000000	0.000000	0.000000	0.000000	6.794398	-0.699223	6.758323	1.000000	11.072425	1543388932.033295	11.072425
0.089906	-2.136081	-0.064531	6.777795	-0.697288	6.741831	75.176202	0.208541	-204101.000000	0.000000	0.000000	0.000000	6.777795	-0.697288	6.741831	1.000000	11.091543	1543388932.041294	11.091543
0.054707	-2.113579	-0.046775	6.761370	-0.695652	6.725489	75.122073	0.209406	-204101.000000	0.000000	0.000000	0.000000	6.761370	-0.695652	6.725489	1.000000	11.110481	1543388932.049294	11.110481
0.068807	-1.991168	-0.043891	6.714321	-0.690653	6.678706	74.960442	0.211986	-204101.000000	0.000000	0.000000	0.000000	6.714321	-0.690653	6.678706	1.000000	11.164262	1543388932.073295	11.164262
