auto-a-x	auto-a-y	auto-a-z	auto-speed	auto-speed-x	auto-speed-y	distance	line-distance	line-id	obspeed	obspeed-x	obspeed-y	respeed	respeed-x	respeed-y	status	thw	timestamp	ttc
0.190613	-0.129972	0.012111	12.826541	-1.074334	12.781469	43.214445	0.014563	-1025001.000000	0.000000	0.000000	0.000000	12.826541	-1.074334	12.781469	1.000000	3.369143	1543393623.242515	3.369143
0.259388	-0.098630	0.145234	12.826242	-1.072730	12.781304	43.111744	0.014217	-1025001.000000	0.000000	0.000000	0.000000	12.826242	-1.072730	12.781304	1.000000	3.361214	1543393623.250516	3.361214
0.167404	-0.065210	0.400297	12.826217	-1.071904	12.781348	43.009095	0.013861	-1025001.000000	0.000000	0.000000	0.000000	12.826217	-1.071904	12.781348	1.000000	3.353218	1543393623.258513	3.353218
0.108455	-0.019962	0.112751	12.826516	-1.071642	12.781671	42.805081	0.013614	-1025001.000000	0.000000	0.000000	0.000000	12.826516	-1.071642	12.781671	1.000000	3.337234	1543393623.274517	3.337234
-0.062470	-0.089523	-0.237013	12.826277	-1.072859	12.781328	42.601138	0.013371	-1025001.000000	0.000000	0.000000	0.000000	12.826277	-1.072859	12.781328	1.000000	3.321395	1543393623.290516	3.321395
-0.056684	-0.013420	0.235674	12.826663	-1.073836	12.781633	42.499135	0.013259	-1025001.000000	0.000000	0.000000	0.000000	12.826663	-1.073836	12.781633	1.000000	3.313343	1543393623.298518	3.313343
-0.075036	0.101145	-0.091515	12.827850	-1.077598	12.782509	42.193217	0.012982	-1025001.000000	0.000000	0.000000	0.000000	12.827850	-1.077598	12.782509	1.000000	3.289188	1543393623.322517	3.289188
-0.151443	-0.014141	-0.143496	12.828223	-1.079296	12.782739	42.091269	0.012911	-1025001.000000	0.000000	0.000000	0.000000	12.828223	-1.079296	12.782739	1.000000	3.281146	1543393623.330514	3.281146
-0.226557	-0.167353	0.157628	12.827380	-1.081519	12.781706	41.966725	0.012855	-1025001.000000	0.000000	0.000000	0.000000	12.827380	-1.081519	12.781706	1.000000	3.271652	1543393623.338513	3.271652
-0.032227	-0.175492	-0.032852	12.825341	-1.083400	12.779500	41.762737	0.012780	-1025001.000000	0.000000	0.000000	0.000000	12.825341	-1.083400	12.779500	1.000000	3.256267	1543393623.354517	3.256267
-0.125486	-0.089611	0.122359	12.825115	-1.084873	12.779148	41.660830	0.012756	-1025001.000000	0.000000	0.000000	0.000000	12.825115	-1.084873	12.779148	1.000000	3.248379	1543393623.362513	3.248379
0.261038	-0.005927	-0.090531	12.829050	-1.087221	12.782898	41.456541	0.014529	-1025001.000000	0.000000	0.000000	0.000000	12.829050	-1.087221	12.782898	1.000000	3.231458	1543393623.378516	3.231458
0.358772	-0.195379	0.500852	12.827491	-1.082769	12.781711	41.252359	0.014690	-1025001.000000	0.000000	0.000000	0.000000	12.827491	-1.082769	12.781711	1.000000	3.215934	1543393623.394514	3.215934
0.260351	-0.142417	0.699260	12.826846	-1.081180	12.781199	41.150260	0.014746	-1025001.000000	0.000000	0.000000	0.000000	12.826846	-1.081180	12.781199	1.000000	3.208135	1543393623.402515	3.208135
-0.014609	-0.121991	0.623855	12.826366	-1.081788	12.780665	41.048128	0.014799	-1025001.000000	0.000000	0.000000	0.000000	12.826366	-1.081788	12.780665	1.000000	3.200293	1543393623.410519	3.200293
0.009210	-0.149785	0.674441	12.825664	-1.082190	12.779927	40.945888	0.014814	-1025001.000000	0.000000	0.000000	0.000000	12.825664	-1.082190	12.779927	1.000000	3.192496	1543393623.418516	3.192496
-0.013009	-0.144204	0.360997	12.824175	-1.082541	12.778402	40.741327	0.014850	-1025001.000000	0.000000	0.000000	0.000000	12.824175	-1.082541	12.778402	1.000000	3.176916	1543393623.434518	3.176916
0.061157	-0.062955	0.467729	12.824161	-1.082571	12.778385	40.672509	0.014871	-1025001.000000	0.000000	0.000000	0.000000	12.824161	-1.082571	12.778385	1.000000	3.171553	1543393623.442516	3.171553
0.165819	-0.051101	0.283066	12.824237	-1.081759	12.778531	40.570233	0.014890	-1025001.000000	0.000000	0.000000	0.000000	12.824237	-1.081759	12.778531	1.000000	3.163559	1543393623.450518	3.163559
0.154462	-0.138162	0.249998	12.823617	-1.080975	12.777976	40.468010	0.014902	-1025001.000000	0.000000	0.000000	0.000000	12.823617	-1.080975	12.777976	1.000000	3.155741	1543393623.458516	3.155741
0.030473	-0.132368	0.380825	12.822814	-1.081470	12.777127	40.263542	0.014924	-1025001.000000	0.000000	0.000000	0.000000	12.822814	-1.081470	12.777127	1.000000	3.139993	1543393623.474515	3.139993
0.147581	-0.259689	0.269584	12.821220	-1.080661	12.775596	40.161302	0.014935	-1025001.000000	0.000000	0.000000	0.000000	12.821220	-1.080661	12.775596	1.000000	3.132409	1543393623.482516	3.132409
0.155561	-0.133760	0.233821	12.820633	-1.079869	12.775074	40.059100	0.014941	-1025001.000000	0.000000	0.000000	0.000000	12.820633	-1.079869	12.775074	1.000000	3.124581	1543393623.490515	3.124581
0.125557	-0.048139	0.031748	12.820729	-1.079355	12.775214	39.956915	0.014941	-1025001.000000	0.000000	0.000000	0.000000	12.820729	-1.079355	12.775214	1.000000	3.116587	1543393623.498513	3.116587
-0.084294	-0.011417	0.204933	12.821287	-1.080696	12.775660	39.752444	0.014943	-1025001.000000	0.000000	0.000000	0.000000	12.821287	-1.080696	12.775660	1.000000	3.100503	1543393623.514517	3.100503
-0.090976	-0.142678	0.223475	12.813822	-1.083164	12.767959	39.548915	0.016279	-1025001.000000	0.000000	0.000000	0.000000	12.813822	-1.083164	12.767959	1.000000	3.086426	1543393623.530513	3.086426
0.165616	-0.020208	-0.194079	12.808064	-1.077290	12.762678	38.144596	0.016637	-1025001.000000	0.000000	0.000000	0.000000	12.808064	-1.077290	12.762678	1.000000	2.978170	1543393623.642517	2.978170
0.169645	-0.015974	-0.235799	12.808403	-1.076423	12.763092	38.042683	0.016613	-1025001.000000	0.000000	0.000000	0.000000	12.808403	-1.076423	12.763092	1.000000	2.970135	1543393623.650519	2.970135
0.176058	-0.054461	-0.333988	12.808432	-1.075472	12.763200	37.940882	0.016582	-1025001.000000	0.000000	0.000000	0.000000	12.808432	-1.075472	12.763200	1.000000	2.962180	1543393623.658512	2.962180
0.084472	-0.145343	-0.147995	12.807479	-1.074233	12.762348	37.737084	0.016500	-1025001.000000	0.000000	0.000000	0.000000	12.807479	-1.074233	12.762348	1.000000	2.946488	1543393623.674515	2.946488
0.062207	-0.176824	-0.020237	12.806538	-1.074136	12.761413	37.635203	0.016455	-1025001.000000	0.000000	0.000000	0.000000	12.806538	-1.074136	12.761413	1.000000	2.938749	1543393623.682516	2.938749
0.031748	-0.111380	-0.093567	12.806119	-1.074320	12.760976	37.533356	0.016412	-1025001.000000	0.000000	0.000000	0.000000	12.806119	-1.074320	12.760976	1.000000	2.930892	1543393623.690515	2.930892
0.050732	-0.031007	0.010478	12.806346	-1.074414	12.761196	37.431501	0.016370	-1025001.000000	0.000000	0.000000	0.000000	12.806346	-1.074414	12.761196	1.000000	2.922887	1543393623.698515	2.922887
0.064079	-0.021898	0.181995	12.806651	-1.074421	12.761502	37.329644	0.016327	-1025001.000000	0.000000	0.000000	0.000000	12.806651	-1.074421	12.761502	1.000000	2.914864	1543393623.706515	2.914864
0.050245	-0.075896	-0.071249	12.806691	-1.074803	12.761510	37.125935	0.016247	-1025001.000000	0.000000	0.000000	0.000000	12.806691	-1.074803	12.761510	1.000000	2.898948	1543393623.722515	2.898948
0.011621	-0.145243	-0.424722	12.805985	-1.075097	12.760776	37.024090	0.016209	-1025001.000000	0.000000	0.000000	0.000000	12.805985	-1.075097	12.760776	1.000000	2.891155	1543393623.730515	2.891155
-0.039045	-0.020112	-0.582610	12.806275	-1.075866	12.761002	36.922233	0.016176	-1025001.000000	0.000000	0.000000	0.000000	12.806275	-1.075866	12.761002	1.000000	2.883136	1543393623.738516	2.883136
-0.060947	0.000678	-0.562301	12.807388	-1.077418	12.761989	36.702412	0.016126	-1025001.000000	0.000000	0.000000	0.000000	12.807388	-1.077418	12.761989	1.000000	2.865722	1543393623.754519	2.865722
0.076122	-0.010274	-0.602097	12.807755	-1.077274	12.762369	36.600606	0.016106	-1025001.000000	0.000000	0.000000	0.000000	12.807755	-1.077274	12.762369	1.000000	2.857691	1543393623.762515	2.857691
0.121643	-0.036610	-0.662936	12.807909	-1.076745	12.762568	36.498892	0.015985	-1025001.000000	0.000000	0.000000	0.000000	12.807909	-1.076745	12.762568	1.000000	2.849715	1543393623.770514	2.849715
0.022290	0.018107	-0.593500	12.808504	-1.077051	12.763140	36.397102	0.015863	-1025001.000000	0.000000	0.000000	0.000000	12.808504	-1.077051	12.763140	1.000000	2.841636	1543393623.778519	2.841636
-0.010734	-0.058073	-0.637711	12.809517	-1.076385	12.764213	36.091938	0.015479	-1025001.000000	0.000000	0.000000	0.000000	12.809517	-1.076385	12.764213	1.000000	2.817588	1543393623.802517	2.817588
-0.047307	0.015519	-0.539783	12.810532	-1.077457	12.765140	35.888469	0.015230	-1025001.000000	0.000000	0.000000	0.000000	12.810532	-1.077457	12.765140	1.000000	2.801482	1543393623.818518	2.801482
-0.093511	-0.011380	-0.464873	12.810904	-1.078680	12.765410	35.786764	0.015115	-1025001.000000	0.000000	0.000000	0.000000	12.810904	-1.078680	12.765410	1.000000	2.793461	1543393623.826516	2.793461
0.122537	-0.013614	-0.397047	12.811864	-1.078369	12.766400	35.585433	0.014895	-1025001.000000	0.000000	0.000000	0.000000	12.811864	-1.078369	12.766400	1.000000	2.777538	1543393623.842519	2.777538
0.196100	-0.017206	-0.460562	12.812189	-1.077279	12.766819	35.483734	0.014777	-1025001.000000	0.000000	0.000000	0.000000	12.812189	-1.077279	12.766819	1.000000	2.769529	1543393623.850517	2.769529
0.087705	-0.048016	-0.303969	12.812278	-1.077041	12.766928	35.382026	0.014654	-1025001.000000	0.000000	0.000000	0.000000	12.812278	-1.077041	12.766928	1.000000	2.761572	1543393623.858516	2.761572
-0.061810	-0.124477	-0.397796	12.811418	-1.078926	12.765905	35.178595	0.014422	-1025001.000000	0.000000	0.000000	0.000000	12.811418	-1.078926	12.765905	1.000000	2.745878	1543393623.874516	2.745878
-0.049275	-0.084510	-0.136523	12.817952	-1.066857	12.773477	35.076379	0.013711	-1025001.000000	0.000000	0.000000	0.000000	12.817952	-1.066857	12.773477	1.000000	2.736504	1543393623.882517	2.736504
-0.076008	-0.013211	-0.096921	12.818330	-1.067967	12.773763	34.974382	0.013002	-1025001.000000	0.000000	0.000000	0.000000	12.818330	-1.067967	12.773763	1.000000	2.728466	1543393623.890521	2.728466
0.051091	-0.059063	0.110883	12.818351	-1.068047	12.773777	34.872514	0.012298	-1025001.000000	0.000000	0.000000	0.000000	12.818351	-1.068047	12.773777	1.000000	2.720515	1543393623.898515	2.720515
-0.048698	-0.047670	-0.003088	12.818591	-1.070275	12.773832	34.566499	0.010216	-1025001.000000	0.000000	0.000000	0.000000	12.818591	-1.070275	12.773832	1.000000	2.696591	1543393623.922516	2.696591
-0.007775	-0.068366	-0.138491	12.818524	-1.070796	12.773721	34.464396	0.009543	-1025001.000000	0.000000	0.000000	0.000000	12.818524	-1.070796	12.773721	1.000000	2.688640	1543393623.930515	2.688640
0.006201	-0.066614	0.295718	12.818263	-1.072023	12.773356	34.260162	0.008211	-1025001.000000	0.000000	0.000000	0.000000	12.818263	-1.072023	12.773356	1.000000	2.672762	1543393623.946516	2.672762
-0.082468	-0.062171	0.241418	12.817240	-1.074730	12.772102	33.953888	0.006254	-1025001.000000	0.000000	0.000000	0.000000	12.817240	-1.074730	12.772102	1.000000	2.649080	1543393623.970515	2.649080
-0.145725	-0.086056	0.521085	12.817056	-1.076390	12.771777	33.851827	0.005622	-1025001.000000	0.000000	0.000000	0.000000	12.817056	-1.076390	12.771777	1.000000	2.641155	1543393623.978513	2.641155
0.009128	-0.123139	0.436675	12.816568	-1.076782	12.771255	33.749696	0.004998	-1025001.000000	0.000000	0.000000	0.000000	12.816568	-1.076782	12.771255	1.000000	2.633286	1543393623.986517	2.633286
0.116380	-0.133682	0.811618	12.815168	-1.074761	12.770020	33.545576	0.003733	-1025001.000000	0.000000	0.000000	0.000000	12.815168	-1.074761	12.770020	1.000000	2.617646	1543393624.002516	2.617646
-0.070740	-0.122628	0.499092	12.814684	-1.075792	12.769447	33.443549	0.003100	-1025001.000000	0.000000	0.000000	0.000000	12.814684	-1.075792	12.769447	1.000000	2.609783	1543393624.010514	2.609783
-0.189458	-0.031061	0.592246	12.809069	-1.079080	12.763536	33.341973	0.003734	-1025001.000000	0.000000	0.000000	0.000000	12.809069	-1.079080	12.763536	1.000000	2.602997	1543393624.018516	2.602997
0.101896	-0.190863	0.183912	12.807506	-1.080886	12.761814	33.138376	0.002637	-1025001.000000	0.000000	0.000000	0.000000	12.807506	-1.080886	12.761814	1.000000	2.587418	1543393624.034510	2.587418
0.027821	-0.162539	0.130715	12.806721	-1.080512	12.761058	32.922903	0.001539	-1025001.000000	0.000000	0.000000	0.000000	12.806721	-1.080512	12.761058	1.000000	2.570752	1543393624.050514	2.570752
0.160716	-0.191211	0.434890	12.805686	-1.079647	12.760093	32.821096	0.000987	-1025001.000000	0.000000	0.000000	0.000000	12.805686	-1.079647	12.760093	1.000000	2.563010	1543393624.058515	2.563010
0.080541	-0.147087	0.328132	12.805001	-1.079445	12.759422	32.719304	0.000432	-1025001.000000	0.000000	0.000000	0.000000	12.805001	-1.079445	12.759422	1.000000	2.555197	1543393624.066516	2.555197
-0.197347	-0.076279	0.460116	12.804194	-1.082872	12.758321	32.515790	-0.000655	-1025001.000000	0.000000	0.000000	0.000000	12.804194	-1.082872	12.758321	1.000000	2.539464	1543393624.082514	2.539464
-0.093040	-0.038654	0.203343	12.804372	-1.084121	12.758394	32.414052	-0.001178	-1025001.000000	0.000000	0.000000	0.000000	12.804372	-1.084121	12.758394	1.000000	2.531483	1543393624.090512	2.531483
0.068076	-0.032686	0.533337	12.804608	-1.084115	12.758631	32.312292	-0.001696	-1025001.000000	0.000000	0.000000	0.000000	12.804608	-1.084115	12.758631	1.000000	2.523489	1543393624.098512	2.523489
0.191790	-0.097285	0.223773	12.804355	-1.082155	12.758544	32.108757	-0.002747	-1025001.000000	0.000000	0.000000	0.000000	12.804355	-1.082155	12.758544	1.000000	2.507644	1543393624.114514	2.507644
0.085750	-0.061605	0.128165	12.804343	-1.081954	12.758549	32.007039	-0.003282	-1025001.000000	0.000000	0.000000	0.000000	12.804343	-1.081954	12.758549	1.000000	2.499702	1543393624.122512	2.499702
0.065524	-0.087135	-0.246036	12.804116	-1.081866	12.758328	31.905278	-0.003818	-1025001.000000	0.000000	0.000000	0.000000	12.804116	-1.081866	12.758328	1.000000	2.491799	1543393624.130514	2.491799
0.047348	-0.066446	-0.450032	12.804049	-1.081920	12.758257	31.826366	-0.004353	-1025001.000000	0.000000	0.000000	0.000000	12.804049	-1.081920	12.758257	1.000000	2.485648	1543393624.138517	2.485648
0.129714	0.030653	-0.498345	12.805550	-1.081880	12.759766	31.622908	-0.005421	-1025001.000000	0.000000	0.000000	0.000000	12.805550	-1.081880	12.759766	1.000000	2.469469	1543393624.154518	2.469469
0.107452	-0.113029	0.128061	12.804436	-1.080887	12.758733	31.317770	-0.007043	-1025001.000000	0.000000	0.000000	0.000000	12.804436	-1.080887	12.758733	1.000000	2.445853	1543393624.178518	2.445853
0.117194	-0.080845	0.148106	12.803868	-1.080918	12.758160	31.114452	-0.008126	-1025001.000000	0.000000	0.000000	0.000000	12.803868	-1.080918	12.758160	1.000000	2.430082	1543393624.194513	2.430082
0.230671	-0.025563	-0.261026	12.804133	-1.079549	12.758542	31.012772	-0.008675	-1025001.000000	0.000000	0.000000	0.000000	12.804133	-1.079549	12.758542	1.000000	2.422091	1543393624.202513	2.422091
0.239082	-0.053969	-0.211268	12.805019	-1.077111	12.759638	30.809428	-0.009803	-1025001.000000	0.000000	0.000000	0.000000	12.805019	-1.077111	12.759638	1.000000	2.406043	1543393624.218512	2.406043
0.099163	0.040083	-0.235714	12.805011	-1.075644	12.759753	30.605989	-0.010967	-1025001.000000	0.000000	0.000000	0.000000	12.805011	-1.075644	12.759753	1.000000	2.390157	1543393624.234521	2.390157
0.164218	-0.084886	-0.392858	12.804801	-1.074755	12.759617	30.504406	-0.011557	-1025001.000000	0.000000	0.000000	0.000000	12.804801	-1.074755	12.759617	1.000000	2.382263	1543393624.242515	2.382263
-0.058722	-0.016406	0.018935	12.804105	-1.076007	12.758813	30.258137	-0.012736	-1025001.000000	0.000000	0.000000	0.000000	12.804105	-1.076007	12.758813	1.000000	2.363159	1543393624.258518	2.363159
-0.140789	-0.157843	0.589588	12.802876	-1.078320	12.757384	30.054933	-0.013886	-1025001.000000	0.000000	0.000000	0.000000	12.802876	-1.078320	12.757384	1.000000	2.347514	1543393624.274513	2.347514
-0.119916	-0.005260	0.066098	12.803316	-1.079795	12.757702	29.953485	-0.013940	-1025001.000000	0.000000	0.000000	0.000000	12.803316	-1.079795	12.757702	1.000000	2.339510	1543393624.282514	2.339510
-0.056335	-0.050666	0.264357	12.803402	-1.080752	12.757707	29.852029	-0.013985	-1025001.000000	0.000000	0.000000	0.000000	12.803402	-1.080752	12.757707	1.000000	2.331570	1543393624.290516	2.331570
-0.060465	-0.125645	0.134843	12.802880	-1.081678	12.757105	29.750629	-0.014022	-1025001.000000	0.000000	0.000000	0.000000	12.802880	-1.081678	12.757105	1.000000	2.323745	1543393624.298514	2.323745
-0.076201	-0.075560	-0.326019	12.802748	-1.082718	12.756883	29.649208	-0.014051	-1025001.000000	0.000000	0.000000	0.000000	12.802748	-1.082718	12.756883	1.000000	2.315847	1543393624.306514	2.315847
-0.006482	-0.026036	-0.078644	12.803087	-1.083483	12.757159	29.446360	-0.014095	-1025001.000000	0.000000	0.000000	0.000000	12.803087	-1.083483	12.757159	1.000000	2.299942	1543393624.322516	2.299942
-0.103803	-0.029141	-0.341156	12.803327	-1.084779	12.757289	29.344914	-0.014109	-1025001.000000	0.000000	0.000000	0.000000	12.803327	-1.084779	12.757289	1.000000	2.291976	1543393624.330519	2.291976
0.100948	0.018519	0.089034	12.803959	-1.084517	12.757946	29.247957	-0.014119	-1025001.000000	0.000000	0.000000	0.000000	12.803959	-1.084517	12.757946	1.000000	2.284290	1543393624.338518	2.284290
0.068179	-0.096487	-0.134998	12.803791	-1.083532	12.757862	29.045146	-0.014152	-1025001.000000	0.000000	0.000000	0.000000	12.803791	-1.083532	12.757862	1.000000	2.268480	1543393624.354519	2.268480
0.370561	-0.114096	-0.400642	12.811286	-1.086883	12.765099	28.841441	-0.012212	-1025001.000000	0.000000	0.000000	0.000000	12.811286	-1.086883	12.765099	1.000000	2.251253	1543393624.370518	2.251253
0.128134	-0.090303	0.118092	12.811053	-1.086333	12.764911	28.739657	-0.012002	-1025001.000000	0.000000	0.000000	0.000000	12.811053	-1.086333	12.764911	1.000000	2.243349	1543393624.378519	2.243349
0.033485	-0.034275	-0.049176	12.811056	-1.086784	12.764876	28.536136	-0.011584	-1025001.000000	0.000000	0.000000	0.000000	12.811056	-1.086784	12.764876	1.000000	2.227462	1543393624.394519	2.227462
0.065133	-0.023171	0.446963	12.811370	-1.086812	12.765188	28.434409	-0.011373	-1025001.000000	0.000000	0.000000	0.000000	12.811370	-1.086812	12.765188	1.000000	2.219467	1543393624.402517	2.219467
0.234023	0.013608	-0.118820	12.811954	-1.085465	12.765890	28.332648	-0.011167	-1025001.000000	0.000000	0.000000	0.000000	12.811954	-1.085465	12.765890	1.000000	2.211423	1543393624.410518	2.211423
0.059577	-0.090651	0.119567	12.811383	-1.085785	12.765289	28.128916	-0.010838	-1025001.000000	0.000000	0.000000	0.000000	12.811383	-1.085785	12.765289	1.000000	2.195619	1543393624.426513	2.195619
0.145413	-0.182264	0.343810	12.810458	-1.083441	12.764560	27.939303	-0.010529	-1025001.000000	0.000000	0.000000	0.000000	12.810458	-1.083441	12.764560	1.000000	2.180976	1543393624.442518	2.180976
0.143420	-0.025112	0.258593	12.810745	-1.082820	12.764901	27.837460	-0.010384	-1025001.000000	0.000000	0.000000	0.000000	12.810745	-1.082820	12.764901	1.000000	2.172977	1543393624.450515	2.172977
0.158913	-0.050096	-0.407315	12.810813	-1.081999	12.765038	27.735611	-0.010245	-1025001.000000	0.000000	0.000000	0.000000	12.810813	-1.081999	12.765038	1.000000	2.165016	1543393624.458513	2.165016
-0.257364	-0.073604	-0.031323	12.810536	-1.085458	12.764467	27.531881	-0.009952	-1025001.000000	0.000000	0.000000	0.000000	12.810536	-1.085458	12.764467	1.000000	2.149159	1543393624.474513	2.149159
-0.169506	-0.055858	0.293115	12.810587	-1.089594	12.764166	27.328133	-0.009590	-1025001.000000	0.000000	0.000000	0.000000	12.810587	-1.089594	12.764166	1.000000	2.133246	1543393624.490516	2.133246
-0.212413	-0.117040	0.024033	12.810104	-1.095585	12.763168	27.022657	-0.008931	-1025001.000000	0.000000	0.000000	0.000000	12.810104	-1.095585	12.763168	1.000000	2.109480	1543393624.514512	2.109480
-0.126158	-0.063809	0.217299	12.804462	-1.096243	12.757449	26.921219	-0.007492	-1025001.000000	0.000000	0.000000	0.000000	12.804462	-1.096243	12.757449	1.000000	2.102487	1543393624.522516	2.102487
-0.100546	-0.039305	-0.070957	12.804629	-1.097531	12.757506	26.819557	-0.007267	-1025001.000000	0.000000	0.000000	0.000000	12.804629	-1.097531	12.757506	1.000000	2.094520	1543393624.530519	2.094520
0.097585	-0.141864	-0.197199	12.803975	-1.098703	12.756749	26.474247	-0.006549	-1025001.000000	0.000000	0.000000	0.000000	12.803975	-1.098703	12.756749	1.000000	2.067658	1543393624.554519	2.067658
0.089437	-0.043635	0.279981	12.804118	-1.098505	12.756909	26.372667	-0.006310	-1025001.000000	0.000000	0.000000	0.000000	12.804118	-1.098505	12.756909	1.000000	2.059702	1543393624.562517	2.059702
0.142421	-0.016462	-0.066126	12.804468	-1.097872	12.757314	26.271002	-0.006074	-1025001.000000	0.000000	0.000000	0.000000	12.804468	-1.097872	12.757314	1.000000	2.051706	1543393624.570522	2.051706
0.148614	-0.130357	0.235167	12.803917	-1.097138	12.756825	26.169489	-0.005844	-1025001.000000	0.000000	0.000000	0.000000	12.803917	-1.097138	12.756825	1.000000	2.043866	1543393624.578516	2.043866
0.044212	-0.079998	0.409379	12.803522	-1.096134	12.756515	25.763205	-0.004948	-1025001.000000	0.000000	0.000000	0.000000	12.803522	-1.096134	12.756515	1.000000	2.012197	1543393624.610517	2.012197
0.196955	-0.117729	-0.033075	12.802707	-1.095807	12.755725	25.357055	-0.004033	-1025001.000000	0.000000	0.000000	0.000000	12.802707	-1.095807	12.755725	1.000000	1.980601	1543393624.642518	1.980601
-0.189070	-0.066054	0.180479	12.802665	-1.097801	12.755512	25.268392	-0.003808	-1025001.000000	0.000000	0.000000	0.000000	12.802665	-1.097801	12.755512	1.000000	1.973682	1543393624.650516	1.973682
-0.108532	-0.115867	0.110749	12.802224	-1.099112	12.754956	25.166945	-0.003569	-1025001.000000	0.000000	0.000000	0.000000	12.802224	-1.099112	12.754956	1.000000	1.965826	1543393624.658514	1.965826
0.009826	-0.058326	-0.033656	12.801951	-1.097602	12.754812	24.964035	-0.003101	-1025001.000000	0.000000	0.000000	0.000000	12.801951	-1.097602	12.754812	1.000000	1.950018	1543393624.674514	1.950018
0.028815	-0.156835	-0.109188	12.801973	-1.099511	12.754669	24.659726	-0.002368	-1025001.000000	0.000000	0.000000	0.000000	12.801973	-1.099511	12.754669	1.000000	1.926244	1543393624.698514	1.926244
-0.140649	-0.059638	0.195304	12.801983	-1.101122	12.754540	24.558310	-0.002114	-1025001.000000	0.000000	0.000000	0.000000	12.801983	-1.101122	12.754540	1.000000	1.918321	1543393624.706514	1.918321
-0.096799	-0.123435	0.110610	12.801953	-1.103245	12.754327	24.355508	-0.001577	-1025001.000000	0.000000	0.000000	0.000000	12.801953	-1.103245	12.754327	1.000000	1.902484	1543393624.722513	1.902484
-0.199954	-0.116079	0.211036	12.801510	-1.105292	12.753705	24.254129	-0.001291	-1025001.000000	0.000000	0.000000	0.000000	12.801510	-1.105292	12.753705	1.000000	1.894630	1543393624.730512	1.894630
-0.129568	-0.098263	-0.252493	12.801197	-1.106752	12.753264	24.073785	-0.000990	-1025001.000000	0.000000	0.000000	0.000000	12.801197	-1.106752	12.753264	1.000000	1.880589	1543393624.738512	1.880589
0.006771	-0.035180	0.123009	12.800639	-1.109014	12.752507	23.769703	-0.000037	-1025001.000000	0.000000	0.000000	0.000000	12.800639	-1.109014	12.752507	1.000000	1.856915	1543393624.762514	1.856915
-0.003444	-0.075606	0.507447	12.800529	-1.109547	12.752351	23.668707	0.000082	-1025001.000000	0.000000	0.000000	0.000000	12.800529	-1.109547	12.752351	1.000000	1.849041	1543393624.770514	1.849041
-0.079057	-0.004769	-0.256055	12.801082	-1.112740	12.752628	23.365737	0.000480	-1025001.000000	0.000000	0.000000	0.000000	12.801082	-1.112740	12.752628	1.000000	1.825294	1543393624.794517	1.825294
-0.008289	0.059835	-0.415151	12.802737	-1.114069	12.754173	23.163798	0.000782	-1025001.000000	0.000000	0.000000	0.000000	12.802737	-1.114069	12.754173	1.000000	1.809285	1543393624.810518	1.809285
-0.004440	-0.126422	-0.124607	12.802207	-1.114521	12.753601	23.062870	0.000939	-1025001.000000	0.000000	0.000000	0.000000	12.802207	-1.114521	12.753601	1.000000	1.801476	1543393624.818516	1.801476
-0.206845	-0.078402	-0.236380	12.800851	-1.117447	12.751984	22.760160	0.001435	-1025001.000000	0.000000	0.000000	0.000000	12.800851	-1.117447	12.751984	1.000000	1.778019	1543393624.842512	1.778019
0.018609	-0.079660	-0.174569	12.800690	-1.117743	12.751796	22.873265	0.001620	-1025001.000000	0.000000	0.000000	0.000000	12.800690	-1.117743	12.751796	1.000000	1.786878	1543393624.850513	1.786878
0.109067	-0.004132	-0.383023	12.801126	-1.117354	12.752268	22.772311	0.001805	-1025001.000000	0.000000	0.000000	0.000000	12.801126	-1.117354	12.752268	1.000000	1.778930	1543393624.858519	1.778930
0.244995	-0.117350	-0.070580	12.801233	-1.101805	12.753728	22.470139	0.001658	-1025001.000000	0.000000	0.000000	0.000000	12.801233	-1.101805	12.753728	1.000000	1.755311	1543393624.882519	1.755311
0.078680	-0.070546	-0.028854	12.801103	-1.100426	12.753717	22.268694	0.000764	-1025001.000000	0.000000	0.000000	0.000000	12.801103	-1.100426	12.753717	1.000000	1.739592	1543393624.898517	1.739592
0.276674	0.044993	-0.438112	12.802911	-1.098180	12.755725	22.067216	-0.000151	-1025001.000000	0.000000	0.000000	0.000000	12.802911	-1.098180	12.755725	1.000000	1.723609	1543393624.914521	1.723609
0.159245	-0.033965	-0.037057	12.803438	-1.095793	12.756459	21.865572	-0.001043	-1025001.000000	0.000000	0.000000	0.000000	12.803438	-1.095793	12.756459	1.000000	1.707789	1543393624.930517	1.707789
0.137012	-0.182073	-0.278270	12.802456	-1.095069	12.755536	21.576848	-0.001500	-1025001.000000	0.000000	0.000000	0.000000	12.802456	-1.095069	12.755536	1.000000	1.685368	1543393624.938516	1.685368
0.132914	-0.035121	-0.139887	12.801588	-1.094554	12.754709	21.274407	-0.002880	-1025001.000000	0.000000	0.000000	0.000000	12.801588	-1.094554	12.754709	1.000000	1.661857	1543393624.962516	1.661857
0.170474	0.072616	0.085117	12.802656	-1.093766	12.755849	21.173611	-0.003347	-1025001.000000	0.000000	0.000000	0.000000	12.802656	-1.093766	12.755849	1.000000	1.653845	1543393624.970517	1.653845
-0.035765	-0.049291	-0.065705	12.802816	-1.093942	12.755994	20.972116	-0.004291	-1025001.000000	0.000000	0.000000	0.000000	12.802816	-1.093942	12.755994	1.000000	1.638086	1543393624.986514	1.638086
-0.138383	-0.117201	0.211788	12.803063	-1.097360	12.755948	20.770624	-0.005201	-1025001.000000	0.000000	0.000000	0.000000	12.803063	-1.097360	12.755948	1.000000	1.622317	1543393625.002515	1.622317
-0.032080	-0.070186	0.210003	12.796980	-1.105212	12.749165	20.368584	-0.005439	-1025001.000000	0.000000	0.000000	0.000000	12.796980	-1.105212	12.749165	1.000000	1.591671	1543393625.034514	1.591671
-0.079424	0.060084	0.104641	12.797948	-1.106415	12.750032	20.268045	-0.005756	-1025001.000000	0.000000	0.000000	0.000000	12.797948	-1.106415	12.750032	1.000000	1.583695	1543393625.042516	1.583695
-0.038406	-0.155502	0.023324	12.797294	-1.108951	12.749155	20.108098	-0.006356	-1025001.000000	0.000000	0.000000	0.000000	12.797294	-1.108951	12.749155	1.000000	1.571277	1543393625.058517	1.571277
0.053894	-0.134868	0.373420	12.796363	-1.109334	12.748188	19.907170	-0.006934	-1025001.000000	0.000000	0.000000	0.000000	12.796363	-1.109334	12.748188	1.000000	1.555690	1543393625.074517	1.555690
0.323789	-0.111405	0.332388	12.795961	-1.107227	12.747967	19.806754	-0.007230	-1025001.000000	0.000000	0.000000	0.000000	12.795961	-1.107227	12.747967	1.000000	1.547891	1543393625.082516	1.547891
0.312984	-0.042157	0.223238	12.796109	-1.105244	12.748288	19.706333	-0.007543	-1025001.000000	0.000000	0.000000	0.000000	12.796109	-1.105244	12.748288	1.000000	1.540025	1543393625.090517	1.540025
0.250001	-0.044516	0.105817	12.796237	-1.103752	12.748545	19.606011	-0.007870	-1025001.000000	0.000000	0.000000	0.000000	12.796237	-1.103752	12.748545	1.000000	1.532170	1543393625.098512	1.532170
0.343280	-0.168977	0.102857	12.795771	-1.096816	12.748676	19.204663	-0.009305	-1025001.000000	0.000000	0.000000	0.000000	12.795771	-1.096816	12.748676	1.000000	1.500860	1543393625.130513	1.500860
0.253962	-0.056686	0.098535	12.795801	-1.095278	12.748839	19.104353	-0.009699	-1025001.000000	0.000000	0.000000	0.000000	12.795801	-1.095278	12.748839	1.000000	1.493017	1543393625.138516	1.493017
0.160727	-0.084881	0.009191	12.795610	-1.093719	12.748781	18.948436	-0.010512	-1025001.000000	0.000000	0.000000	0.000000	12.795610	-1.093719	12.748781	1.000000	1.480854	1543393625.154517	1.480854
0.146023	-0.029518	0.129884	12.795857	-1.093063	12.749085	18.848254	-0.010928	-1025001.000000	0.000000	0.000000	0.000000	12.795857	-1.093063	12.749085	1.000000	1.472997	1543393625.162514	1.472997
0.172622	-0.112631	0.257027	12.794870	-1.091185	12.748255	18.647903	-0.011779	-1025001.000000	0.000000	0.000000	0.000000	12.794870	-1.091185	12.748255	1.000000	1.457452	1543393625.178513	1.457452
0.001399	-0.147874	0.138163	12.794123	-1.091346	12.747492	18.447619	-0.012645	-1025001.000000	0.000000	0.000000	0.000000	12.794123	-1.091346	12.747492	1.000000	1.441882	1543393625.194515	1.441882
-0.252198	-0.227283	0.532969	12.792796	-1.093761	12.745953	18.347592	-0.013066	-1025001.000000	0.000000	0.000000	0.000000	12.792796	-1.093761	12.745953	1.000000	1.434213	1543393625.202510	1.434213
-0.189189	0.012867	0.042200	12.792445	-1.098209	12.745219	18.147446	-0.013849	-1025001.000000	0.000000	0.000000	0.000000	12.792445	-1.098209	12.745219	1.000000	1.418606	1543393625.218514	1.418606
0.168803	-0.048199	0.240160	12.792808	-1.099041	12.745511	17.947452	-0.014581	-1025001.000000	0.000000	0.000000	0.000000	12.792808	-1.099041	12.745511	1.000000	1.402933	1543393625.234512	1.402933
0.087288	-0.069770	0.226049	12.793217	-1.098279	12.745987	17.758041	-0.015326	-1025001.000000	0.000000	0.000000	0.000000	12.793217	-1.098279	12.745987	1.000000	1.388082	1543393625.250515	1.388082
0.114018	0.029792	-0.027099	12.793491	-1.096343	12.746429	17.458306	-0.016480	-1025001.000000	0.000000	0.000000	0.000000	12.793491	-1.096343	12.746429	1.000000	1.364624	1543393625.274517	1.364624
0.220129	-0.051398	-0.301515	12.793541	-1.095046	12.746590	17.358419	-0.016378	-1025001.000000	0.000000	0.000000	0.000000	12.793541	-1.095046	12.746590	1.000000	1.356811	1543393625.282513	1.356811
0.046521	-0.007285	-0.155218	12.793951	-1.095176	12.746990	17.258454	-0.016281	-1025001.000000	0.000000	0.000000	0.000000	12.793951	-1.095176	12.746990	1.000000	1.348954	1543393625.290517	1.348954
0.119087	-0.023446	-0.601685	12.794209	-1.094678	12.747293	17.158630	-0.016186	-1025001.000000	0.000000	0.000000	0.000000	12.794209	-1.094678	12.747293	1.000000	1.341125	1543393625.298512	1.341125
0.343056	-0.002966	-0.494388	12.794640	-1.092417	12.747919	17.058720	-0.016102	-1025001.000000	0.000000	0.000000	0.000000	12.794640	-1.092417	12.747919	1.000000	1.333271	1543393625.306516	1.333271
0.255115	-0.086333	-0.195656	12.795315	-1.088410	12.748939	16.759315	-0.015929	-1025001.000000	0.000000	0.000000	0.000000	12.795315	-1.088410	12.748939	1.000000	1.309801	1543393625.330515	1.309801
0.299919	-0.085474	-0.351961	12.795092	-1.086446	12.748883	16.633255	-0.015895	-1025001.000000	0.000000	0.000000	0.000000	12.795092	-1.086446	12.748883	1.000000	1.299972	1543393625.338512	1.299972
0.039759	0.044635	-0.411196	12.796001	-1.085832	12.749847	16.433880	-0.015851	-1025001.000000	0.000000	0.000000	0.000000	12.796001	-1.085832	12.749847	1.000000	1.284298	1543393625.354514	1.284298
0.016140	0.100941	-0.612630	12.798596	-1.086379	12.752406	16.234586	-0.015808	-1025001.000000	0.000000	0.000000	0.000000	12.798596	-1.086379	12.752406	1.000000	1.268466	1543393625.370517	1.268466
-0.040133	0.033032	-0.445715	12.807051	-1.089882	12.760592	16.133957	-0.014406	-1025001.000000	0.000000	0.000000	0.000000	12.807051	-1.089882	12.760592	1.000000	1.259771	1543393625.378519	1.259771
0.156367	-0.117078	-0.382628	12.806768	-1.088628	12.760415	15.934215	-0.014207	-1025001.000000	0.000000	0.000000	0.000000	12.806768	-1.088628	12.760415	1.000000	1.244203	1543393625.394513	1.244203
0.031539	0.047439	-0.849465	12.807261	-1.089086	12.760870	15.734365	-0.014068	-1025001.000000	0.000000	0.000000	0.000000	12.807261	-1.089086	12.760870	1.000000	1.228550	1543393625.410519	1.228550
0.081484	0.119470	-0.619899	12.808671	-1.088982	12.762294	15.634481	-0.014024	-1025001.000000	0.000000	0.000000	0.000000	12.808671	-1.088982	12.762294	1.000000	1.220617	1543393625.418518	1.220617
0.066698	0.021870	-0.397276	12.809312	-1.088949	12.762941	15.534618	-0.013982	-1025001.000000	0.000000	0.000000	0.000000	12.809312	-1.088949	12.762941	1.000000	1.212760	1543393625.426518	1.212760
0.038944	-0.005739	-0.503018	12.810737	-1.089830	12.764296	15.262126	-0.013845	-1025001.000000	0.000000	0.000000	0.000000	12.810737	-1.089830	12.764296	1.000000	1.191354	1543393625.450517	1.191354
0.024802	0.006700	-0.519826	12.811253	-1.090111	12.764790	15.162377	-0.013796	-1025001.000000	0.000000	0.000000	0.000000	12.811253	-1.090111	12.764790	1.000000	1.183520	1543393625.458518	1.183520
0.176762	0.055254	-0.252586	12.813341	-1.088781	12.766999	14.963021	-0.013707	-1025001.000000	0.000000	0.000000	0.000000	12.813341	-1.088781	12.766999	1.000000	1.167769	1543393625.474517	1.167769
0.158450	-0.078126	0.018185	12.813208	-1.087986	12.766933	14.863435	-0.013672	-1025001.000000	0.000000	0.000000	0.000000	12.813208	-1.087986	12.766933	1.000000	1.160009	1543393625.482514	1.160009
0.224510	0.044855	-0.353713	12.814649	-1.086479	12.768507	14.664207	-0.013618	-1025001.000000	0.000000	0.000000	0.000000	12.814649	-1.086479	12.768507	1.000000	1.144332	1543393625.498522	1.144332
0.116669	-0.127493	0.448363	12.808677	-1.083467	12.762770	14.366200	-0.012411	-1025001.000000	0.000000	0.000000	0.000000	12.808677	-1.083467	12.762770	1.000000	1.121599	1543393625.522514	1.121599
0.181138	-0.200259	0.507756	12.807580	-1.082442	12.761757	14.266996	-0.012382	-1025001.000000	0.000000	0.000000	0.000000	12.807580	-1.082442	12.761757	1.000000	1.113949	1543393625.530516	1.113949
0.272285	-0.140326	0.508675	12.806962	-1.080733	12.761281	14.181123	-0.012364	-1025001.000000	0.000000	0.000000	0.000000	12.806962	-1.080733	12.761281	1.000000	1.107298	1543393625.538515	1.107298
0.026975	-0.019295	0.596988	12.807312	-1.081071	12.761604	14.081995	-0.012351	-1025001.000000	0.000000	0.000000	0.000000	12.807312	-1.081071	12.761604	1.000000	1.099528	1543393625.546519	1.099528
0.043394	-0.151298	0.463717	12.807100	-1.083276	12.761204	13.785078	-0.012273	-1025001.000000	0.000000	0.000000	0.000000	12.807100	-1.083276	12.761204	1.000000	1.076362	1543393625.570516	1.076362
0.007595	-0.087984	0.604085	12.806895	-1.083723	12.760960	13.686191	-0.012239	-1025001.000000	0.000000	0.000000	0.000000	12.806895	-1.083723	12.760960	1.000000	1.068658	1543393625.578517	1.068658
0.100838	-0.080980	0.418960	12.806849	-1.083541	12.760929	13.488627	-0.012168	-1025001.000000	0.000000	0.000000	0.000000	12.806849	-1.083541	12.760929	1.000000	1.053235	1543393625.594515	1.053235
0.009141	-0.092761	0.232224	12.806597	-1.083940	12.760642	13.389899	-0.012132	-1025001.000000	0.000000	0.000000	0.000000	12.806597	-1.083940	12.760642	1.000000	1.045547	1543393625.602517	1.045547
0.005091	-0.074796	0.279965	12.806491	-1.084390	12.760498	13.291273	-0.012092	-1025001.000000	0.000000	0.000000	0.000000	12.806491	-1.084390	12.760498	1.000000	1.037854	1543393625.610515	1.037854
-0.042612	-0.184275	0.796600	12.804195	-1.086568	12.758009	12.995697	-0.011942	-1025001.000000	0.000000	0.000000	0.000000	12.804195	-1.086568	12.758009	1.000000	1.014956	1543393625.634516	1.014956
0.006265	-0.193434	0.965255	12.803146	-1.086988	12.756919	12.951786	-0.011879	-1025001.000000	0.000000	0.000000	0.000000	12.803146	-1.086988	12.756919	1.000000	1.011610	1543393625.642517	1.011610
0.006297	-0.055342	0.637219	12.802307	-1.087184	12.756061	12.755220	-0.011751	-1025001.000000	0.000000	0.000000	0.000000	12.802307	-1.087184	12.756061	1.000000	0.996322	1543393625.658515	0.996322
0.249639	-0.002893	0.388421	12.802861	-1.086760	12.756654	12.460781	-0.011537	-1025001.000000	0.000000	0.000000	0.000000	12.802861	-1.086760	12.756654	1.000000	0.973281	1543393625.682520	0.973281
0.227686	-0.059954	0.443328	12.802871	-1.085462	12.756773	12.362846	-0.011479	-1025001.000000	0.000000	0.000000	0.000000	12.802871	-1.085462	12.756773	1.000000	0.965631	1543393625.690516	0.965631
0.245915	-0.219469	0.100720	12.801597	-1.083878	12.755630	12.264947	-0.011432	-1025001.000000	0.000000	0.000000	0.000000	12.801597	-1.083878	12.755630	1.000000	0.958079	1543393625.698516	0.958079
0.026417	-0.092307	0.437707	12.800164	-1.082813	12.754282	12.069445	-0.011365	-1025001.000000	0.000000	0.000000	0.000000	12.800164	-1.082813	12.754282	1.000000	0.942913	1543393625.714513	0.942913
0.013075	-0.016987	0.194507	12.799971	-1.084301	12.753963	11.874189	-0.011284	-1025001.000000	0.000000	0.000000	0.000000	12.799971	-1.084301	12.753963	1.000000	0.927673	1543393625.730517	0.927673
0.080510	-0.034793	0.001745	12.800171	-1.084152	12.754176	11.776706	-0.011240	-1025001.000000	0.000000	0.000000	0.000000	12.800171	-1.084152	12.754176	1.000000	0.920043	1543393625.738517	0.920043
0.100741	0.031069	0.018601	12.801029	-1.084200	12.755032	11.581973	-0.011150	-1025001.000000	0.000000	0.000000	0.000000	12.801029	-1.084200	12.755032	1.000000	0.904769	1543393625.754519	0.904769
0.017830	-0.056200	-0.048691	12.801067	-1.084194	12.755071	11.387679	-0.011065	-1025001.000000	0.000000	0.000000	0.000000	12.801067	-1.084194	12.755071	1.000000	0.889588	1543393625.770514	0.889588
-0.012280	-0.026385	-0.392534	12.801324	-1.084755	12.755281	11.290901	-0.011078	-1025001.000000	0.000000	0.000000	0.000000	12.801324	-1.084755	12.755281	1.000000	0.882010	1543393625.778517	0.882010
0.074807	-0.044093	-0.155733	12.801485	-1.084958	12.755426	11.097757	-0.011095	-1025001.000000	0.000000	0.000000	0.000000	12.801485	-1.084958	12.755426	1.000000	0.866912	1543393625.794513	0.866912
0.034493	-0.108211	-0.345909	12.801093	-1.085093	12.755021	11.001266	-0.011103	-1025001.000000	0.000000	0.000000	0.000000	12.801093	-1.085093	12.755021	1.000000	0.859401	1543393625.802517	0.859401
-0.005343	-0.109962	0.036014	12.800698	-1.085580	12.754583	10.904929	-0.011109	-1025001.000000	0.000000	0.000000	0.000000	12.800698	-1.085580	12.754583	1.000000	0.851901	1543393625.810517	0.851901
0.072910	-0.037882	0.112187	12.800879	-1.085499	12.754772	10.808703	-0.011112	-1025001.000000	0.000000	0.000000	0.000000	12.800879	-1.085499	12.754772	1.000000	0.844372	1543393625.818517	0.844372
0.050387	-0.140127	0.203880	12.800245	-1.085635	12.754124	10.616624	-0.011119	-1025001.000000	0.000000	0.000000	0.000000	12.800245	-1.085635	12.754124	1.000000	0.829408	1543393625.834514	0.829408
0.050889	-0.050734	-0.288603	12.800311	-1.085679	12.754186	10.474269	-0.011121	-1025001.000000	0.000000	0.000000	0.000000	12.800311	-1.085679	12.754186	1.000000	0.818282	1543393625.842515	0.818282
-0.055523	0.039783	-0.449601	12.801101	-1.086622	12.754899	10.378492	-0.011120	-1025001.000000	0.000000	0.000000	0.000000	12.801101	-1.086622	12.754899	1.000000	0.810750	1543393625.850518	0.810750
0.001855	0.003091	-0.479792	12.800321	-1.095619	12.753346	10.091653	-0.008833	-1025001.000000	0.000000	0.000000	0.000000	12.800321	-1.095619	12.753346	1.000000	0.788391	1543393625.874522	0.788391
0.038178	-0.030039	-0.146844	12.800563	-1.095799	12.753574	9.996388	-0.008537	-1025001.000000	0.000000	0.000000	0.000000	12.800563	-1.095799	12.753574	1.000000	0.780933	1543393625.882520	0.780933
0.094931	-0.168829	-0.238392	12.799694	-1.095423	12.752734	9.901262	-0.008242	-1025001.000000	0.000000	0.000000	0.000000	12.799694	-1.095423	12.752734	1.000000	0.773555	1543393625.890518	0.773555
0.145711	-0.085321	-0.087702	12.799496	-1.094712	12.752596	9.806235	-0.007952	-1025001.000000	0.000000	0.000000	0.000000	12.799496	-1.094712	12.752596	1.000000	0.766142	1543393625.898520	0.766142
0.154320	-0.222457	0.334323	12.797906	-1.091189	12.751302	9.522057	-0.007168	-1025001.000000	0.000000	0.000000	0.000000	12.797906	-1.091189	12.751302	1.000000	0.744032	1543393625.922518	0.744032
-0.015511	0.002733	0.232687	12.798184	-1.091863	12.751524	9.333221	-0.006711	-1025001.000000	0.000000	0.000000	0.000000	12.798184	-1.091863	12.751524	1.000000	0.729261	1543393625.938521	0.729261
0.027037	-0.098342	-0.074940	12.798764	-1.092253	12.752072	9.049383	-0.006014	-1025001.000000	0.000000	0.000000	0.000000	12.798764	-1.092253	12.752072	1.000000	0.707051	1543393625.962518	0.707051
0.051888	-0.171337	-0.079107	12.797877	-1.092234	12.751183	8.955817	-0.005779	-1025001.000000	0.000000	0.000000	0.000000	12.797877	-1.092234	12.751183	1.000000	0.699789	1543393625.970520	0.699789
-0.005148	-0.084261	0.129359	12.797688	-1.092747	12.750950	8.862473	-0.005542	-1025001.000000	0.000000	0.000000	0.000000	12.797688	-1.092747	12.750950	1.000000	0.692506	1543393625.978520	0.692506
-0.075200	-0.072790	0.054389	12.796540	-1.095161	12.749590	8.583711	-0.004799	-1025001.000000	0.000000	0.000000	0.000000	12.796540	-1.095161	12.749590	1.000000	0.670784	1543393626.002516	0.670784
0.010086	-0.116389	-0.110312	12.796088	-1.095511	12.749107	8.491181	-0.004538	-1025001.000000	0.000000	0.000000	0.000000	12.796088	-1.095511	12.749107	1.000000	0.663576	1543393626.010518	0.663576
0.166401	-0.203313	0.272831	12.790094	-1.093683	12.743248	8.215260	-0.002599	-1025001.000000	0.000000	0.000000	0.000000	12.790094	-1.093683	12.743248	1.000000	0.642314	1543393626.034517	0.642314
0.193295	-0.052059	0.383647	12.790163	-1.092658	12.743405	8.210061	-0.002364	-1025001.000000	0.000000	0.000000	0.000000	12.790163	-1.092658	12.743405	1.000000	0.641904	1543393626.042516	0.641904
0.229187	-0.043930	0.240721	12.790294	-1.091339	12.743650	8.118800	-0.002139	-1025001.000000	0.000000	0.000000	0.000000	12.790294	-1.091339	12.743650	1.000000	0.634763	1543393626.050515	0.634763
-0.093165	-0.103419	0.208858	12.789317	-1.092266	12.742590	7.937033	-0.001697	-1025001.000000	0.000000	0.000000	0.000000	12.789317	-1.092266	12.742590	1.000000	0.620599	1543393626.066517	0.620599
0.079837	-0.089608	0.350560	12.789117	-1.093306	12.742300	7.756407	-0.001227	-1025001.000000	0.000000	0.000000	0.000000	12.789117	-1.093306	12.742300	1.000000	0.606485	1543393626.082517	0.606485
0.133739	-0.143090	0.768648	12.788468	-1.092726	12.741698	7.666586	-0.000992	-1025001.000000	0.000000	0.000000	0.000000	12.788468	-1.092726	12.741698	1.000000	0.599492	1543393626.090513	0.599492
0.081039	-0.159082	0.497181	12.787680	-1.092530	12.740924	7.577014	-0.000761	-1025001.000000	0.000000	0.000000	0.000000	12.787680	-1.092530	12.740924	1.000000	0.592525	1543393626.098515	0.592525
-0.079616	-0.160953	0.308715	12.785643	-1.093579	12.738789	7.398913	-0.000292	-1025001.000000	0.000000	0.000000	0.000000	12.785643	-1.093579	12.738789	1.000000	0.578689	1543393626.114515	0.578689
-0.184279	0.003553	-0.192405	12.786140	-1.095548	12.739119	7.310372	-0.000044	-1025001.000000	0.000000	0.000000	0.000000	12.786140	-1.095548	12.739119	1.000000	0.571742	1543393626.122515	0.571742
-0.132947	0.094923	-0.306377	12.787369	-1.097163	12.740214	7.222154	0.000219	-1025001.000000	0.000000	0.000000	0.000000	12.787369	-1.097163	12.740214	1.000000	0.564788	1543393626.130517	0.564788
0.155132	-0.044447	-0.255173	12.786833	-1.095105	12.739853	6.892222	0.001008	-1025001.000000	0.000000	0.000000	0.000000	12.786833	-1.095105	12.739853	1.000000	0.539009	1543393626.154514	0.539009
0.193529	-0.034468	-0.573627	12.787019	-1.093994	12.740134	6.805599	0.001256	-1025001.000000	0.000000	0.000000	0.000000	12.787019	-1.093994	12.740134	1.000000	0.532227	1543393626.162515	0.532227
0.263763	-0.130433	-0.627636	12.786440	-1.092250	12.739703	6.719438	0.001493	-1025001.000000	0.000000	0.000000	0.000000	12.786440	-1.092250	12.739703	1.000000	0.525513	1543393626.170514	0.525513
-0.252596	-0.050738	0.046968	12.787270	-1.094952	12.740304	6.463715	0.002191	-1025001.000000	0.000000	0.000000	0.000000	12.787270	-1.094952	12.740304	1.000000	0.505480	1543393626.194514	0.505480
-0.730674	-0.059932	-0.097298	12.788378	-1.106745	12.740398	6.295666	0.002783	-1025001.000000	0.000000	0.000000	0.000000	12.788378	-1.106745	12.740398	1.000000	0.492296	1543393626.210513	0.492296
-0.418852	-0.236544	-0.184836	12.786961	-1.110422	12.738655	6.212416	0.003143	-1025001.000000	0.000000	0.000000	0.000000	12.786961	-1.110422	12.738655	1.000000	0.485840	1543393626.218513	0.485840
0.013149	-0.086520	-0.627697	12.786192	-1.112642	12.737690	6.047620	0.003919	-1025001.000000	0.000000	0.000000	0.000000	12.786192	-1.112642	12.737690	1.000000	0.472981	1543393626.234514	0.472981
0.560464	0.180093	-0.638848	12.787918	-1.106021	12.739999	5.885279	0.004658	-1025001.000000	0.000000	0.000000	0.000000	12.787918	-1.106021	12.739999	1.000000	0.460222	1543393626.250519	0.460222
0.614724	0.214304	-0.234876	12.790113	-1.101777	12.742569	5.789423	0.004979	-1025001.000000	0.000000	0.000000	0.000000	12.790113	-1.101777	12.742569	1.000000	0.452648	1543393626.258518	0.452648
0.333487	-0.046690	0.318382	12.789672	-1.093531	12.742837	5.554549	0.005121	-1025001.000000	0.000000	0.000000	0.000000	12.789672	-1.093531	12.742837	1.000000	0.434300	1543393626.282513	0.434300
0.623148	-0.236172	0.536999	12.787171	-1.084136	12.741130	5.401986	0.005088	-1025001.000000	0.000000	0.000000	0.000000	12.787171	-1.084136	12.741130	1.000000	0.422454	1543393626.298517	0.422454
0.755821	-0.018625	-0.133406	12.787503	-1.078601	12.741933	5.327100	0.005012	-1025001.000000	0.000000	0.000000	0.000000	12.787503	-1.078601	12.741933	1.000000	0.416586	1543393626.306514	0.416586
-0.044037	-0.077441	-0.822233	12.788336	-1.075548	12.743027	5.108108	0.004645	-1025001.000000	0.000000	0.000000	0.000000	12.788336	-1.075548	12.743027	1.000000	0.399435	1543393626.330515	0.399435
-0.281169	-0.004991	-0.347591	12.788774	-1.078271	12.743236	5.062410	0.004533	-1025001.000000	0.000000	0.000000	0.000000	12.788774	-1.078271	12.743236	1.000000	0.395848	1543393626.338517	0.395848
-0.183206	-0.144806	-0.350879	12.788682	-1.083836	12.742672	4.923583	0.004383	-1025001.000000	0.000000	0.000000	0.000000	12.788682	-1.083836	12.742672	1.000000	0.384995	1543393626.354513	0.384995
-0.361788	-0.269797	0.778154	12.792195	-1.087564	12.745880	4.723283	0.004545	-1025001.000000	0.000000	0.000000	0.000000	12.792195	-1.087564	12.745880	1.000000	0.369232	1543393626.378513	0.369232
-0.597690	-0.316047	1.079587	12.790040	-1.098264	12.742800	4.596788	0.004132	-1025001.000000	0.000000	0.000000	0.000000	12.790040	-1.098264	12.742800	1.000000	0.359404	1543393626.394511	0.359404
-0.383601	-0.062006	0.332905	12.788125	-1.105937	12.740214	4.476002	0.003871	-1025001.000000	0.000000	0.000000	0.000000	12.788125	-1.105937	12.740214	1.000000	0.350012	1543393626.410510	0.350012
-0.165602	-0.068494	-0.655336	12.788038	-1.107662	12.739976	4.417816	0.003791	-1025001.000000	0.000000	0.000000	0.000000	12.788038	-1.107662	12.739976	1.000000	0.345465	1543393626.418513	0.345465
0.105309	0.077145	-0.720929	12.789114	-1.107323	12.741086	4.361249	0.003716	-1025001.000000	0.000000	0.000000	0.000000	12.789114	-1.107323	12.741086	1.000000	0.341013	1543393626.426518	0.341013
0.346132	0.173064	-0.481945	12.792096	-1.103197	12.744437	4.214833	0.003529	-1025001.000000	0.000000	0.000000	0.000000	12.792096	-1.103197	12.744437	1.000000	0.329487	1543393626.442520	0.329487
0.127382	-0.239872	1.108004	12.788650	-1.095755	12.741621	4.023334	0.002946	-1025001.000000	0.000000	0.000000	0.000000	12.788650	-1.095755	12.741621	1.000000	0.314602	1543393626.474514	0.314602
0.248222	-0.258348	0.719011	12.787075	-1.094198	12.740173	3.980661	0.002771	-1025001.000000	0.000000	0.000000	0.000000	12.787075	-1.094198	12.740173	1.000000	0.311303	1543393626.482514	0.311303
0.734509	-0.212179	0.237466	12.785853	-1.088749	12.739414	3.940228	0.002569	-1025001.000000	0.000000	0.000000	0.000000	12.785853	-1.088749	12.739414	1.000000	0.308171	1543393626.490513	0.308171
0.625993	0.000629	-0.660315	12.786310	-1.084220	12.740259	3.902098	0.002327	-1025001.000000	0.000000	0.000000	0.000000	12.786310	-1.084220	12.740259	1.000000	0.305178	1543393626.498515	0.305178
0.325352	-0.032140	-1.318817	12.787653	-1.081208	12.741863	3.833003	0.001787	-1025001.000000	0.000000	0.000000	0.000000	12.787653	-1.081208	12.741863	1.000000	0.299742	1543393626.514515	0.299742
0.484738	0.105901	-1.308229	12.783466	-1.078948	12.737852	3.801145	0.002714	-1025001.000000	0.000000	0.000000	0.000000	12.783466	-1.078948	12.737852	1.000000	0.297349	1543393626.522519	0.297349
0.020813	0.265396	-0.726347	12.786046	-1.079418	12.740402	3.772815	0.002457	-1025001.000000	0.000000	0.000000	0.000000	12.786046	-1.079418	12.740402	1.000000	0.295073	1543393626.530522	0.295073
-0.105399	0.131679	-0.854575	12.787551	-1.080796	12.741795	3.739642	0.002206	-1025001.000000	0.000000	0.000000	0.000000	12.787551	-1.080796	12.741795	1.000000	0.292444	1543393626.538519	0.292444
-0.029342	0.057932	0.102765	12.788504	-1.081608	12.742683	3.714894	0.001963	-1025001.000000	0.000000	0.000000	0.000000	12.788504	-1.081608	12.742683	1.000000	0.290487	1543393626.546517	0.290487
0.098484	-0.058290	0.831653	12.787547	-1.083507	12.741561	3.656830	0.001285	-1025001.000000	0.000000	0.000000	0.000000	12.787547	-1.083507	12.741561	1.000000	0.285968	1543393626.570512	0.285968
0.194079	-0.214459	-0.360599	12.781410	-1.079900	12.735708	3.623979	0.000584	-1025001.000000	0.000000	0.000000	0.000000	12.781410	-1.079900	12.735708	1.000000	0.283535	1543393626.594514	0.283535
-0.021589	-0.098069	-0.682340	12.781078	-1.080471	12.735327	3.618775	0.000337	-1025001.000000	0.000000	0.000000	0.000000	12.781078	-1.080471	12.735327	1.000000	0.283135	1543393626.602514	0.283135
0.146748	0.060545	-0.996611	12.782006	-1.079785	12.736316	3.616462	0.000090	-1025001.000000	0.000000	0.000000	0.000000	12.782006	-1.079785	12.736316	1.000000	0.282934	1543393626.610516	0.282934
0.277135	0.128189	-0.715479	12.787187	-1.078064	12.741661	3.626918	-0.000675	-1025001.000000	0.000000	0.000000	0.000000	12.787187	-1.078064	12.741661	1.000000	0.283637	1543393626.634514	0.283637
0.159253	0.126062	-0.021203	12.788683	-1.077399	12.743219	3.691608	-0.000946	-1025001.000000	0.000000	0.000000	0.000000	12.788683	-1.077399	12.743219	1.000000	0.288662	1543393626.642520	0.288662
0.110927	-0.070378	-0.581173	12.789552	-1.076572	12.744161	3.717752	-0.001502	-1025001.000000	0.000000	0.000000	0.000000	12.789552	-1.076572	12.744161	1.000000	0.290687	1543393626.658515	0.290687
0.236263	-0.240558	-0.315235	12.787838	-1.074704	12.742598	3.754921	-0.002074	-1025001.000000	0.000000	0.000000	0.000000	12.787838	-1.074704	12.742598	1.000000	0.293632	1543393626.674513	0.293632
0.223066	-0.267573	-0.550372	12.786160	-1.073227	12.741039	3.777562	-0.002374	-1025001.000000	0.000000	0.000000	0.000000	12.786160	-1.073227	12.741039	1.000000	0.295441	1543393626.682518	0.295441
0.247938	-0.032907	-0.709933	12.786902	-1.070906	12.741979	3.830655	-0.003003	-1025001.000000	0.000000	0.000000	0.000000	12.786902	-1.070906	12.741979	1.000000	0.299576	1543393626.698516	0.299576
0.153275	0.014583	0.202823	12.787536	-1.069137	12.742763	3.893873	-0.003669	-1025001.000000	0.000000	0.000000	0.000000	12.787536	-1.069137	12.742763	1.000000	0.304505	1543393626.714521	0.304505
0.104428	-0.108900	-0.190582	12.787143	-1.068739	12.742402	3.929101	-0.004010	-1025001.000000	0.000000	0.000000	0.000000	12.787143	-1.068739	12.742402	1.000000	0.307270	1543393626.722520	0.307270
0.228667	0.074051	0.357946	12.788568	-1.067188	12.743963	4.013311	-0.004705	-1025001.000000	0.000000	0.000000	0.000000	12.788568	-1.067188	12.743963	1.000000	0.313820	1543393626.738520	0.313820
0.106998	-0.082689	-0.048102	12.789920	-1.067895	12.745260	4.143205	-0.005763	-1025001.000000	0.000000	0.000000	0.000000	12.789920	-1.067895	12.745260	1.000000	0.323943	1543393626.762515	0.323943
0.140698	-0.107608	-0.254305	12.789553	-1.066278	12.745028	4.239322	-0.006036	-1025001.000000	0.000000	0.000000	0.000000	12.789553	-1.066278	12.745028	1.000000	0.331468	1543393626.778515	0.331468
0.036668	-0.042053	-0.261604	12.789023	-1.066042	12.744515	4.342938	-0.006324	-1025001.000000	0.000000	0.000000	0.000000	12.789023	-1.066042	12.744515	1.000000	0.339583	1543393626.794516	0.339583
0.209025	-0.239101	0.497004	12.787546	-1.064833	12.743134	4.453514	-0.006616	-1025001.000000	0.000000	0.000000	0.000000	12.787546	-1.064833	12.743134	1.000000	0.348270	1543393626.810517	0.348270
0.148043	-0.228662	0.295033	12.786208	-1.064035	12.741858	4.511265	-0.006771	-1025001.000000	0.000000	0.000000	0.000000	12.786208	-1.064035	12.741858	1.000000	0.352823	1543393626.818519	0.352823
-0.073071	0.041602	0.383647	12.786760	-1.067441	12.742127	4.631284	-0.007055	-1025001.000000	0.000000	0.000000	0.000000	12.786760	-1.067441	12.742127	1.000000	0.362194	1543393626.834516	0.362194
0.206767	0.102654	-0.132242	12.788062	-1.066370	12.743523	4.630919	-0.007191	-1025001.000000	0.000000	0.000000	0.000000	12.788062	-1.066370	12.743523	1.000000	0.362128	1543393626.842519	0.362128
0.094423	-0.011609	0.287657	12.788464	-1.066146	12.743945	4.695112	-0.007333	-1025001.000000	0.000000	0.000000	0.000000	12.788464	-1.066146	12.743945	1.000000	0.367137	1543393626.850516	0.367137
0.028618	-0.182000	0.552795	12.788730	-1.074916	12.743476	4.893247	-0.004958	-1025001.000000	0.000000	0.000000	0.000000	12.788730	-1.074916	12.743476	1.000000	0.382622	1543393626.874515	0.382622
0.013921	-0.037685	0.156012	12.788913	-1.075309	12.743627	4.962190	-0.004687	-1025001.000000	0.000000	0.000000	0.000000	12.788913	-1.075309	12.743627	1.000000	0.388007	1543393626.882516	0.388007
0.116410	-0.001029	0.110635	12.789393	-1.074905	12.744142	5.032318	-0.004417	-1025001.000000	0.000000	0.000000	0.000000	12.789393	-1.074905	12.744142	1.000000	0.393476	1543393626.890523	0.393476
0.170974	-0.158081	0.051500	12.786125	-1.069163	12.741345	5.398273	-0.003258	-1025001.000000	0.000000	0.000000	0.000000	12.786125	-1.069163	12.741345	1.000000	0.422198	1543393626.930516	0.422198
0.209048	-0.043605	0.152205	12.786263	-1.067994	12.741582	5.474376	-0.003081	-1025001.000000	0.000000	0.000000	0.000000	12.786263	-1.067994	12.741582	1.000000	0.428145	1543393626.938518	0.428145
0.045244	-0.026879	0.235405	12.786440	-1.068437	12.741722	5.629057	-0.002731	-1025001.000000	0.000000	0.000000	0.000000	12.786440	-1.068437	12.741722	1.000000	0.440236	1543393626.954520	0.440236
0.175853	0.159874	0.018713	12.788199	-1.067661	12.743553	5.707572	-0.002558	-1025001.000000	0.000000	0.000000	0.000000	12.788199	-1.067661	12.743553	1.000000	0.446316	1543393626.962520	0.446316
0.070822	0.136606	-0.185802	12.789766	-1.067694	12.745122	5.786834	-0.002389	-1025001.000000	0.000000	0.000000	0.000000	12.789766	-1.067694	12.745122	1.000000	0.452458	1543393626.970519	0.452458
-0.001313	-0.045219	-0.172454	12.789879	-1.068180	12.745195	5.866811	-0.002219	-1025001.000000	0.000000	0.000000	0.000000	12.789879	-1.068180	12.745195	1.000000	0.458707	1543393626.978518	0.458707
0.191507	-0.132899	-0.074286	12.788845	-1.066382	12.744308	6.110725	-0.001718	-1025001.000000	0.000000	0.000000	0.000000	12.788845	-1.066382	12.744308	1.000000	0.477817	1543393627.002514	0.477817
0.127397	-0.089599	0.141722	12.788613	-1.065831	12.744121	6.193299	-0.001562	-1025001.000000	0.000000	0.000000	0.000000	12.788613	-1.065831	12.744121	1.000000	0.484282	1543393627.010515	0.484282
-0.046603	-0.099729	0.118343	12.783754	-1.070215	12.738878	6.443012	0.000138	-1025001.000000	0.000000	0.000000	0.000000	12.783754	-1.070215	12.738878	1.000000	0.504000	1543393627.034518	0.504000
-0.186649	-0.177427	0.536112	12.781329	-1.072879	12.736220	6.601877	0.000499	-1025001.000000	0.000000	0.000000	0.000000	12.781329	-1.072879	12.736220	1.000000	0.516525	1543393627.050512	0.516525
-0.305551	-0.002326	0.688526	12.781810	-1.075874	12.736450	6.687050	0.000705	-1025001.000000	0.000000	0.000000	0.000000	12.781810	-1.075874	12.736450	1.000000	0.523169	1543393627.058515	0.523169
-0.020044	-0.071418	0.409620	12.781727	-1.076525	12.736312	6.772653	0.000926	-1025001.000000	0.000000	0.000000	0.000000	12.781727	-1.076525	12.736312	1.000000	0.529870	1543393627.066515	0.529870
-0.067336	0.074989	-0.475255	12.783903	-1.078067	12.738365	7.032169	0.001599	-1025001.000000	0.000000	0.000000	0.000000	12.783903	-1.078067	12.738365	1.000000	0.550080	1543393627.090520	0.550080
0.020354	-0.050476	-0.417887	12.783967	-1.078361	12.738405	7.119467	0.001834	-1025001.000000	0.000000	0.000000	0.000000	12.783967	-1.078361	12.738405	1.000000	0.556906	1543393627.098518	0.556906
0.065548	-0.116800	-0.217463	12.784112	-1.078306	12.738555	7.295223	0.002307	-1025001.000000	0.000000	0.000000	0.000000	12.784112	-1.078306	12.738555	1.000000	0.570648	1543393627.114514	0.570648
-0.027009	-0.127912	-0.118340	12.783564	-1.078945	12.737951	7.383710	0.002546	-1025001.000000	0.000000	0.000000	0.000000	12.783564	-1.078945	12.737951	1.000000	0.577594	1543393627.122518	0.577594
0.090753	-0.067866	-0.578456	12.783481	-1.078604	12.737896	7.561581	0.003027	-1025001.000000	0.000000	0.000000	0.000000	12.783481	-1.078604	12.737896	1.000000	0.591512	1543393627.138514	0.591512
0.090871	-0.088134	-0.309746	12.785411	-1.079710	12.739740	7.812793	0.003765	-1025001.000000	0.000000	0.000000	0.000000	12.785411	-1.079710	12.739740	1.000000	0.611071	1543393627.162515	0.611071
0.242900	-0.086048	-0.411301	12.785366	-1.077846	12.739853	7.993874	0.004247	-1025001.000000	0.000000	0.000000	0.000000	12.785366	-1.077846	12.739853	1.000000	0.625236	1543393627.178516	0.625236
-0.023078	0.019912	-0.293025	12.785876	-1.078286	12.740326	8.176082	0.004710	-1025001.000000	0.000000	0.000000	0.000000	12.785876	-1.078286	12.740326	1.000000	0.639462	1543393627.194519	0.639462
0.236997	0.019474	0.017542	12.787569	-1.076643	12.742165	8.359308	0.005169	-1025001.000000	0.000000	0.000000	0.000000	12.787569	-1.076643	12.742165	1.000000	0.653706	1543393627.210520	0.653706
0.293945	-0.106099	-0.002676	12.787204	-1.074744	12.741958	8.451244	0.005382	-1025001.000000	0.000000	0.000000	0.000000	12.787204	-1.074744	12.741958	1.000000	0.660914	1543393627.218516	0.660914
0.246115	-0.070835	0.549602	12.787867	-1.071532	12.742895	8.635938	0.005765	-1025001.000000	0.000000	0.000000	0.000000	12.787867	-1.071532	12.742895	1.000000	0.675323	1543393627.234518	0.675323
0.127836	-0.231481	0.602828	12.786518	-1.070913	12.741593	8.731549	0.005942	-1025001.000000	0.000000	0.000000	0.000000	12.786518	-1.070913	12.741593	1.000000	0.682872	1543393627.242515	0.682872
-0.301597	-0.234949	-0.199499	12.783588	-1.075656	12.738253	8.917349	0.006329	-1025001.000000	0.000000	0.000000	0.000000	12.783588	-1.075656	12.738253	1.000000	0.697562	1543393627.258513	0.697562
-0.000136	0.111235	-0.572804	12.785547	-1.077287	12.740081	9.104298	0.006090	-1025001.000000	0.000000	0.000000	0.000000	12.785547	-1.077287	12.740081	1.000000	0.712077	1543393627.274523	0.712077
0.136094	0.134207	0.012389	12.787107	-1.076812	12.741686	9.197970	0.005973	-1025001.000000	0.000000	0.000000	0.000000	12.787107	-1.076812	12.741686	1.000000	0.719316	1543393627.282520	0.719316
0.238669	-0.181420	-0.429857	12.786661	-1.073404	12.741527	9.385913	0.005705	-1025001.000000	0.000000	0.000000	0.000000	12.786661	-1.073404	12.741527	1.000000	0.734039	1543393627.298518	0.734039
-0.364740	0.043426	-0.367710	12.786670	-1.080253	12.740956	9.669061	0.005325	-1025001.000000	0.000000	0.000000	0.000000	12.786670	-1.080253	12.740956	1.000000	0.756183	1543393627.322517	0.756183
-0.086121	0.191816	-0.247021	12.788679	-1.081568	12.742861	9.763791	0.005238	-1025001.000000	0.000000	0.000000	0.000000	12.788679	-1.081568	12.742861	1.000000	0.763471	1543393627.330520	0.763471
0.170206	0.005708	-0.267241	12.789199	-1.080713	12.743456	9.853237	0.005152	-1025001.000000	0.000000	0.000000	0.000000	12.789199	-1.080713	12.743456	1.000000	0.770434	1543393627.338520	0.770434
0.190462	-0.114355	0.003738	12.788713	-1.078680	12.743141	10.043337	0.004957	-1025001.000000	0.000000	0.000000	0.000000	12.788713	-1.078680	12.743141	1.000000	0.785328	1543393627.354518	0.785328
0.202413	-0.081238	0.249523	12.791233	-1.065764	12.746756	10.234081	0.004569	-1025001.000000	0.000000	0.000000	0.000000	12.791233	-1.065764	12.746756	1.000000	0.800086	1543393627.370518	0.800086
0.086937	-0.157058	-0.069258	12.790458	-1.065475	12.746002	10.329878	0.003954	-1025001.000000	0.000000	0.000000	0.000000	12.790458	-1.065475	12.746002	1.000000	0.807624	1543393627.378516	0.807624
0.144085	0.003916	-0.101511	12.791117	-1.063950	12.746791	10.618099	0.002093	-1025001.000000	0.000000	0.000000	0.000000	12.791117	-1.063950	12.746791	1.000000	0.830115	1543393627.402519	0.830115
-0.074210	-0.066950	0.090983	12.791321	-1.065391	12.746875	10.810889	0.000865	-1025001.000000	0.000000	0.000000	0.000000	12.791321	-1.065391	12.746875	1.000000	0.845174	1543393627.418517	0.845174
-0.165189	0.003095	0.091907	12.791831	-1.067232	12.747233	10.907518	0.000277	-1025001.000000	0.000000	0.000000	0.000000	12.791831	-1.067232	12.747233	1.000000	0.852694	1543393627.426518	0.852694
-0.085845	-0.199508	0.110509	12.790653	-1.069345	12.745874	11.100043	-0.000869	-1025001.000000	0.000000	0.000000	0.000000	12.790653	-1.069345	12.745874	1.000000	0.867825	1543393627.442518	0.867825
-0.299114	0.085801	-0.609615	12.791796	-1.072252	12.746777	11.196877	-0.001422	-1025001.000000	0.000000	0.000000	0.000000	12.791796	-1.072252	12.746777	1.000000	0.875317	1543393627.450516	0.875317
0.111464	-0.141136	0.085074	12.793171	-1.075061	12.747920	11.488083	-0.002988	-1025001.000000	0.000000	0.000000	0.000000	12.793171	-1.075061	12.747920	1.000000	0.897986	1543393627.474519	0.897986
-0.190693	-0.232394	0.618471	12.791820	-1.076988	12.746402	11.585267	-0.003499	-1025001.000000	0.000000	0.000000	0.000000	12.791820	-1.076988	12.746402	1.000000	0.905678	1543393627.482515	0.905678
0.422074	-0.152747	0.293735	12.790089	-1.075082	12.744826	11.779947	-0.004504	-1025001.000000	0.000000	0.000000	0.000000	12.790089	-1.075082	12.744826	1.000000	0.921021	1543393627.498514	0.921021
-0.028605	0.039017	0.377772	12.789807	-1.074260	12.744612	11.974947	-0.005554	-1025001.000000	0.000000	0.000000	0.000000	12.789807	-1.074260	12.744612	1.000000	0.936288	1543393627.514512	0.936288
0.125285	0.056637	-0.301923	12.786491	-1.076256	12.741116	12.071755	-0.004804	-1025001.000000	0.000000	0.000000	0.000000	12.786491	-1.076256	12.741116	1.000000	0.944102	1543393627.522520	0.944102
0.085305	-0.074327	0.077720	12.786191	-1.076077	12.740830	12.263786	-0.005679	-1025001.000000	0.000000	0.000000	0.000000	12.786191	-1.076077	12.740830	1.000000	0.959143	1543393627.538515	0.959143
0.277459	-0.086164	0.187447	12.785992	-1.074331	12.740778	12.361508	-0.006125	-1025001.000000	0.000000	0.000000	0.000000	12.785992	-1.074331	12.740778	1.000000	0.966801	1543393627.546518	0.966801
0.031586	-0.129976	-0.088868	12.786043	-1.073465	12.740901	12.557102	-0.007042	-1025001.000000	0.000000	0.000000	0.000000	12.786043	-1.073465	12.740901	1.000000	0.982094	1543393627.562518	0.982094
0.124298	-0.097253	0.331369	12.785760	-1.072948	12.740661	12.654982	-0.007503	-1025001.000000	0.000000	0.000000	0.000000	12.785760	-1.072948	12.740661	1.000000	0.989772	1543393627.570516	0.989772
-0.114820	-0.014820	0.031744	12.786457	-1.077736	12.740956	12.949052	-0.008843	-1025001.000000	0.000000	0.000000	0.000000	12.786457	-1.077736	12.740956	1.000000	1.012716	1543393627.594514	1.012716
0.051398	-0.088109	-0.369923	12.786228	-1.077744	12.740726	13.047234	-0.009269	-1025001.000000	0.000000	0.000000	0.000000	12.786228	-1.077744	12.740726	1.000000	1.020413	1543393627.602516	1.020413
0.015813	-0.022213	-0.063710	12.786538	-1.078108	12.741006	13.145516	-0.009693	-1025001.000000	0.000000	0.000000	0.000000	12.786538	-1.078108	12.741006	1.000000	1.028075	1543393627.610521	1.028075
-0.094430	-0.096517	0.427039	12.786774	-1.080803	12.741015	13.440471	-0.010931	-1025001.000000	0.000000	0.000000	0.000000	12.786774	-1.080803	12.741015	1.000000	1.051123	1543393627.634516	1.051123
-0.010606	-0.110627	-0.003506	12.786374	-1.081330	12.740568	13.572005	-0.011330	-1025001.000000	0.000000	0.000000	0.000000	12.786374	-1.081330	12.740568	1.000000	1.061443	1543393627.642517	1.061443
0.305366	-0.033692	0.025065	12.787374	-1.077516	12.741895	13.769077	-0.012155	-1025001.000000	0.000000	0.000000	0.000000	12.787374	-1.077516	12.741895	1.000000	1.076771	1543393627.658519	1.076771
0.031671	-0.126359	-0.029139	12.785115	-1.073065	12.740003	14.065020	-0.013508	-1025001.000000	0.000000	0.000000	0.000000	12.785115	-1.073065	12.740003	1.000000	1.100109	1543393627.682516	1.100109
-0.081006	-0.125888	0.229667	12.784597	-1.074164	12.739391	14.163796	-0.013966	-1025001.000000	0.000000	0.000000	0.000000	12.784597	-1.074164	12.739391	1.000000	1.107880	1543393627.690518	1.107880
0.144567	-0.045000	0.228016	12.784723	-1.073518	12.739573	14.262633	-0.014421	-1025001.000000	0.000000	0.000000	0.000000	12.784723	-1.073518	12.739573	1.000000	1.115600	1543393627.698521	1.115600
0.331639	-0.222221	0.273355	12.782948	-1.066898	12.738347	14.559268	-0.015872	-1025001.000000	0.000000	0.000000	0.000000	12.782948	-1.066898	12.738347	1.000000	1.138960	1543393627.722516	1.138960
0.361497	-0.124900	0.601178	12.782442	-1.064505	12.738039	14.658253	-0.016392	-1025001.000000	0.000000	0.000000	0.000000	12.782442	-1.064505	12.738039	1.000000	1.146749	1543393627.730516	1.146749
0.299712	0.005265	0.693890	12.782972	-1.062700	12.738722	14.806045	-0.016928	-1025001.000000	0.000000	0.000000	0.000000	12.782972	-1.062700	12.738722	1.000000	1.158263	1543393627.738515	1.158263
0.073791	-0.042939	0.564425	12.782660	-1.061404	12.738517	15.004105	-0.018031	-1025001.000000	0.000000	0.000000	0.000000	12.782660	-1.061404	12.738517	1.000000	1.173786	1543393627.754518	1.173786
-0.045847	-0.178036	-0.028016	12.781586	-1.062012	12.737388	15.202033	-0.018734	-1025001.000000	0.000000	0.000000	0.000000	12.781586	-1.062012	12.737388	1.000000	1.189370	1543393627.770513	1.189370
0.062482	-0.147775	0.007772	12.779629	-1.065983	12.735093	15.697161	-0.019348	-1025001.000000	0.000000	0.000000	0.000000	12.779629	-1.065983	12.735093	1.000000	1.228296	1543393627.810515	1.228296
0.120581	-0.009512	0.368961	12.780037	-1.065568	12.735538	15.796314	-0.019462	-1025001.000000	0.000000	0.000000	0.000000	12.780037	-1.065568	12.735538	1.000000	1.236015	1543393627.818517	1.236015
0.161538	-0.132110	-0.081643	12.779722	-1.064046	12.735349	15.994650	-0.019705	-1025001.000000	0.000000	0.000000	0.000000	12.779722	-1.064046	12.735349	1.000000	1.251565	1543393627.834514	1.251565
0.056232	-0.037743	0.213012	12.779901	-1.064112	12.735522	16.040593	-0.019833	-1025001.000000	0.000000	0.000000	0.000000	12.779901	-1.064112	12.735522	1.000000	1.255142	1543393627.842521	1.255142
0.057923	-0.156841	0.308555	12.778622	-1.064478	12.734208	16.239230	-0.020082	-1025001.000000	0.000000	0.000000	0.000000	12.778622	-1.064478	12.734208	1.000000	1.270812	1543393627.858515	1.270812
0.128808	-0.138133	0.010886	12.786313	-1.071410	12.741345	16.438672	-0.018096	-1025001.000000	0.000000	0.000000	0.000000	12.786313	-1.071410	12.741345	1.000000	1.285646	1543393627.874514	1.285646
0.053753	0.031826	0.410222	12.787053	-1.071566	12.742075	16.538541	-0.017954	-1025001.000000	0.000000	0.000000	0.000000	12.787053	-1.071566	12.742075	1.000000	1.293382	1543393627.882520	1.293382
0.010673	-0.027145	0.353148	12.787818	-1.072520	12.742762	16.738252	-0.017663	-1025001.000000	0.000000	0.000000	0.000000	12.787818	-1.072520	12.742762	1.000000	1.308922	1543393627.898521	1.308922
0.024823	-0.020121	0.077479	12.787703	-1.073962	12.742525	17.038171	-0.017266	-1025001.000000	0.000000	0.000000	0.000000	12.787703	-1.073962	12.742525	1.000000	1.332387	1543393627.922521	1.332387
0.158927	-0.038808	-0.354292	12.787861	-1.073146	12.742753	17.138253	-0.017176	-1025001.000000	0.000000	0.000000	0.000000	12.787861	-1.073146	12.742753	1.000000	1.340197	1543393627.930518	1.340197
0.112003	-0.118073	-0.129513	12.787395	-1.072676	12.742325	17.193412	-0.017092	-1025001.000000	0.000000	0.000000	0.000000	12.787395	-1.072676	12.742325	1.000000	1.344559	1543393627.938516	1.344559
-0.013935	-0.018032	-0.076291	12.788523	-1.074583	12.743296	17.494052	-0.016823	-1025001.000000	0.000000	0.000000	0.000000	12.788523	-1.074583	12.743296	1.000000	1.367949	1543393627.962519	1.367949
0.019227	-0.019090	-0.497901	12.788833	-1.074876	12.743583	17.594302	-0.016725	-1025001.000000	0.000000	0.000000	0.000000	12.788833	-1.074876	12.743583	1.000000	1.375755	1543393627.970518	1.375755
0.043855	-0.039215	-0.480278	12.788987	-1.074962	12.743730	17.694564	-0.016625	-1025001.000000	0.000000	0.000000	0.000000	12.788987	-1.074962	12.743730	1.000000	1.383578	1543393627.978516	1.383578
-0.008410	-0.043104	0.061303	12.789123	-1.075522	12.743819	17.794878	-0.016523	-1025001.000000	0.000000	0.000000	0.000000	12.789123	-1.075522	12.743819	1.000000	1.391407	1543393627.986516	1.391407
-0.261700	0.096274	-0.179207	12.790867	-1.081850	12.745034	18.096012	-0.016144	-1025001.000000	0.000000	0.000000	0.000000	12.790867	-1.081850	12.745034	1.000000	1.414760	1543393628.010519	1.414760
-0.032237	-0.114154	-0.111754	12.784404	-1.088185	12.738008	18.396015	-0.014198	-1025001.000000	0.000000	0.000000	0.000000	12.784404	-1.088185	12.738008	1.000000	1.438942	1543393628.034518	1.438942
0.073159	-0.097871	-0.085878	12.783695	-1.088702	12.737252	18.596534	-0.013685	-1025001.000000	0.000000	0.000000	0.000000	12.783695	-1.088702	12.737252	1.000000	1.454707	1543393628.050518	1.454707
0.115532	0.005716	-0.141600	12.784217	-1.088291	12.737811	18.738375	-0.013429	-1025001.000000	0.000000	0.000000	0.000000	12.784217	-1.088291	12.737811	1.000000	1.465743	1543393628.058519	1.465743
0.030476	-0.025801	-0.198904	12.785401	-1.088935	12.738944	18.939117	-0.012917	-1025001.000000	0.000000	0.000000	0.000000	12.785401	-1.088935	12.738944	1.000000	1.481308	1543393628.074522	1.481308
-0.055753	-0.080819	0.068781	12.785013	-1.089695	12.738490	19.139857	-0.012398	-1025001.000000	0.000000	0.000000	0.000000	12.785013	-1.089695	12.738490	1.000000	1.497054	1543393628.090518	1.497054
-0.063724	-0.122925	-0.003995	12.784511	-1.090636	12.737906	19.240305	-0.012130	-1025001.000000	0.000000	0.000000	0.000000	12.784511	-1.090636	12.737906	1.000000	1.504970	1543393628.098520	1.504970
0.004846	0.031880	-0.203793	12.785333	-1.091454	12.738661	19.441220	-0.011579	-1025001.000000	0.000000	0.000000	0.000000	12.785333	-1.091454	12.738661	1.000000	1.520588	1543393628.114521	1.520588
-0.043167	0.037350	-0.227057	12.786109	-1.092320	12.739365	19.541734	-0.011297	-1025001.000000	0.000000	0.000000	0.000000	12.786109	-1.092320	12.739365	1.000000	1.528357	1543393628.122523	1.528357
0.010672	-0.025899	-0.133319	12.787378	-1.093655	12.740524	19.742735	-0.010716	-1025001.000000	0.000000	0.000000	0.000000	12.787378	-1.093655	12.740524	1.000000	1.543924	1543393628.138519	1.543924
0.064177	-0.090961	0.104855	12.787214	-1.093767	12.740350	19.859621	-0.010125	-1025001.000000	0.000000	0.000000	0.000000	12.787214	-1.093767	12.740350	1.000000	1.553084	1543393628.154518	1.553084
0.014932	-0.143649	0.140563	12.786549	-1.094083	12.739655	19.960200	-0.009828	-1025001.000000	0.000000	0.000000	0.000000	12.786549	-1.094083	12.739655	1.000000	1.561031	1543393628.162518	1.561031
0.066853	0.016566	-0.168336	12.788011	-1.096214	12.740940	20.362713	-0.008591	-1025001.000000	0.000000	0.000000	0.000000	12.788011	-1.096214	12.740940	1.000000	1.592328	1543393628.194520	1.592328
0.075679	0.006652	0.040602	12.788549	-1.096136	12.741486	20.463414	-0.008277	-1025001.000000	0.000000	0.000000	0.000000	12.788549	-1.096136	12.741486	1.000000	1.600136	1543393628.202522	1.600136
-0.047630	-0.098433	0.339832	12.787730	-1.097484	12.740548	20.664749	-0.007639	-1025001.000000	0.000000	0.000000	0.000000	12.787730	-1.097484	12.740548	1.000000	1.615983	1543393628.218517	1.615983
-0.126606	-0.047940	0.041494	12.787871	-1.099744	12.740495	20.866190	-0.006974	-1025001.000000	0.000000	0.000000	0.000000	12.787871	-1.099744	12.740495	1.000000	1.631717	1543393628.234516	1.631717
0.142593	-0.056793	-0.053482	12.787851	-1.099527	12.740494	21.077414	-0.006285	-1025001.000000	0.000000	0.000000	0.000000	12.787851	-1.099527	12.740494	1.000000	1.648237	1543393628.250519	1.648237
0.097292	0.018930	0.335242	12.788494	-1.099321	12.741157	21.178190	-0.005944	-1025001.000000	0.000000	0.000000	0.000000	12.788494	-1.099321	12.741157	1.000000	1.656035	1543393628.258520	1.656035
0.188064	-0.010051	0.113510	12.788200	-1.098303	12.740949	21.479680	-0.005573	-1025001.000000	0.000000	0.000000	0.000000	12.788200	-1.098303	12.740949	1.000000	1.679648	1543393628.282518	1.679648
0.162001	-0.068903	-0.126436	12.788125	-1.097475	12.740946	21.580219	-0.005459	-1025001.000000	0.000000	0.000000	0.000000	12.788125	-1.097475	12.740946	1.000000	1.687520	1543393628.290518	1.687520
0.115656	-0.047491	-0.024428	12.788632	-1.096938	12.741501	21.781344	-0.005242	-1025001.000000	0.000000	0.000000	0.000000	12.788632	-1.096938	12.741501	1.000000	1.703180	1543393628.306518	1.703180
0.106276	-0.027225	0.323527	12.789179	-1.096079	12.742123	21.982535	-0.005039	-1025001.000000	0.000000	0.000000	0.000000	12.789179	-1.096079	12.742123	1.000000	1.718839	1543393628.322518	1.718839
0.094990	-0.094297	0.153998	12.788909	-1.095791	12.741877	22.083127	-0.004941	-1025001.000000	0.000000	0.000000	0.000000	12.788909	-1.095791	12.741877	1.000000	1.726741	1543393628.330516	1.726741
-0.054922	-0.022141	-0.216444	12.788747	-1.097257	12.741588	22.385111	-0.004642	-1025001.000000	0.000000	0.000000	0.000000	12.788747	-1.097257	12.741588	1.000000	1.750376	1543393628.354521	1.750376
-0.126882	-0.030098	-0.138312	12.788980	-1.098754	12.741693	22.443460	-0.004528	-1025001.000000	0.000000	0.000000	0.000000	12.788980	-1.098754	12.741693	1.000000	1.754906	1543393628.362515	1.754906
-0.129968	0.034845	-0.178641	12.792877	-1.108415	12.744769	22.543904	-0.002224	-1025001.000000	0.000000	0.000000	0.000000	12.792877	-1.108415	12.744769	1.000000	1.762223	1543393628.370514	1.762223
0.064365	0.014311	-0.190755	12.794817	-1.110356	12.746546	22.846503	-0.000862	-1025001.000000	0.000000	0.000000	0.000000	12.794817	-1.110356	12.746546	1.000000	1.785606	1543393628.394521	1.785606
-0.008905	0.020386	-0.225692	12.795455	-1.110942	12.747136	22.947399	-0.000403	-1025001.000000	0.000000	0.000000	0.000000	12.795455	-1.110942	12.747136	1.000000	1.793402	1543393628.402523	1.793402
0.012665	-0.056252	-0.163874	12.795481	-1.111306	12.747130	23.048219	0.000061	-1025001.000000	0.000000	0.000000	0.000000	12.795481	-1.111306	12.747130	1.000000	1.801278	1543393628.410518	1.801278
0.078585	-0.096865	-0.348972	12.795175	-1.111101	12.746841	23.149296	0.000481	-1025001.000000	0.000000	0.000000	0.000000	12.795175	-1.111101	12.746841	1.000000	1.809221	1543393628.418518	1.809221
-0.073219	-0.057591	-0.035682	12.795559	-1.112779	12.747080	23.452631	0.001751	-1025001.000000	0.000000	0.000000	0.000000	12.795559	-1.112779	12.747080	1.000000	1.832873	1543393628.442521	1.832873
0.057641	-0.034869	0.161397	12.795763	-1.113491	12.747223	23.635573	0.002625	-1025001.000000	0.000000	0.000000	0.000000	12.795763	-1.113491	12.747223	1.000000	1.847141	1543393628.458517	1.847141
0.008051	-0.068796	-0.041419	12.795295	-1.113833	12.746723	23.837845	0.003503	-1025001.000000	0.000000	0.000000	0.000000	12.795295	-1.113833	12.746723	1.000000	1.863017	1543393628.474515	1.863017
0.069447	-0.047463	0.069449	12.795398	-1.113771	12.746832	23.939048	0.003944	-1025001.000000	0.000000	0.000000	0.000000	12.795398	-1.113771	12.746832	1.000000	1.870911	1543393628.482518	1.870911
-0.030379	-0.001496	-0.016600	12.795980	-1.114106	12.747387	24.141478	0.004824	-1025001.000000	0.000000	0.000000	0.000000	12.795980	-1.114106	12.747387	1.000000	1.886645	1543393628.498523	1.886645
0.202314	-0.019617	0.068134	12.796596	-1.112983	12.748103	24.343822	0.005705	-1025001.000000	0.000000	0.000000	0.000000	12.796596	-1.112983	12.748103	1.000000	1.902367	1543393628.514517	1.902367
0.174839	-0.123725	-0.057408	12.790847	-1.111920	12.742425	24.545288	0.007854	-1025001.000000	0.000000	0.000000	0.000000	12.790847	-1.111920	12.742425	1.000000	1.918973	1543393628.530517	1.918973
0.134725	-0.122618	0.278298	12.790356	-1.111300	12.741987	24.701112	0.008277	-1025001.000000	0.000000	0.000000	0.000000	12.790356	-1.111300	12.741987	1.000000	1.931229	1543393628.538518	1.931229
-0.064074	-0.148434	0.332017	12.790072	-1.113270	12.741529	25.004207	0.009561	-1025001.000000	0.000000	0.000000	0.000000	12.790072	-1.113270	12.741529	1.000000	1.954970	1543393628.562514	1.954970
-0.151781	-0.035832	-0.147506	12.790261	-1.114960	12.741572	25.105267	0.010005	-1025001.000000	0.000000	0.000000	0.000000	12.790261	-1.114960	12.741572	1.000000	1.962842	1543393628.570514	1.962842
0.029251	-0.069311	-0.000890	12.791517	-1.115654	12.742772	25.408564	0.011369	-1025001.000000	0.000000	0.000000	0.000000	12.791517	-1.115654	12.742772	1.000000	1.986360	1543393628.594517	1.986360
0.050228	-0.092752	0.316242	12.791268	-1.115733	12.742514	25.509657	0.011824	-1025001.000000	0.000000	0.000000	0.000000	12.791268	-1.115733	12.742514	1.000000	1.994302	1543393628.602516	1.994302
0.072490	-0.119417	-0.117414	12.790789	-1.115578	12.742048	25.610744	0.012280	-1025001.000000	0.000000	0.000000	0.000000	12.790789	-1.115578	12.742048	1.000000	2.002280	1543393628.610514	2.002280
-0.024611	-0.058605	-0.071845	12.790801	-1.116243	12.742001	25.711889	0.012738	-1025001.000000	0.000000	0.000000	0.000000	12.790801	-1.116243	12.742001	1.000000	2.010186	1543393628.618516	2.010186
0.045962	-0.031630	-0.139228	12.791454	-1.116855	12.742603	26.015294	0.014128	-1025001.000000	0.000000	0.000000	0.000000	12.791454	-1.116855	12.742603	1.000000	2.033803	1543393628.642515	2.033803
0.148633	-0.113838	-0.303263	12.791017	-1.116082	12.742232	26.140792	0.014590	-1025001.000000	0.000000	0.000000	0.000000	12.791017	-1.116082	12.742232	1.000000	2.043684	1543393628.650514	2.043684
0.130186	-0.148978	0.004349	12.790310	-1.115459	12.741577	26.241987	0.015047	-1025001.000000	0.000000	0.000000	0.000000	12.790310	-1.115459	12.741577	1.000000	2.051708	1543393628.658516	2.051708
0.117442	-0.089628	0.083018	12.790701	-1.114162	12.742083	26.545548	0.016395	-1025001.000000	0.000000	0.000000	0.000000	12.790701	-1.114162	12.742083	1.000000	2.075379	1543393628.682516	2.075379
0.082970	-0.015477	-0.187379	12.790878	-1.113259	12.742340	26.747988	0.017274	-1025001.000000	0.000000	0.000000	0.000000	12.790878	-1.113259	12.742340	1.000000	2.091177	1543393628.698518	2.091177
0.072480	-0.159439	0.183326	12.790690	-1.112876	12.742184	26.950415	0.018144	-1025001.000000	0.000000	0.000000	0.000000	12.790690	-1.112876	12.742184	1.000000	2.107034	1543393628.714516	2.107034
0.051777	-0.150317	0.418369	12.789983	-1.112913	12.741471	27.051622	0.018578	-1025001.000000	0.000000	0.000000	0.000000	12.789983	-1.112913	12.741471	1.000000	2.115063	1543393628.722514	2.115063
0.158512	-0.147965	0.297737	12.789288	-1.112089	12.740845	27.152883	0.019009	-1025001.000000	0.000000	0.000000	0.000000	12.789288	-1.112089	12.740845	1.000000	2.123096	1543393628.730516	2.123096
0.009025	-0.076176	0.144012	12.788243	-1.112181	12.739788	27.456871	0.020289	-1025001.000000	0.000000	0.000000	0.000000	12.788243	-1.112181	12.739788	1.000000	2.147040	1543393628.754516	2.147040
0.173267	-0.098477	0.041072	12.787938	-1.111253	12.739564	27.558094	0.020715	-1025001.000000	0.000000	0.000000	0.000000	12.787938	-1.111253	12.739564	1.000000	2.155007	1543393628.762515	2.155007
0.335771	-0.086472	-0.115076	12.787664	-1.106280	12.739721	27.760416	0.021022	-1025001.000000	0.000000	0.000000	0.000000	12.787664	-1.106280	12.739721	1.000000	2.170875	1543393628.778515	2.170875
0.233332	-0.056252	0.164434	12.786917	-1.102523	12.739297	28.063959	0.021383	-1025001.000000	0.000000	0.000000	0.000000	12.786917	-1.102523	12.739297	1.000000	2.194740	1543393628.802516	2.194740
0.124797	-0.304850	0.062026	12.784410	-1.100667	12.736942	28.266323	0.021576	-1025001.000000	0.000000	0.000000	0.000000	12.784410	-1.100667	12.736942	1.000000	2.210999	1543393628.818515	2.210999
0.397056	-0.042961	0.082380	12.784525	-1.096711	12.737398	28.468703	0.021733	-1025001.000000	0.000000	0.000000	0.000000	12.784525	-1.096711	12.737398	1.000000	2.226810	1543393628.834515	2.226810
0.373847	-0.215140	0.418940	12.783295	-1.094141	12.736385	28.580863	0.021783	-1025001.000000	0.000000	0.000000	0.000000	12.783295	-1.094141	12.736385	1.000000	2.235798	1543393628.842515	2.235798
0.038648	-0.128422	0.032754	12.781569	-1.092621	12.734783	28.783279	0.021845	-1025001.000000	0.000000	0.000000	0.000000	12.781569	-1.092621	12.734783	1.000000	2.251936	1543393628.858516	2.251936
0.019690	-0.121742	0.112445	12.778581	-1.090385	12.731975	28.984822	0.022579	-1025001.000000	0.000000	0.000000	0.000000	12.778581	-1.090385	12.731975	1.000000	2.268235	1543393628.874516	2.268235
0.127497	0.015428	0.285959	12.779056	-1.089709	12.732510	29.187067	0.022322	-1025001.000000	0.000000	0.000000	0.000000	12.779056	-1.089709	12.732510	1.000000	2.283977	1543393628.890517	2.283977
0.184302	-0.158670	-0.262531	12.778260	-1.088623	12.731804	29.288180	0.022185	-1025001.000000	0.000000	0.000000	0.000000	12.778260	-1.088623	12.731804	1.000000	2.292032	1543393628.898516	2.292032
-0.022330	-0.132518	-0.152457	12.775208	-1.087933	12.728799	29.591745	0.021748	-1025001.000000	0.000000	0.000000	0.000000	12.775208	-1.087933	12.728799	1.000000	2.316342	1543393628.922519	2.316342
0.195585	-0.043221	0.072034	12.775345	-1.086873	12.729028	29.693006	0.021603	-1025001.000000	0.000000	0.000000	0.000000	12.775345	-1.086873	12.729028	1.000000	2.324243	1543393628.930517	2.324243
0.261395	-0.110371	-0.128101	12.774940	-1.085224	12.728762	29.761925	0.021447	-1025001.000000	0.000000	0.000000	0.000000	12.774940	-1.085224	12.728762	1.000000	2.329712	1543393628.938516	2.329712
0.317650	-0.163463	-0.256004	12.772988	-1.079061	12.727327	30.065788	0.020893	-1025001.000000	0.000000	0.000000	0.000000	12.772988	-1.079061	12.727327	1.000000	2.353857	1543393628.962515	2.353857
0.214758	-0.167070	0.172576	12.772138	-1.077770	12.726583	30.167119	0.020678	-1025001.000000	0.000000	0.000000	0.000000	12.772138	-1.077770	12.726583	1.000000	2.361948	1543393628.970518	2.361948
0.156998	-0.036415	-0.018360	12.772327	-1.077010	12.726838	30.268390	0.020454	-1025001.000000	0.000000	0.000000	0.000000	12.772327	-1.077010	12.726838	1.000000	2.369841	1543393628.978516	2.369841
0.158535	-0.114287	-0.108408	12.770978	-1.074027	12.725736	30.572340	0.019741	-1025001.000000	0.000000	0.000000	0.000000	12.770978	-1.074027	12.725736	1.000000	2.393892	1543393629.002519	2.393892
0.041395	-0.143102	0.061395	12.770318	-1.074124	12.725066	30.673621	0.019492	-1025001.000000	0.000000	0.000000	0.000000	12.770318	-1.074124	12.725066	1.000000	2.401946	1543393629.010517	2.401946
0.001919	-0.130889	-0.276078	12.765001	-1.075905	12.719578	30.875400	0.020342	-1025001.000000	0.000000	0.000000	0.000000	12.765001	-1.075905	12.719578	1.000000	2.418754	1543393629.026517	2.418754
0.048240	-0.233835	0.328092	12.763620	-1.075914	12.718192	30.995301	0.020140	-1025001.000000	0.000000	0.000000	0.000000	12.763620	-1.075914	12.718192	1.000000	2.428410	1543393629.034519	2.428410
0.107399	-0.197539	-0.257755	12.761371	-1.075134	12.716001	31.298776	0.019528	-1025001.000000	0.000000	0.000000	0.000000	12.761371	-1.075134	12.716001	1.000000	2.452619	1543393629.058516	2.452619
-0.207158	-0.201331	0.118734	12.758459	-1.077875	12.712846	31.501044	0.019135	-1025001.000000	0.000000	0.000000	0.000000	12.758459	-1.077875	12.712846	1.000000	2.469032	1543393629.074512	2.469032
-0.045288	-0.152000	0.233457	12.757733	-1.078679	12.712050	31.602283	0.018956	-1025001.000000	0.000000	0.000000	0.000000	12.757733	-1.078679	12.712050	1.000000	2.477108	1543393629.082519	2.477108
-0.016930	-0.151126	0.646986	12.757022	-1.079290	12.711284	31.703430	0.018784	-1025001.000000	0.000000	0.000000	0.000000	12.757022	-1.079290	12.711284	1.000000	2.485175	1543393629.090519	2.485175
0.136490	-0.095745	0.100741	12.756737	-1.078661	12.711052	31.804502	0.018611	-1025001.000000	0.000000	0.000000	0.000000	12.756737	-1.078661	12.711052	1.000000	2.493153	1543393629.098513	2.493153
0.013235	-0.240312	0.042248	12.754218	-1.078151	12.708566	32.006808	0.018256	-1025001.000000	0.000000	0.000000	0.000000	12.754218	-1.078151	12.708566	1.000000	2.509508	1543393629.114514	2.509508
0.128951	-0.211344	-0.397312	12.753001	-1.077462	12.707403	32.107955	0.018076	-1025001.000000	0.000000	0.000000	0.000000	12.753001	-1.077462	12.707403	1.000000	2.517678	1543393629.122515	2.517678
0.222815	-0.329071	0.107828	12.750855	-1.075996	12.705374	32.209132	0.017890	-1025001.000000	0.000000	0.000000	0.000000	12.750855	-1.075996	12.705374	1.000000	2.526037	1543393629.130519	2.526037
0.157373	-0.249035	0.214607	12.746152	-1.069312	12.701219	32.626866	0.016998	-1025001.000000	0.000000	0.000000	0.000000	12.746152	-1.069312	12.701219	1.000000	2.559742	1543393629.162514	2.559742
0.126555	-0.333044	0.056232	12.743970	-1.068600	12.699089	32.727987	0.016754	-1025001.000000	0.000000	0.000000	0.000000	12.743970	-1.068600	12.699089	1.000000	2.568116	1543393629.170516	2.568116
-0.075504	-0.249965	0.073507	12.742453	-1.069558	12.697486	32.829070	0.016511	-1025001.000000	0.000000	0.000000	0.000000	12.742453	-1.069558	12.697486	1.000000	2.576354	1543393629.178516	2.576354
0.079645	-0.197858	-0.055872	12.740206	-1.070672	12.695137	33.031218	0.016053	-1025001.000000	0.000000	0.000000	0.000000	12.740206	-1.070672	12.695137	1.000000	2.592675	1543393629.194516	2.592675
0.131601	-0.133332	0.354421	12.738272	-1.069270	12.693315	33.233322	0.015587	-1025001.000000	0.000000	0.000000	0.000000	12.738272	-1.069270	12.693315	1.000000	2.608935	1543393629.210514	2.608935
0.135035	-0.246604	-0.278871	12.736770	-1.068517	12.691871	33.334366	0.015348	-1025001.000000	0.000000	0.000000	0.000000	12.736770	-1.068517	12.691871	1.000000	2.617176	1543393629.218513	2.617176
-0.148017	-0.315893	0.244896	12.731868	-1.071025	12.686740	33.536437	0.014885	-1025001.000000	0.000000	0.000000	0.000000	12.731868	-1.071025	12.686740	1.000000	2.634055	1543393629.234513	2.634055
0.182073	-0.198077	0.246631	12.729951	-1.069063	12.684982	33.763848	0.014433	-1025001.000000	0.000000	0.000000	0.000000	12.729951	-1.069063	12.684982	1.000000	2.652316	1543393629.250517	2.652316
0.359386	-0.280524	0.190005	12.728187	-1.066545	12.683424	33.864859	0.014190	-1025001.000000	0.000000	0.000000	0.000000	12.728187	-1.066545	12.683424	1.000000	2.660619	1543393629.258517	2.660619
0.141716	-0.330971	-0.110511	12.723771	-1.061092	12.679449	34.168087	0.013769	-1025001.000000	0.000000	0.000000	0.000000	12.723771	-1.061092	12.679449	1.000000	2.685374	1543393629.282515	2.685374
0.175810	-0.266009	-0.140551	12.722125	-1.060019	12.677887	34.269203	0.013611	-1025001.000000	0.000000	0.000000	0.000000	12.722125	-1.060019	12.677887	1.000000	2.693670	1543393629.290519	2.693670
0.140659	-0.149964	0.689675	12.721423	-1.059379	12.677236	34.370238	0.013448	-1025001.000000	0.000000	0.000000	0.000000	12.721423	-1.059379	12.677236	1.000000	2.701761	1543393629.298517	2.701761
0.231545	-0.344546	-0.137552	12.719140	-1.057812	12.675077	34.471290	0.013277	-1025001.000000	0.000000	0.000000	0.000000	12.719140	-1.057812	12.675077	1.000000	2.710190	1543393629.306517	2.710190
0.140275	-0.233428	-0.224973	12.714913	-1.053843	12.671165	34.774396	0.012696	-1025001.000000	0.000000	0.000000	0.000000	12.714913	-1.053843	12.671165	1.000000	2.734930	1543393629.330517	2.734930
0.129199	-0.229152	0.005852	12.713563	-1.053181	12.669866	34.848523	0.012488	-1025001.000000	0.000000	0.000000	0.000000	12.713563	-1.053181	12.669866	1.000000	2.741051	1543393629.338518	2.741051
0.015329	-0.252731	0.185285	12.710039	-1.052462	12.666389	35.050506	0.012060	-1025001.000000	0.000000	0.000000	0.000000	12.710039	-1.052462	12.666389	1.000000	2.757702	1543393629.354518	2.757702
0.135670	-0.201744	0.107932	12.708909	-1.051776	12.665312	35.151474	0.011844	-1025001.000000	0.000000	0.000000	0.000000	12.708909	-1.051776	12.665312	1.000000	2.765892	1543393629.362517	2.765892
0.226616	-0.218813	0.038114	12.710013	-1.054758	12.666172	35.252201	0.013362	-1025001.000000	0.000000	0.000000	0.000000	12.710013	-1.054758	12.666172	1.000000	2.773577	1543393629.370516	2.773577
-0.007663	-0.271053	0.030423	12.706343	-1.055140	12.662457	35.555398	0.013138	-1025001.000000	0.000000	0.000000	0.000000	12.706343	-1.055140	12.662457	1.000000	2.798240	1543393629.394516	2.798240
0.036397	-0.352142	0.119793	12.704010	-1.055149	12.660116	35.656482	0.013068	-1025001.000000	0.000000	0.000000	0.000000	12.704010	-1.055149	12.660116	1.000000	2.806711	1543393629.402519	2.806711
0.161862	-0.201840	-0.113222	12.701067	-1.053521	12.657298	35.858605	0.012892	-1025001.000000	0.000000	0.000000	0.000000	12.701067	-1.053521	12.657298	1.000000	2.823275	1543393629.418516	2.823275
0.377351	-0.234577	-0.548992	12.697697	-1.045865	12.654551	36.161992	0.012487	-1025001.000000	0.000000	0.000000	0.000000	12.697697	-1.045865	12.654551	1.000000	2.847917	1543393629.442518	2.847917
0.265497	-0.433400	-0.283996	12.694708	-1.043961	12.651710	36.227039	0.012313	-1025001.000000	0.000000	0.000000	0.000000	12.694708	-1.043961	12.651710	1.000000	2.853712	1543393629.450518	2.853712
0.186420	-0.239917	0.656549	12.693286	-1.042883	12.650372	36.328147	0.012129	-1025001.000000	0.000000	0.000000	0.000000	12.693286	-1.042883	12.650372	1.000000	2.861997	1543393629.458519	2.861997
0.497519	-0.291765	0.891910	12.687527	-1.036603	12.645110	36.631357	0.011519	-1025001.000000	0.000000	0.000000	0.000000	12.687527	-1.036603	12.645110	1.000000	2.887194	1543393629.482518	2.887194
0.203354	-0.337894	0.273175	12.685311	-1.035301	12.642993	36.732409	0.011281	-1025001.000000	0.000000	0.000000	0.000000	12.685311	-1.035301	12.642993	1.000000	2.895665	1543393629.490518	2.895665
0.125785	-0.231789	-0.143133	12.678460	-1.031910	12.636397	37.035448	0.010520	-1025001.000000	0.000000	0.000000	0.000000	12.678460	-1.031910	12.636397	1.000000	2.921131	1543393629.514517	2.921131
0.013188	-0.416252	-0.320800	12.669378	-1.034021	12.627112	37.236498	0.011374	-1025001.000000	0.000000	0.000000	0.000000	12.669378	-1.034021	12.627112	1.000000	2.939094	1543393629.530515	2.939094
-0.091528	-0.228610	0.251955	12.668037	-1.035139	12.625674	37.358122	0.011157	-1025001.000000	0.000000	0.000000	0.000000	12.668037	-1.035139	12.625674	1.000000	2.949006	1543393629.538516	2.949006
-0.148965	-0.264611	0.245902	12.666401	-1.036691	12.623905	37.458893	0.010953	-1025001.000000	0.000000	0.000000	0.000000	12.666401	-1.036691	12.623905	1.000000	2.957343	1543393629.546515	2.957343
0.039284	-0.382627	-0.329524	12.660552	-1.039112	12.617838	37.761193	0.010406	-1025001.000000	0.000000	0.000000	0.000000	12.660552	-1.039112	12.617838	1.000000	2.982587	1543393629.570517	2.982587
-0.056631	-0.308112	0.004434	12.658565	-1.039879	12.615780	37.861934	0.010235	-1025001.000000	0.000000	0.000000	0.000000	12.658565	-1.039879	12.615780	1.000000	2.991013	1543393629.578518	2.991013
0.042953	-0.367845	-0.344757	12.654240	-1.040389	12.611399	38.063364	0.009909	-1025001.000000	0.000000	0.000000	0.000000	12.654240	-1.040389	12.611399	1.000000	3.007953	1543393629.594519	3.007953
0.041220	-0.382413	0.077304	12.651659	-1.040336	12.608814	38.164037	0.009750	-1025001.000000	0.000000	0.000000	0.000000	12.651659	-1.040336	12.608814	1.000000	3.016524	1543393629.602518	3.016524
0.080960	-0.541984	-0.387881	12.647784	-1.039826	12.604968	38.264709	0.009590	-1025001.000000	0.000000	0.000000	0.000000	12.647784	-1.039826	12.604968	1.000000	3.025408	1543393629.610519	3.025408
0.154025	-0.420892	-0.261712	12.635785	-1.036761	12.593180	38.566490	0.009087	-1025001.000000	0.000000	0.000000	0.000000	12.635785	-1.036761	12.593180	1.000000	3.052164	1543393629.634518	3.052164
0.064606	-0.426635	0.139140	12.630624	-1.035879	12.588074	38.842004	0.008728	-1025001.000000	0.000000	0.000000	0.000000	12.630624	-1.035879	12.588074	1.000000	3.075224	1543393629.650518	3.075224
0.010801	-0.498684	-0.187913	12.627103	-1.035968	12.584534	38.942494	0.008549	-1025001.000000	0.000000	0.000000	0.000000	12.627103	-1.035968	12.584534	1.000000	3.084040	1543393629.658516	3.084040
-0.113228	-0.495732	-0.366344	12.615621	-1.037627	12.572876	39.243857	0.008043	-1025001.000000	0.000000	0.000000	0.000000	12.615621	-1.037627	12.572876	1.000000	3.110735	1543393629.682515	3.110735
-0.107419	-0.503619	-0.104376	12.612064	-1.038661	12.569222	39.344286	0.007893	-1025001.000000	0.000000	0.000000	0.000000	12.612064	-1.038661	12.569222	1.000000	3.119575	1543393629.690517	3.119575
-0.020376	-0.599775	-0.454330	12.607721	-1.038914	12.564843	39.444684	0.007750	-1025001.000000	0.000000	0.000000	0.000000	12.607721	-1.038914	12.564843	1.000000	3.128613	1543393629.698519	3.128613
-0.301803	-0.621886	-0.177375	12.598974	-1.043054	12.555723	39.645291	0.007505	-1025001.000000	0.000000	0.000000	0.000000	12.598974	-1.043054	12.555723	1.000000	3.146708	1543393629.714516	3.146708
-0.158956	-0.620727	-0.574379	12.594460	-1.044393	12.551082	39.745575	0.007411	-1025001.000000	0.000000	0.000000	0.000000	12.594460	-1.044393	12.551082	1.000000	3.155798	1543393629.722517	3.155798
-0.140491	-0.565608	-0.528942	12.586755	-1.046485	12.543176	39.938744	0.007256	-1025001.000000	0.000000	0.000000	0.000000	12.586755	-1.046485	12.543176	1.000000	3.173077	1543393629.738516	3.173077
-0.004413	-0.622287	-0.073300	12.577834	-1.047579	12.534133	40.139099	0.007144	-1025001.000000	0.000000	0.000000	0.000000	12.577834	-1.047579	12.534133	1.000000	3.191257	1543393629.754520	3.191257
-0.018003	-0.714709	-0.136859	12.567316	-1.047638	12.523573	40.339195	0.006931	-1025001.000000	0.000000	0.000000	0.000000	12.567316	-1.047638	12.523573	1.000000	3.209850	1543393629.770522	3.209850
-0.069596	-0.754102	-0.173043	12.561761	-1.048201	12.517951	40.439072	0.006774	-1025001.000000	0.000000	0.000000	0.000000	12.561761	-1.048201	12.517951	1.000000	3.219220	1543393629.778518	3.219220
0.027039	-0.975636	-0.268568	12.547840	-1.048471	12.503959	40.638831	0.006483	-1025001.000000	0.000000	0.000000	0.000000	12.547840	-1.048471	12.503959	1.000000	3.238711	1543393629.794522	3.238711
0.193523	-1.139758	0.012460	12.531101	-1.045537	12.487407	40.838288	0.006190	-1025001.000000	0.000000	0.000000	0.000000	12.531101	-1.045537	12.487407	1.000000	3.258955	1543393629.810521	3.258955
0.218576	-1.179829	0.158032	12.522153	-1.043538	12.478595	40.937938	0.006032	-1025001.000000	0.000000	0.000000	0.000000	12.522153	-1.043538	12.478595	1.000000	3.269241	1543393629.818522	3.269241
0.104863	-1.109967	0.535451	12.497590	-1.039901	12.454250	41.236440	0.005519	-1025001.000000	0.000000	0.000000	0.000000	12.497590	-1.039901	12.454250	1.000000	3.299551	1543393629.842520	3.299551
0.165176	-1.078513	0.611274	12.489471	-1.038416	12.446227	41.314815	0.005340	-1025001.000000	0.000000	0.000000	0.000000	12.489471	-1.038416	12.446227	1.000000	3.307972	1543393629.850520	3.307972
-0.012590	-0.960584	0.210908	12.468141	-1.027492	12.425732	41.612378	0.004787	-1025001.000000	0.000000	0.000000	0.000000	12.468141	-1.027492	12.425732	1.000000	3.337496	1543393629.874516	3.337496
-0.067455	-1.097439	0.273514	12.452264	-1.027194	12.409825	41.810810	0.003550	-1025001.000000	0.000000	0.000000	0.000000	12.452264	-1.027194	12.409825	1.000000	3.357687	1543393629.890514	3.357687
-0.098137	-1.123666	0.451097	12.443773	-1.027768	12.401257	41.909943	0.002943	-1025001.000000	0.000000	0.000000	0.000000	12.443773	-1.027768	12.401257	1.000000	3.367945	1543393629.898514	3.367945
-0.018027	-1.009356	0.184337	12.419872	-1.028851	12.377184	42.207104	0.001156	-1025001.000000	0.000000	0.000000	0.000000	12.419872	-1.028851	12.377184	1.000000	3.398352	1543393629.922516	3.398352
0.052079	-1.159452	-0.048067	12.411072	-1.028176	12.368410	42.306116	0.000558	-1025001.000000	0.000000	0.000000	0.000000	12.411072	-1.028176	12.368410	1.000000	3.408740	1543393629.930517	3.408740
0.019746	-1.176967	0.298080	12.402149	-1.027767	12.359490	42.405051	-0.000037	-1025001.000000	0.000000	0.000000	0.000000	12.402149	-1.027767	12.359490	1.000000	3.419170	1543393629.938517	3.419170
-0.043362	-1.001194	-0.103212	12.386728	-1.027913	12.344004	42.631614	-0.001215	-1025001.000000	0.000000	0.000000	0.000000	12.386728	-1.027913	12.344004	1.000000	3.441717	1543393629.954517	3.441717
0.201310	-0.974109	-0.043686	12.372792	-1.025457	12.330224	42.829052	-0.002387	-1025001.000000	0.000000	0.000000	0.000000	12.372792	-1.025457	12.330224	1.000000	3.461551	1543393629.970517	3.461551
0.165453	-1.089513	0.141428	12.364561	-1.023937	12.322091	42.927721	-0.002983	-1025001.000000	0.000000	0.000000	0.000000	12.364561	-1.023937	12.322091	1.000000	3.471835	1543393629.978520	3.471835
0.084175	-1.257882	0.191426	12.337232	-1.020751	12.294932	43.223199	-0.004794	-1025001.000000	0.000000	0.000000	0.000000	12.337232	-1.020751	12.294932	1.000000	3.503476	1543393630.002519	3.503476
0.161800	-1.300590	0.047674	12.327309	-1.019113	12.285111	43.321538	-0.005403	-1025001.000000	0.000000	0.000000	0.000000	12.327309	-1.019113	12.285111	1.000000	3.514274	1543393630.010518	3.514274
0.204512	-1.134547	0.005898	12.297439	-1.018184	12.255215	43.615126	-0.005583	-1025001.000000	0.000000	0.000000	0.000000	12.297439	-1.018184	12.255215	1.000000	3.546684	1543393630.034515	3.546684
