auto-a-x	auto-a-y	auto-a-z	auto-speed	auto-speed-x	auto-speed-y	distance	line-distance	line-id	obspeed	obspeed-x	obspeed-y	respeed	respeed-x	respeed-y	status	thw	timestamp	ttc
0.092606	1.187250	0.212972	7.783837	-0.666280	7.755269	93.071608	0.063897	-2031101.000000	0.000000	0.000000	0.000000	7.783837	-0.666280	7.755269	1.000000	11.957034	1543387851.320799	11.957034
0.178327	1.210987	0.347577	7.812526	-0.666767	7.784021	92.885025	0.062638	-2031101.000000	0.000000	0.000000	0.000000	7.812526	-0.666767	7.784021	1.000000	11.889244	1543387851.344799	11.889244
0.123629	1.201936	0.265818	7.822609	-0.667146	7.794109	92.822696	0.062206	-2031101.000000	0.000000	0.000000	0.000000	7.822609	-0.667146	7.794109	1.000000	11.865951	1543387851.352796	11.865951
0.059856	1.176420	0.351548	7.832486	-0.668008	7.803948	92.760266	0.061772	-2031101.000000	0.000000	0.000000	0.000000	7.832486	-0.668008	7.803948	1.000000	11.843016	1543387851.360796	11.843016
0.059857	1.203349	0.180738	7.842588	-0.668904	7.814010	92.697746	0.061338	-2031101.000000	0.000000	0.000000	0.000000	7.842588	-0.668904	7.814010	1.000000	11.819791	1543387851.368797	11.819791
0.072879	1.344170	0.190029	7.853815	-0.669790	7.825202	92.635150	0.060904	-2031101.000000	0.000000	0.000000	0.000000	7.853815	-0.669790	7.825202	1.000000	11.794924	1543387851.376797	11.794924
0.049807	1.033610	0.110136	7.873035	-0.671558	7.844341	92.509731	0.060034	-2031101.000000	0.000000	0.000000	0.000000	7.873035	-0.671558	7.844341	1.000000	11.750200	1543387851.392794	11.750200
0.031808	1.106455	0.317354	7.882348	-0.672598	7.853599	92.446922	0.059600	-2031101.000000	0.000000	0.000000	0.000000	7.882348	-0.672598	7.853599	1.000000	11.728349	1543387851.400791	11.728349
-0.020687	1.177957	0.070759	7.892248	-0.674128	7.863405	92.384012	0.059169	-2031101.000000	0.000000	0.000000	0.000000	7.892248	-0.674128	7.863405	1.000000	11.705664	1543387851.408791	11.705664
