auto-a-x	auto-a-y	auto-a-z	auto-speed	auto-speed-x	auto-speed-y	distance	line-distance	line-id	obspeed	obspeed-x	obspeed-y	respeed	respeed-x	respeed-y	status	thw	timestamp	ttc
0.045802	-0.102022	-0.015072	12.811316	-1.118951	12.762357	63.338392	0.001068	-1025001.000000	0.000000	0.000000	0.000000	12.811316	-1.118951	12.762357	1.000000	4.943941	1543374671.500391	4.943941
0.126566	-0.152384	0.164359	12.810447	-1.114829	12.761846	63.031109	0.001800	-1025001.000000	0.000000	0.000000	0.000000	12.810447	-1.114829	12.761846	1.000000	4.920289	1543374671.524393	4.920289
0.016310	-0.044462	0.409903	12.810489	-1.115391	12.761839	62.826438	0.002187	-1025001.000000	0.000000	0.000000	0.000000	12.810489	-1.115391	12.761839	1.000000	4.904297	1543374671.540396	4.904297
0.185318	-0.123252	-0.146435	12.810077	-1.114094	12.761539	62.724185	0.002377	-1025001.000000	0.000000	0.000000	0.000000	12.810077	-1.114094	12.761539	1.000000	4.896472	1543374671.548391	4.896472
-0.022448	-0.170951	-0.565079	12.809388	-1.112997	12.760943	62.417242	0.002909	-1025001.000000	0.000000	0.000000	0.000000	12.809388	-1.112997	12.760943	1.000000	4.872773	1543374671.572392	4.872773
-0.142611	0.009880	0.009658	12.810045	-1.114427	12.761478	62.360534	0.003092	-1025001.000000	0.000000	0.000000	0.000000	12.810045	-1.114427	12.761478	1.000000	4.868096	1543374671.580395	4.868096
-0.088137	0.084847	-0.462662	12.811297	-1.115410	12.762648	62.258243	0.003283	-1025001.000000	0.000000	0.000000	0.000000	12.811297	-1.115410	12.762648	1.000000	4.859636	1543374671.588394	4.859636
0.141183	-0.157729	-0.306332	12.810946	-1.115372	12.762299	61.951338	0.003880	-1025001.000000	0.000000	0.000000	0.000000	12.810946	-1.115372	12.762299	1.000000	4.835813	1543374671.612392	4.835813
-0.018300	-0.132148	-0.162133	12.825499	-1.108486	12.777507	61.847271	0.004439	-1025001.000000	0.000000	0.000000	0.000000	12.825499	-1.108486	12.777507	1.000000	4.822212	1543374671.620392	4.822212
-0.193787	-0.076021	-0.235775	12.825461	-1.110226	12.777318	61.744390	0.004252	-1025001.000000	0.000000	0.000000	0.000000	12.825461	-1.110226	12.777318	1.000000	4.814204	1543374671.628389	4.814204
-0.028599	0.022388	-0.315996	12.827141	-1.112907	12.778771	61.435544	0.003747	-1025001.000000	0.000000	0.000000	0.000000	12.827141	-1.112907	12.778771	1.000000	4.789496	1543374671.652394	4.789496
0.010481	-0.131504	-0.190273	12.826669	-1.112992	12.778290	61.332637	0.003588	-1025001.000000	0.000000	0.000000	0.000000	12.826669	-1.112992	12.778290	1.000000	4.781650	1543374671.660392	4.781650
-0.064083	-0.143042	0.411406	12.826105	-1.113746	12.777657	61.229722	0.003432	-1025001.000000	0.000000	0.000000	0.000000	12.826105	-1.113746	12.777657	1.000000	4.773836	1543374671.668391	4.773836
0.001241	-0.180367	0.506425	12.824408	-1.114662	12.775874	60.931166	0.003137	-1025001.000000	0.000000	0.000000	0.000000	12.824408	-1.114662	12.775874	1.000000	4.751188	1543374671.684391	4.751188
0.068260	-0.095768	0.356520	12.824218	-1.114386	12.775708	60.828269	0.002992	-1025001.000000	0.000000	0.000000	0.000000	12.824218	-1.114386	12.775708	1.000000	4.743234	1543374671.692389	4.743234
0.150021	-0.058769	-0.105829	12.824323	-1.113422	12.775898	60.725333	0.002842	-1025001.000000	0.000000	0.000000	0.000000	12.824323	-1.113422	12.775898	1.000000	4.735169	1543374671.700390	4.735169
0.034843	-0.009458	0.129302	12.825559	-1.113084	12.777167	60.519455	0.002529	-1025001.000000	0.000000	0.000000	0.000000	12.825559	-1.113084	12.777167	1.000000	4.718660	1543374671.716392	4.718660
0.088855	-0.056457	-0.107753	12.825683	-1.112605	12.777333	60.416578	0.002369	-1025001.000000	0.000000	0.000000	0.000000	12.825683	-1.112605	12.777333	1.000000	4.710593	1543374671.724388	4.710593
0.020970	-0.145673	0.086457	12.825104	-1.111884	12.776815	60.210720	0.002038	-1025001.000000	0.000000	0.000000	0.000000	12.825104	-1.111884	12.776815	1.000000	4.694755	1543374671.740388	4.694755
0.255611	-0.135633	0.191878	12.825210	-1.105388	12.777485	58.461181	-0.001072	-1025001.000000	0.000000	0.000000	0.000000	12.825210	-1.105388	12.777485	1.000000	4.558302	1543374671.876388	4.558302
0.210660	-0.098156	0.003438	12.824340	-1.101892	12.776914	58.255366	-0.001539	-1025001.000000	0.000000	0.000000	0.000000	12.824340	-1.101892	12.776914	1.000000	4.542562	1543374671.892388	4.542562
0.084412	0.044202	-0.338409	12.825598	-1.101535	12.778207	58.049465	-0.002034	-1025001.000000	0.000000	0.000000	0.000000	12.825598	-1.101535	12.778207	1.000000	4.526063	1543374671.908395	4.526063
0.149564	-0.012742	-0.434603	12.827284	-1.099788	12.780050	57.843642	-0.002549	-1025001.000000	0.000000	0.000000	0.000000	12.827284	-1.099788	12.780050	1.000000	4.509423	1543374671.924394	4.509423
0.200906	0.035897	-0.048209	12.828148	-1.098490	12.781029	57.748527	-0.002820	-1025001.000000	0.000000	0.000000	0.000000	12.828148	-1.098490	12.781029	1.000000	4.501704	1543374671.932395	4.501704
0.186078	-0.104850	-0.240256	12.827881	-1.097185	12.780873	57.645691	-0.003102	-1025001.000000	0.000000	0.000000	0.000000	12.827881	-1.097185	12.780873	1.000000	4.493781	1543374671.940388	4.493781
0.178375	-0.187962	-0.059958	12.826953	-1.095910	12.780051	57.542758	-0.003393	-1025001.000000	0.000000	0.000000	0.000000	12.826953	-1.095910	12.780051	1.000000	4.486082	1543374671.948389	4.486082
0.095525	-0.063352	-0.576182	12.827007	-1.094525	12.780224	57.336905	-0.003998	-1025001.000000	0.000000	0.000000	0.000000	12.827007	-1.094525	12.780224	1.000000	4.470014	1543374671.964391	4.470014
0.227383	0.052032	-0.378882	12.828417	-1.091631	12.781886	57.131020	-0.004636	-1025001.000000	0.000000	0.000000	0.000000	12.828417	-1.091631	12.781886	1.000000	4.453474	1543374671.980395	4.453474
0.134215	-0.130951	0.061849	12.828260	-1.089887	12.781878	56.925240	-0.005314	-1025001.000000	0.000000	0.000000	0.000000	12.828260	-1.089887	12.781878	1.000000	4.437487	1543374671.996390	4.437487
0.080261	0.021847	-0.242426	12.828980	-1.088948	12.782680	56.719326	-0.006013	-1025001.000000	0.000000	0.000000	0.000000	12.828980	-1.088948	12.782680	1.000000	4.421188	1543374672.012396	4.421188
0.126160	-0.016223	-0.122981	12.829427	-1.088201	12.783193	56.711352	-0.006046	-1025001.000000	0.000000	0.000000	0.000000	12.829427	-1.088201	12.783193	1.000000	4.420412	1543374672.020397	4.420412
0.168417	-0.024686	-0.252945	12.829805	-1.087092	12.783666	56.608966	-0.006087	-1025001.000000	0.000000	0.000000	0.000000	12.829805	-1.087092	12.783666	1.000000	4.412301	1543374672.028394	4.412301
0.187809	-0.093796	0.131686	12.830021	-1.084334	12.784118	56.404125	-0.006200	-1025001.000000	0.000000	0.000000	0.000000	12.830021	-1.084334	12.784118	1.000000	4.396261	1543374672.044393	4.396261
0.168455	-0.074002	0.273222	12.830017	-1.083268	12.784204	56.301714	-0.006272	-1025001.000000	0.000000	0.000000	0.000000	12.830017	-1.083268	12.784204	1.000000	4.388280	1543374672.052392	4.388280
0.218077	-0.032679	-0.132762	12.830335	-1.081775	12.784649	56.199276	-0.006354	-1025001.000000	0.000000	0.000000	0.000000	12.830335	-1.081775	12.784649	1.000000	4.380188	1543374672.060393	4.380188
0.138747	-0.020168	-0.135364	12.830755	-1.080923	12.785143	56.096800	-0.006445	-1025001.000000	0.000000	0.000000	0.000000	12.830755	-1.080923	12.785143	1.000000	4.372058	1543374672.068397	4.372058
0.118525	-0.071173	0.497846	12.832368	-1.085012	12.786415	54.799129	-0.001694	-1025001.000000	0.000000	0.000000	0.000000	12.832368	-1.085012	12.786415	1.000000	4.270383	1543374672.180392	4.270383
0.222117	-0.169941	0.112640	12.831587	-1.083432	12.785766	54.696537	-0.001393	-1025001.000000	0.000000	0.000000	0.000000	12.831587	-1.083432	12.785766	1.000000	4.262648	1543374672.188395	4.262648
0.162257	-0.025173	0.201409	12.831924	-1.080865	12.786321	54.491385	-0.000826	-1025001.000000	0.000000	0.000000	0.000000	12.831924	-1.080865	12.786321	1.000000	4.246548	1543374672.204399	4.246548
0.087257	-0.180473	0.170100	12.831063	-1.080361	12.785499	54.388904	-0.000553	-1025001.000000	0.000000	0.000000	0.000000	12.831063	-1.080361	12.785499	1.000000	4.238846	1543374672.212394	4.238846
0.095085	-0.256183	0.372959	12.827964	-1.078238	12.782569	54.081299	0.000237	-1025001.000000	0.000000	0.000000	0.000000	12.827964	-1.078238	12.782569	1.000000	4.215891	1543374672.236395	4.215891
0.031243	0.035594	0.273691	12.828979	-1.078664	12.783552	53.876289	0.000753	-1025001.000000	0.000000	0.000000	0.000000	12.828979	-1.078664	12.783552	1.000000	4.199577	1543374672.252393	4.199577
0.075046	-0.056804	0.291422	12.829108	-1.078353	12.783707	53.773768	0.001010	-1025001.000000	0.000000	0.000000	0.000000	12.829108	-1.078353	12.783707	1.000000	4.191544	1543374672.260393	4.191544
-0.106806	-0.209434	0.084344	12.826172	-1.078463	12.780751	53.363746	0.002010	-1025001.000000	0.000000	0.000000	0.000000	12.826172	-1.078463	12.780751	1.000000	4.160536	1543374672.292391	4.160536
-0.008852	-0.040540	-0.010886	12.826422	-1.078793	12.780974	52.992337	0.002270	-1025001.000000	0.000000	0.000000	0.000000	12.826422	-1.078793	12.780974	1.000000	4.131498	1543374672.300395	4.131498
0.035313	0.035260	-0.145418	12.827277	-1.078806	12.781831	52.889849	0.002531	-1025001.000000	0.000000	0.000000	0.000000	12.827277	-1.078806	12.781831	1.000000	4.123233	1543374672.308394	4.123233
-0.060047	-0.093902	-0.103696	12.826849	-1.080308	12.781275	52.684883	0.003066	-1025001.000000	0.000000	0.000000	0.000000	12.826849	-1.080308	12.781275	1.000000	4.107391	1543374672.324391	4.107391
0.037008	-0.074411	-0.262365	12.826825	-1.080219	12.781259	52.582369	0.003339	-1025001.000000	0.000000	0.000000	0.000000	12.826825	-1.080219	12.781259	1.000000	4.099406	1543374672.332392	4.099406
0.000738	-0.125996	0.041805	12.826395	-1.080422	12.780810	52.479809	0.003612	-1025001.000000	0.000000	0.000000	0.000000	12.826395	-1.080422	12.780810	1.000000	4.091548	1543374672.340397	4.091548
-0.047432	-0.049120	-0.125594	12.826575	-1.081040	12.780938	52.377350	0.003889	-1025001.000000	0.000000	0.000000	0.000000	12.826575	-1.081040	12.780938	1.000000	4.083502	1543374672.348394	4.083502
0.083877	-0.010852	0.049687	12.827182	-1.081097	12.781542	52.172342	0.004451	-1025001.000000	0.000000	0.000000	0.000000	12.827182	-1.081097	12.781542	1.000000	4.067327	1543374672.364395	4.067327
0.140500	-0.132870	0.003202	12.826531	-1.076798	12.781253	51.454861	0.006357	-1025001.000000	0.000000	0.000000	0.000000	12.826531	-1.076798	12.781253	1.000000	4.011596	1543374672.420394	4.011596
0.133418	-0.111612	-0.061281	12.826213	-1.075937	12.781006	51.438204	0.006599	-1025001.000000	0.000000	0.000000	0.000000	12.826213	-1.075937	12.781006	1.000000	4.010397	1543374672.428394	4.010397
0.156612	-0.001943	-0.139350	12.826189	-1.074105	12.781136	51.233188	0.007062	-1025001.000000	0.000000	0.000000	0.000000	12.826189	-1.074105	12.781136	1.000000	3.994420	1543374672.444398	3.994420
0.020324	-0.071054	0.149574	12.826675	-1.072902	12.781724	51.028280	0.007494	-1025001.000000	0.000000	0.000000	0.000000	12.826675	-1.072902	12.781724	1.000000	3.978294	1543374672.460393	3.978294
0.082167	-0.093756	0.625979	12.826513	-1.072542	12.781592	50.925744	0.007706	-1025001.000000	0.000000	0.000000	0.000000	12.826513	-1.072542	12.781592	1.000000	3.970350	1543374672.468397	3.970350
-0.121215	-0.091670	-0.037224	12.824388	-1.074475	12.779297	50.556374	0.008560	-1025001.000000	0.000000	0.000000	0.000000	12.824388	-1.074475	12.779297	1.000000	3.942206	1543374672.500394	3.942206
0.180778	-0.083840	0.163179	12.824087	-1.073755	12.779056	50.249280	0.008510	-1025001.000000	0.000000	0.000000	0.000000	12.824087	-1.073755	12.779056	1.000000	3.918351	1543374672.524392	3.918351
0.198660	-0.136970	0.200146	12.823573	-1.072385	12.778654	50.146978	0.008357	-1025001.000000	0.000000	0.000000	0.000000	12.823573	-1.072385	12.778654	1.000000	3.910531	1543374672.532390	3.910531
-0.013544	-0.066920	0.086005	12.822851	-1.072578	12.777914	49.942319	0.008039	-1025001.000000	0.000000	0.000000	0.000000	12.822851	-1.072578	12.777914	1.000000	3.894791	1543374672.548392	3.894791
-0.065540	-0.174024	0.202115	12.821264	-1.073649	12.776232	49.737703	0.007734	-1025001.000000	0.000000	0.000000	0.000000	12.821264	-1.073649	12.776232	1.000000	3.879314	1543374672.564392	3.879314
-0.067322	-0.040310	-0.085932	12.821514	-1.074430	12.776417	49.635378	0.007590	-1025001.000000	0.000000	0.000000	0.000000	12.821514	-1.074430	12.776417	1.000000	3.871257	1543374672.572394	3.871257
-0.013245	-0.069078	-0.162597	12.822387	-1.076679	12.777104	49.328470	0.007200	-1025001.000000	0.000000	0.000000	0.000000	12.822387	-1.076679	12.777104	1.000000	3.847058	1543374672.596393	3.847058
-0.031751	-0.109568	0.260139	12.822093	-1.077173	12.776767	49.226153	0.007079	-1025001.000000	0.000000	0.000000	0.000000	12.822093	-1.077173	12.776767	1.000000	3.839167	1543374672.604394	3.839167
0.020803	-0.159938	0.254153	12.821391	-1.077215	12.776059	49.123877	0.006960	-1025001.000000	0.000000	0.000000	0.000000	12.821391	-1.077215	12.776059	1.000000	3.831400	1543374672.612392	3.831400
0.058114	0.006228	-0.514039	12.829242	-1.086040	12.783191	48.712436	0.010843	-1025001.000000	0.000000	0.000000	0.000000	12.829242	-1.086040	12.783191	1.000000	3.796985	1543374672.644397	3.796985
0.002699	-0.148248	-0.192582	12.828982	-1.087306	12.782822	48.507128	0.011553	-1025001.000000	0.000000	0.000000	0.000000	12.828982	-1.087306	12.782822	1.000000	3.781058	1543374672.660397	3.781058
0.040475	-0.068735	0.039115	12.829012	-1.087230	12.782859	48.404479	0.011911	-1025001.000000	0.000000	0.000000	0.000000	12.829012	-1.087230	12.782859	1.000000	3.773048	1543374672.668397	3.773048
0.155035	-0.089854	0.064314	12.823870	-1.086698	12.777743	46.161200	0.019792	-1025001.000000	0.000000	0.000000	0.000000	12.823870	-1.086698	12.777743	1.000000	3.599631	1543374672.844393	3.599631
0.204876	-0.104357	0.574696	12.823621	-1.085357	12.777607	46.058643	0.020143	-1025001.000000	0.000000	0.000000	0.000000	12.823621	-1.085357	12.777607	1.000000	3.591703	1543374672.852391	3.591703
0.047592	-0.120607	0.231567	12.822925	-1.084730	12.776962	45.853435	0.020830	-1025001.000000	0.000000	0.000000	0.000000	12.822925	-1.084730	12.776962	1.000000	3.575895	1543374672.868395	3.575895
0.014401	-0.149449	-0.101202	12.822002	-1.084663	12.776042	45.711539	0.021513	-1025001.000000	0.000000	0.000000	0.000000	12.822002	-1.084663	12.776042	1.000000	3.565086	1543374672.884392	3.565086
-0.011139	-0.081928	0.121800	12.821923	-1.084995	12.775935	45.608982	0.021856	-1025001.000000	0.000000	0.000000	0.000000	12.821923	-1.084995	12.775935	1.000000	3.557109	1543374672.892392	3.557109
-0.049675	-0.086510	-0.090712	12.821802	-1.085603	12.775762	45.506436	0.022203	-1025001.000000	0.000000	0.000000	0.000000	12.821802	-1.085603	12.775762	1.000000	3.549145	1543374672.900391	3.549145
-0.007894	-0.067470	-0.279138	12.821831	-1.085869	12.775767	45.403830	0.022554	-1025001.000000	0.000000	0.000000	0.000000	12.821831	-1.085869	12.775767	1.000000	3.541135	1543374672.908395	3.541135
0.067333	0.025761	-0.477689	12.823461	-1.085145	12.777465	45.198737	0.023250	-1025001.000000	0.000000	0.000000	0.000000	12.823461	-1.085145	12.777465	1.000000	3.524691	1543374672.924393	3.524691
-0.058632	-0.048496	-0.143108	12.823647	-1.085843	12.777593	45.096157	0.023597	-1025001.000000	0.000000	0.000000	0.000000	12.823647	-1.085843	12.777593	1.000000	3.516640	1543374672.932394	3.516640
-0.012117	-0.095382	-0.248050	12.823456	-1.086123	12.777377	44.993618	0.023949	-1025001.000000	0.000000	0.000000	0.000000	12.823456	-1.086123	12.777377	1.000000	3.508697	1543374672.940392	3.508697
0.010006	-0.093138	-0.160065	12.823285	-1.086243	12.777195	44.891042	0.024302	-1025001.000000	0.000000	0.000000	0.000000	12.823285	-1.086243	12.777195	1.000000	3.500744	1543374672.948393	3.500744
0.183623	-0.165833	-0.534103	12.822124	-1.084615	12.776168	44.685918	0.025001	-1025001.000000	0.000000	0.000000	0.000000	12.822124	-1.084615	12.776168	1.000000	3.485064	1543374672.964394	3.485064
0.002741	-0.077335	-0.409811	12.822073	-1.084774	12.776104	44.583359	0.025343	-1025001.000000	0.000000	0.000000	0.000000	12.822073	-1.084774	12.776104	1.000000	3.477079	1543374672.972395	3.477079
-0.159128	-0.038798	-0.513681	12.821702	-1.078540	12.776259	43.132561	0.025889	-1025001.000000	0.000000	0.000000	0.000000	12.821702	-1.078540	12.776259	1.000000	3.364028	1543374673.084397	3.364028
-0.197606	-0.006540	-0.002854	12.822356	-1.085002	12.776368	42.621440	0.025475	-1025001.000000	0.000000	0.000000	0.000000	12.822356	-1.085002	12.776368	1.000000	3.323994	1543374673.124393	3.323994
-0.242597	-0.156761	0.034250	12.812998	-1.085666	12.766920	42.604030	0.026871	-1025001.000000	0.000000	0.000000	0.000000	12.812998	-1.085666	12.766920	1.000000	3.325063	1543374673.132391	3.325063
-0.224075	-0.145421	0.377491	12.812419	-1.087688	12.766167	42.502185	0.026780	-1025001.000000	0.000000	0.000000	0.000000	12.812419	-1.087688	12.766167	1.000000	3.317265	1543374673.140393	3.317265
-0.108743	-0.098924	0.177903	12.811073	-1.091913	12.764455	42.196762	0.026583	-1025001.000000	0.000000	0.000000	0.000000	12.811073	-1.091913	12.764455	1.000000	3.293773	1543374673.164393	3.293773
0.179280	-0.134128	0.006196	12.810582	-1.090682	12.764067	42.094948	0.026529	-1025001.000000	0.000000	0.000000	0.000000	12.810582	-1.090682	12.764067	1.000000	3.285951	1543374673.172394	3.285951
0.263027	-0.154798	0.388590	12.809927	-1.088819	12.763569	41.904723	0.026464	-1025001.000000	0.000000	0.000000	0.000000	12.809927	-1.088819	12.763569	1.000000	3.271270	1543374673.180395	3.271270
0.244143	-0.210559	0.415456	12.808825	-1.087072	12.762612	41.802992	0.026385	-1025001.000000	0.000000	0.000000	0.000000	12.808825	-1.087072	12.762612	1.000000	3.263609	1543374673.188390	3.263609
0.038315	-0.167426	0.784099	12.807405	-1.085739	12.761300	41.599366	0.026198	-1025001.000000	0.000000	0.000000	0.000000	12.807405	-1.085739	12.761300	1.000000	3.248072	1543374673.204395	3.248072
-0.081104	-0.138842	0.649092	12.806874	-1.086662	12.760689	41.497649	0.026106	-1025001.000000	0.000000	0.000000	0.000000	12.806874	-1.086662	12.760689	1.000000	3.240264	1543374673.212391	3.240264
0.019380	-0.076750	0.486551	12.806839	-1.086805	12.760642	41.395856	0.026019	-1025001.000000	0.000000	0.000000	0.000000	12.806839	-1.086805	12.760642	1.000000	3.232324	1543374673.220393	3.232324
0.002065	-0.211667	0.133722	12.805123	-1.086998	12.758903	41.192363	0.025848	-1025001.000000	0.000000	0.000000	0.000000	12.805123	-1.086998	12.758903	1.000000	3.216866	1543374673.236391	3.216866
0.114013	-0.078315	0.131213	12.805074	-1.086338	12.758910	41.090564	0.025761	-1025001.000000	0.000000	0.000000	0.000000	12.805074	-1.086338	12.758910	1.000000	3.208928	1543374673.244395	3.208928
0.045903	-0.121099	-0.001185	12.804684	-1.086175	12.758533	40.988870	0.025671	-1025001.000000	0.000000	0.000000	0.000000	12.804684	-1.086175	12.758533	1.000000	3.201084	1543374673.252391	3.201084
-0.031871	-0.123017	0.163862	12.804280	-1.086650	12.758087	40.887119	0.025583	-1025001.000000	0.000000	0.000000	0.000000	12.804280	-1.086650	12.758087	1.000000	3.193239	1543374673.260392	3.193239
0.025060	-0.057820	0.262804	12.804395	-1.086729	12.758196	40.785356	0.025497	-1025001.000000	0.000000	0.000000	0.000000	12.804395	-1.086729	12.758196	1.000000	3.185262	1543374673.268394	3.185262
0.135733	-0.157487	0.011732	12.802424	-1.082888	12.756544	40.644606	0.025193	-1025001.000000	0.000000	0.000000	0.000000	12.802424	-1.082888	12.756544	1.000000	3.174759	1543374673.292392	3.174759
0.038150	-0.116465	0.335041	12.800956	-1.081988	12.755147	40.441195	0.024954	-1025001.000000	0.000000	0.000000	0.000000	12.800956	-1.081988	12.755147	1.000000	3.159232	1543374673.308392	3.159232
-0.027992	-0.085428	0.456847	12.800149	-1.082929	12.754257	40.237835	0.024719	-1025001.000000	0.000000	0.000000	0.000000	12.800149	-1.082929	12.754257	1.000000	3.143544	1543374673.324390	3.143544
0.010806	-0.070321	-0.004086	12.800361	-1.083604	12.754413	40.034467	0.024499	-1025001.000000	0.000000	0.000000	0.000000	12.800361	-1.083604	12.754413	1.000000	3.127605	1543374673.340389	3.127605
0.019476	-0.173673	-0.027472	12.799853	-1.084090	12.753862	39.831040	0.024289	-1025001.000000	0.000000	0.000000	0.000000	12.799853	-1.084090	12.753862	1.000000	3.111836	1543374673.356393	3.111836
0.184833	-0.242649	0.115963	12.797573	-1.081874	12.751762	39.627702	0.024067	-1025001.000000	0.000000	0.000000	0.000000	12.797573	-1.081874	12.751762	1.000000	3.096501	1543374673.372393	3.096501
0.210044	-0.190899	0.001878	12.796618	-1.080360	12.750932	39.433574	0.023941	-1025001.000000	0.000000	0.000000	0.000000	12.796618	-1.080360	12.750932	1.000000	3.081562	1543374673.380392	3.081562
0.314349	-0.055759	0.109298	12.795426	-1.072417	12.750406	39.027024	0.023307	-1025001.000000	0.000000	0.000000	0.000000	12.795426	-1.072417	12.750406	1.000000	3.050076	1543374673.412391	3.050076
0.262240	-0.082077	0.026810	12.795341	-1.070562	12.750476	38.925369	0.023105	-1025001.000000	0.000000	0.000000	0.000000	12.795341	-1.070562	12.750476	1.000000	3.042152	1543374673.420393	3.042152
0.198151	-0.078031	-0.179635	12.794565	-1.066610	12.750029	38.620528	0.022429	-1025001.000000	0.000000	0.000000	0.000000	12.794565	-1.066610	12.750029	1.000000	3.018510	1543374673.444392	3.018510
0.247348	-0.082242	-0.167072	12.794476	-1.064846	12.750087	38.518880	0.022182	-1025001.000000	0.000000	0.000000	0.000000	12.794476	-1.064846	12.750087	1.000000	3.010587	1543374673.452395	3.010587
0.053600	-0.087898	-0.230882	12.794341	-1.064614	12.749971	38.417273	0.021926	-1025001.000000	0.000000	0.000000	0.000000	12.794341	-1.064614	12.749971	1.000000	3.002677	1543374673.460395	3.002677
0.022757	-0.061656	-0.152738	12.794416	-1.064658	12.750043	38.315695	0.021670	-1025001.000000	0.000000	0.000000	0.000000	12.794416	-1.064658	12.750043	1.000000	2.994720	1543374673.468393	2.994720
0.231039	-0.203384	0.288810	12.809292	-1.055057	12.765768	37.769194	0.021460	-1025001.000000	0.000000	0.000000	0.000000	12.809292	-1.055057	12.765768	1.000000	2.948578	1543374673.508392	2.948578
0.025086	-0.096206	-0.090918	12.808544	-1.053958	12.765108	37.564673	0.020113	-1025001.000000	0.000000	0.000000	0.000000	12.808544	-1.053958	12.765108	1.000000	2.932782	1543374673.524393	2.932782
-0.022340	0.030723	-0.692985	12.809922	-1.054917	12.766411	37.359511	0.018880	-1025001.000000	0.000000	0.000000	0.000000	12.809922	-1.054917	12.766411	1.000000	2.916451	1543374673.540393	2.916451
-0.017104	0.099034	-0.459109	12.811273	-1.055352	12.767731	37.256912	0.018268	-1025001.000000	0.000000	0.000000	0.000000	12.811273	-1.055352	12.767731	1.000000	2.908135	1543374673.548394	2.908135
0.125670	-0.105790	-0.630771	12.811767	-1.054305	12.768313	37.051748	0.017040	-1025001.000000	0.000000	0.000000	0.000000	12.811767	-1.054305	12.768313	1.000000	2.892009	1543374673.564392	2.892009
0.139126	-0.101672	-0.775359	12.811214	-1.052738	12.767888	36.846604	0.015790	-1025001.000000	0.000000	0.000000	0.000000	12.811214	-1.052738	12.767888	1.000000	2.876121	1543374673.580390	2.876121
0.031360	0.043929	-0.775425	12.812489	-1.051752	12.769248	36.633016	0.014514	-1025001.000000	0.000000	0.000000	0.000000	12.812489	-1.051752	12.769248	1.000000	2.859165	1543374673.596394	2.859165
0.064525	-0.073663	-0.412009	12.810091	-1.060601	12.766110	36.325349	0.015528	-1025001.000000	0.000000	0.000000	0.000000	12.810091	-1.060601	12.766110	1.000000	2.835682	1543374673.620397	2.835682
0.138517	0.034164	-0.234458	12.809619	-1.058071	12.765846	35.915624	0.014962	-1025001.000000	0.000000	0.000000	0.000000	12.809619	-1.058071	12.765846	1.000000	2.803801	1543374673.652399	2.803801
0.061156	0.031145	-0.262093	12.810441	-1.057860	12.766689	35.813226	0.014806	-1025001.000000	0.000000	0.000000	0.000000	12.810441	-1.057860	12.766689	1.000000	2.795628	1543374673.660397	2.795628
-0.078278	-0.081603	0.036856	12.810689	-1.059368	12.766812	35.505969	0.014347	-1025001.000000	0.000000	0.000000	0.000000	12.810689	-1.059368	12.766812	1.000000	2.771589	1543374673.684396	2.771589
-0.031883	-0.104950	0.135513	12.810434	-1.059855	12.766516	35.315296	0.014204	-1025001.000000	0.000000	0.000000	0.000000	12.810434	-1.059855	12.766516	1.000000	2.756760	1543374673.692394	2.756760
0.027770	-0.093730	0.154196	12.810270	-1.059876	12.766349	35.212903	0.014063	-1025001.000000	0.000000	0.000000	0.000000	12.810270	-1.059876	12.766349	1.000000	2.748803	1543374673.700395	2.748803
0.025671	-0.124436	0.016839	12.809855	-1.059875	12.765933	35.110569	0.013923	-1025001.000000	0.000000	0.000000	0.000000	12.809855	-1.059875	12.765933	1.000000	2.740903	1543374673.708392	2.740903
-0.014551	-0.030974	-0.238113	12.810338	-1.060449	12.766370	34.803427	0.013506	-1025001.000000	0.000000	0.000000	0.000000	12.810338	-1.060449	12.766370	1.000000	2.716824	1543374673.732395	2.716824
-0.074793	-0.104386	-0.090162	12.809254	-1.062403	12.765120	34.393992	0.012985	-1025001.000000	0.000000	0.000000	0.000000	12.809254	-1.062403	12.765120	1.000000	2.685089	1543374673.764395	2.685089
-0.080447	-0.091816	0.316257	12.809109	-1.063305	12.764899	34.291683	0.012869	-1025001.000000	0.000000	0.000000	0.000000	12.809109	-1.063305	12.764899	1.000000	2.677133	1543374673.772392	2.677133
0.011167	-0.072902	0.748431	12.809118	-1.063542	12.764889	34.189364	0.012758	-1025001.000000	0.000000	0.000000	0.000000	12.809118	-1.063542	12.764889	1.000000	2.669143	1543374673.780390	2.669143
-0.034953	-0.173811	0.768447	12.806739	-1.063404	12.762513	33.929529	0.012420	-1025001.000000	0.000000	0.000000	0.000000	12.806739	-1.063404	12.762513	1.000000	2.649350	1543374673.804391	2.649350
-0.057947	-0.020345	0.808061	12.806822	-1.064988	12.762464	33.724839	0.012212	-1025001.000000	0.000000	0.000000	0.000000	12.806822	-1.064988	12.762464	1.000000	2.633350	1543374673.820393	2.633350
0.041088	-0.161004	0.143065	12.806111	-1.064857	12.761762	33.622514	0.012115	-1025001.000000	0.000000	0.000000	0.000000	12.806111	-1.064857	12.761762	1.000000	2.625505	1543374673.828393	2.625505
0.211599	-0.079785	0.110891	12.805407	-1.061366	12.761346	33.417911	0.011889	-1025001.000000	0.000000	0.000000	0.000000	12.805407	-1.061366	12.761346	1.000000	2.609672	1543374673.844391	2.609672
0.055682	-0.205250	-0.074055	12.804342	-1.061054	12.760303	33.315547	0.011763	-1025001.000000	0.000000	0.000000	0.000000	12.804342	-1.061054	12.760303	1.000000	2.601895	1543374673.852396	2.601895
0.004317	-0.106558	0.546629	12.804077	-1.061294	12.760017	33.213279	0.011637	-1025001.000000	0.000000	0.000000	0.000000	12.804077	-1.061294	12.760017	1.000000	2.593961	1543374673.860394	2.593961
-0.134000	-0.029580	0.305781	12.804074	-1.064034	12.759786	32.906413	0.011287	-1025001.000000	0.000000	0.000000	0.000000	12.804074	-1.064034	12.759786	1.000000	2.569996	1543374673.884395	2.569996
-0.009936	-0.116778	0.129111	12.803719	-1.064335	12.759405	32.861326	0.011185	-1025001.000000	0.000000	0.000000	0.000000	12.803719	-1.064335	12.759405	1.000000	2.566545	1543374673.892390	2.566545
0.006887	-0.053781	0.564350	12.803876	-1.064597	12.759541	32.759007	0.011086	-1025001.000000	0.000000	0.000000	0.000000	12.803876	-1.064597	12.759541	1.000000	2.558523	1543374673.900394	2.558523
0.051097	-0.098090	0.025533	12.803667	-1.064405	12.759347	32.657340	0.011311	-1025001.000000	0.000000	0.000000	0.000000	12.803667	-1.064405	12.759347	1.000000	2.550624	1543374673.908392	2.550624
-0.014831	-0.098735	-0.073407	12.802817	-1.064506	12.758485	32.453975	0.011758	-1025001.000000	0.000000	0.000000	0.000000	12.802817	-1.064506	12.758485	1.000000	2.534909	1543374673.924392	2.534909
-0.010793	0.067937	-0.336421	12.803923	-1.064642	12.759584	32.250598	0.012206	-1025001.000000	0.000000	0.000000	0.000000	12.803923	-1.064642	12.759584	1.000000	2.518806	1543374673.940394	2.518806
-0.012004	0.023608	-0.446306	12.804681	-1.064976	12.760317	32.148879	0.012433	-1025001.000000	0.000000	0.000000	0.000000	12.804681	-1.064976	12.760317	1.000000	2.510713	1543374673.948397	2.510713
-0.033180	-0.063008	-0.102457	12.804665	-1.065059	12.760294	31.945574	0.012886	-1025001.000000	0.000000	0.000000	0.000000	12.804665	-1.065059	12.760294	1.000000	2.494839	1543374673.964393	2.494839
-0.040061	-0.178227	0.057656	12.803818	-1.065551	12.759403	31.843877	0.013117	-1025001.000000	0.000000	0.000000	0.000000	12.803818	-1.065551	12.759403	1.000000	2.487061	1543374673.972395	2.487061
-0.027455	-0.278033	0.477969	12.802181	-1.065936	12.757728	31.742193	0.013352	-1025001.000000	0.000000	0.000000	0.000000	12.802181	-1.065936	12.757728	1.000000	2.479436	1543374673.980397	2.479436
-0.051527	-0.069551	0.351396	12.802207	-1.066632	12.757696	31.690057	0.013592	-1025001.000000	0.000000	0.000000	0.000000	12.802207	-1.066632	12.757696	1.000000	2.475359	1543374673.988392	2.475359
0.158998	-0.077146	-0.189753	12.811451	-1.058441	12.767653	31.282565	0.015298	-1025001.000000	0.000000	0.000000	0.000000	12.811451	-1.058441	12.767653	1.000000	2.441766	1543374674.020394	2.441766
0.111770	-0.076255	-0.073000	12.811417	-1.057776	12.767675	31.180403	0.014829	-1025001.000000	0.000000	0.000000	0.000000	12.811417	-1.057776	12.767675	1.000000	2.433798	1543374674.028398	2.433798
0.072914	-0.032974	-0.241236	12.812278	-1.056696	12.768628	30.976199	0.013874	-1025001.000000	0.000000	0.000000	0.000000	12.812278	-1.056696	12.768628	1.000000	2.417696	1543374674.044397	2.417696
-0.022698	-0.157923	-0.064949	12.811139	-1.057220	12.767442	30.772042	0.012916	-1025001.000000	0.000000	0.000000	0.000000	12.811139	-1.057220	12.767442	1.000000	2.401975	1543374674.060394	2.401975
0.002138	-0.189532	0.289762	12.810207	-1.057398	12.766492	30.669947	0.012441	-1025001.000000	0.000000	0.000000	0.000000	12.810207	-1.057398	12.766492	1.000000	2.394180	1543374674.068395	2.394180
-0.058205	-0.016516	0.297814	12.809295	-1.058162	12.765513	30.456679	0.011497	-1025001.000000	0.000000	0.000000	0.000000	12.809295	-1.058162	12.765513	1.000000	2.377701	1543374674.084392	2.377701
-0.094269	0.012655	0.054333	12.809972	-1.059212	12.766105	30.354570	0.011034	-1025001.000000	0.000000	0.000000	0.000000	12.809972	-1.059212	12.766105	1.000000	2.369605	1543374674.092395	2.369605
0.096575	-0.065636	0.032999	12.796836	-1.074548	12.751641	29.643282	0.012798	-1025001.000000	0.000000	0.000000	0.000000	12.796836	-1.074548	12.751641	1.000000	2.316454	1543374674.148395	2.316454
0.236842	-0.091164	0.021599	12.796052	-1.069251	12.751300	29.338740	0.012923	-1025001.000000	0.000000	0.000000	0.000000	12.796052	-1.069251	12.751300	1.000000	2.292796	1543374674.172395	2.292796
0.132056	-0.146282	0.003616	12.795428	-1.067596	12.750812	29.090062	0.012950	-1025001.000000	0.000000	0.000000	0.000000	12.795428	-1.067596	12.750812	1.000000	2.273473	1543374674.188398	2.273473
0.185822	0.005373	0.101193	12.795759	-1.066354	12.751249	28.887075	0.012957	-1025001.000000	0.000000	0.000000	0.000000	12.795759	-1.066354	12.751249	1.000000	2.257551	1543374674.204400	2.257551
-0.027991	-0.122223	-0.131166	12.795721	-1.065793	12.751257	28.684192	0.012940	-1025001.000000	0.000000	0.000000	0.000000	12.795721	-1.065793	12.751257	1.000000	2.241702	1543374674.220395	2.241702
0.101150	-0.056175	-0.278540	12.796229	-1.064837	12.751847	28.481227	0.012917	-1025001.000000	0.000000	0.000000	0.000000	12.796229	-1.064837	12.751847	1.000000	2.225752	1543374674.236398	2.225752
0.071297	-0.130323	0.119023	12.795771	-1.064484	12.751417	28.379797	0.012899	-1025001.000000	0.000000	0.000000	0.000000	12.795771	-1.064484	12.751417	1.000000	2.217904	1543374674.244396	2.217904
0.275318	-0.098165	0.015426	12.795565	-1.062509	12.751375	28.278364	0.012873	-1025001.000000	0.000000	0.000000	0.000000	12.795565	-1.062509	12.751375	1.000000	2.210013	1543374674.252395	2.210013
0.124977	-0.146849	-0.299429	12.794965	-1.061657	12.750844	28.176925	0.012835	-1025001.000000	0.000000	0.000000	0.000000	12.794965	-1.061657	12.750844	1.000000	2.202188	1543374674.260395	2.202188
-0.265984	-0.082428	-0.098959	12.793642	-1.066678	12.749097	27.872718	0.012769	-1025001.000000	0.000000	0.000000	0.000000	12.793642	-1.066678	12.749097	1.000000	2.178638	1543374674.284391	2.178638
-0.354270	-0.014155	0.431067	12.794113	-1.069837	12.749305	27.776708	0.012782	-1025001.000000	0.000000	0.000000	0.000000	12.794113	-1.069837	12.749305	1.000000	2.171054	1543374674.292395	2.171054
-0.109236	-0.123708	0.050476	12.793700	-1.070914	12.748800	27.675318	0.012812	-1025001.000000	0.000000	0.000000	0.000000	12.793700	-1.070914	12.748800	1.000000	2.163199	1543374674.300393	2.163199
-0.167305	-0.101814	0.045647	12.793464	-1.072470	12.748433	27.573922	0.012852	-1025001.000000	0.000000	0.000000	0.000000	12.793464	-1.072470	12.748433	1.000000	2.155313	1543374674.308392	2.155313
-0.102648	-0.128334	-0.037695	12.793068	-1.075969	12.747740	27.371041	0.012980	-1025001.000000	0.000000	0.000000	0.000000	12.793068	-1.075969	12.747740	1.000000	2.139521	1543374674.324398	2.139521
-0.010395	-0.109318	0.293999	12.792776	-1.076307	12.747419	27.269650	0.013057	-1025001.000000	0.000000	0.000000	0.000000	12.792776	-1.076307	12.747419	1.000000	2.131644	1543374674.332398	2.131644
0.019364	-0.094525	0.090566	12.792597	-1.076389	12.747232	27.168302	0.013136	-1025001.000000	0.000000	0.000000	0.000000	12.792597	-1.076389	12.747232	1.000000	2.123752	1543374674.340395	2.123752
0.133182	-0.068738	-0.189805	12.792622	-1.075544	12.747328	27.066949	0.013212	-1025001.000000	0.000000	0.000000	0.000000	12.792622	-1.075544	12.747328	1.000000	2.115825	1543374674.348393	2.115825
0.192960	-0.087571	-0.043914	12.792312	-1.073099	12.747224	26.864163	0.013338	-1025001.000000	0.000000	0.000000	0.000000	12.792312	-1.073099	12.747224	1.000000	2.100024	1543374674.364397	2.100024
0.243918	-0.015905	-0.160129	12.792764	-1.071410	12.747819	26.762779	0.013384	-1025001.000000	0.000000	0.000000	0.000000	12.792764	-1.071410	12.747819	1.000000	2.092025	1543374674.372399	2.092025
0.199264	-0.232063	0.290912	12.791033	-1.068852	12.746297	26.549674	0.013443	-1025001.000000	0.000000	0.000000	0.000000	12.791033	-1.068852	12.746297	1.000000	2.075647	1543374674.388394	2.075647
0.148259	-0.189096	0.242687	12.789705	-1.066951	12.745123	26.347148	0.013468	-1025001.000000	0.000000	0.000000	0.000000	12.789705	-1.066951	12.745123	1.000000	2.060028	1543374674.404391	2.060028
0.003655	0.070648	-0.082615	12.790302	-1.066846	12.745732	26.144824	0.013680	-1025001.000000	0.000000	0.000000	0.000000	12.790302	-1.066846	12.745732	1.000000	2.044113	1543374674.420396	2.044113
0.158339	0.090830	-0.099598	12.791606	-1.065919	12.747117	26.043825	0.013884	-1025001.000000	0.000000	0.000000	0.000000	12.791606	-1.065919	12.747117	1.000000	2.036009	1543374674.428396	2.036009
0.124051	-0.168187	0.075486	12.790880	-1.063709	12.746574	25.841816	0.014263	-1025001.000000	0.000000	0.000000	0.000000	12.790880	-1.063709	12.746574	1.000000	2.020331	1543374674.444398	2.020331
-0.199981	-0.184437	0.453832	12.789986	-1.065523	12.745525	25.740892	0.014454	-1025001.000000	0.000000	0.000000	0.000000	12.789986	-1.065523	12.745525	1.000000	2.012582	1543374674.452394	2.012582
0.124910	-0.148379	0.200959	12.788209	-1.066143	12.743689	25.538970	0.014864	-1025001.000000	0.000000	0.000000	0.000000	12.788209	-1.066143	12.743689	1.000000	1.997072	1543374674.468395	1.997072
-0.085154	-0.039876	0.049744	12.788315	-1.068006	12.743641	25.337062	0.015287	-1025001.000000	0.000000	0.000000	0.000000	12.788315	-1.068006	12.743641	1.000000	1.981267	1543374674.484398	1.981267
0.019910	-0.150164	-0.000156	12.787861	-1.067551	12.743222	25.205758	0.015719	-1025001.000000	0.000000	0.000000	0.000000	12.787861	-1.067551	12.743222	1.000000	1.971069	1543374674.500396	1.971069
-0.000978	-0.091099	0.054516	12.794370	-1.063759	12.750072	25.104284	0.017320	-1025001.000000	0.000000	0.000000	0.000000	12.794370	-1.063759	12.750072	1.000000	1.962135	1543374674.508394	1.962135
-0.098732	-0.218062	-0.250847	12.793339	-1.065179	12.748918	24.901105	0.016569	-1025001.000000	0.000000	0.000000	0.000000	12.793339	-1.065179	12.748918	1.000000	1.946412	1543374674.524396	1.946412
-0.100584	-0.035738	-0.184812	12.793512	-1.067332	12.748912	24.697968	0.015851	-1025001.000000	0.000000	0.000000	0.000000	12.793512	-1.067332	12.748912	1.000000	1.930507	1543374674.540398	1.930507
-0.032530	-0.101910	-0.209750	12.793270	-1.067782	12.748631	24.596459	0.015502	-1025001.000000	0.000000	0.000000	0.000000	12.793270	-1.067782	12.748631	1.000000	1.922609	1543374674.548395	1.922609
-0.067912	-0.071176	0.315544	12.793580	-1.070417	12.748721	24.291888	0.014489	-1025001.000000	0.000000	0.000000	0.000000	12.793580	-1.070417	12.748721	1.000000	1.898756	1543374674.572393	1.898756
0.007437	-0.128874	-0.063681	12.793122	-1.070541	12.748251	24.190370	0.014164	-1025001.000000	0.000000	0.000000	0.000000	12.793122	-1.070541	12.748251	1.000000	1.890889	1543374674.580393	1.890889
-0.042212	-0.167817	-0.185246	12.792351	-1.071021	12.747437	23.979344	0.013841	-1025001.000000	0.000000	0.000000	0.000000	12.792351	-1.071021	12.747437	1.000000	1.874506	1543374674.588393	1.874506
-0.142623	-0.042769	-0.193425	12.793262	-1.073126	12.748174	23.674839	0.012896	-1025001.000000	0.000000	0.000000	0.000000	12.793262	-1.073126	12.748174	1.000000	1.850571	1543374674.612398	1.850571
-0.103699	-0.149756	0.118625	12.791205	-1.081609	12.745394	23.471682	0.014775	-1025001.000000	0.000000	0.000000	0.000000	12.791205	-1.081609	12.745394	1.000000	1.834986	1543374674.628395	1.834986
-0.036281	-0.126418	-0.273738	12.789992	-1.086672	12.743745	23.167469	0.014777	-1025001.000000	0.000000	0.000000	0.000000	12.789992	-1.086672	12.743745	1.000000	1.811375	1543374674.652393	1.811375
0.088595	0.036654	-0.097471	12.790862	-1.086265	12.744653	23.065990	0.014790	-1025001.000000	0.000000	0.000000	0.000000	12.790862	-1.086265	12.744653	1.000000	1.803318	1543374674.660400	1.803318
0.153585	-0.040725	-0.130809	12.791114	-1.085285	12.744990	22.964627	0.014797	-1025001.000000	0.000000	0.000000	0.000000	12.791114	-1.085285	12.744990	1.000000	1.795358	1543374674.668398	1.795358
-0.022055	-0.135416	-0.030204	12.790392	-1.086112	12.744195	22.761934	0.014811	-1025001.000000	0.000000	0.000000	0.000000	12.790392	-1.086112	12.744195	1.000000	1.779612	1543374674.684394	1.779612
0.096487	-0.058411	-0.033282	12.790502	-1.085586	12.744349	22.660578	0.014819	-1025001.000000	0.000000	0.000000	0.000000	12.790502	-1.085586	12.744349	1.000000	1.771672	1543374674.692394	1.771672
0.003570	-0.053813	-0.380198	12.790980	-1.085287	12.744855	22.457870	0.014826	-1025001.000000	0.000000	0.000000	0.000000	12.790980	-1.085287	12.744855	1.000000	1.755758	1543374674.708396	1.755758
0.200015	-0.026986	-0.072416	12.791593	-1.083416	12.745629	22.255221	0.014820	-1025001.000000	0.000000	0.000000	0.000000	12.791593	-1.083416	12.745629	1.000000	1.739832	1543374674.724396	1.739832
0.128288	-0.109677	-0.076534	12.790635	-1.081134	12.744861	21.951352	0.014758	-1025001.000000	0.000000	0.000000	0.000000	12.790635	-1.081134	12.744861	1.000000	1.716205	1543374674.748395	1.716205
0.007754	-0.002429	0.066715	12.791149	-1.081065	12.745383	21.748804	0.014696	-1025001.000000	0.000000	0.000000	0.000000	12.791149	-1.081065	12.745383	1.000000	1.700301	1543374674.764397	1.700301
0.047465	-0.100820	-0.121480	12.792002	-1.080694	12.746271	21.546343	0.014631	-1025001.000000	0.000000	0.000000	0.000000	12.792002	-1.080694	12.746271	1.000000	1.684361	1543374674.780394	1.684361
-0.126001	-0.152037	0.363669	12.791370	-1.081925	12.745532	21.524340	0.014601	-1025001.000000	0.000000	0.000000	0.000000	12.791370	-1.081925	12.745532	1.000000	1.682724	1543374674.788396	1.682724
-0.247951	-0.128727	0.103773	12.791035	-1.086424	12.744813	21.321913	0.014590	-1025001.000000	0.000000	0.000000	0.000000	12.791035	-1.086424	12.744813	1.000000	1.666942	1543374674.804393	1.666942
-0.161178	-0.201795	0.563636	12.790007	-1.087931	12.743653	21.220716	0.014609	-1025001.000000	0.000000	0.000000	0.000000	12.790007	-1.087931	12.743653	1.000000	1.659164	1543374674.812392	1.659164
-0.161024	-0.198885	0.404886	12.788998	-1.089417	12.742513	21.119525	0.014640	-1025001.000000	0.000000	0.000000	0.000000	12.788998	-1.089417	12.742513	1.000000	1.651382	1543374674.820392	1.651382
-0.118924	-0.103544	0.468654	12.788752	-1.090641	12.742161	21.018334	0.014683	-1025001.000000	0.000000	0.000000	0.000000	12.788752	-1.090641	12.742161	1.000000	1.643502	1543374674.828393	1.643502
-0.115323	-0.039657	0.135274	12.788620	-1.092525	12.741868	20.815994	0.014792	-1025001.000000	0.000000	0.000000	0.000000	12.788620	-1.092525	12.741868	1.000000	1.627697	1543374674.844395	1.627697
-0.049359	-0.072698	-0.164520	12.789133	-1.094468	12.742216	20.613703	0.014936	-1025001.000000	0.000000	0.000000	0.000000	12.789133	-1.094468	12.742216	1.000000	1.611814	1543374674.860396	1.611814
-0.078335	-0.082628	0.027178	12.789053	-1.095328	12.742061	20.512607	0.015018	-1025001.000000	0.000000	0.000000	0.000000	12.789053	-1.095328	12.742061	1.000000	1.603919	1543374674.868394	1.603919
0.329115	-0.068089	-0.018807	12.787955	-1.091845	12.741258	20.209393	0.015256	-1025001.000000	0.000000	0.000000	0.000000	12.787955	-1.091845	12.741258	1.000000	1.580346	1543374674.892390	1.580346
0.230397	-0.115869	0.057943	12.787605	-1.090225	12.741046	20.072903	0.015307	-1025001.000000	0.000000	0.000000	0.000000	12.787605	-1.090225	12.741046	1.000000	1.569716	1543374674.900395	1.569716
0.256874	-0.025276	-0.263531	12.787976	-1.088414	12.741573	19.972062	0.015517	-1025001.000000	0.000000	0.000000	0.000000	12.787976	-1.088414	12.741573	1.000000	1.561784	1543374674.908395	1.561784
0.422941	-0.132176	-0.018037	12.788297	-1.081276	12.742503	19.669607	0.016047	-1025001.000000	0.000000	0.000000	0.000000	12.788297	-1.081276	12.742503	1.000000	1.538094	1543374674.932397	1.538094
0.397385	-0.083578	0.327758	12.788210	-1.078382	12.742661	19.568872	0.016180	-1025001.000000	0.000000	0.000000	0.000000	12.788210	-1.078382	12.742661	1.000000	1.530228	1543374674.940394	1.530228
0.159578	-0.102453	0.168192	12.787966	-1.077348	12.742504	19.468144	0.016298	-1025001.000000	0.000000	0.000000	0.000000	12.787966	-1.077348	12.742504	1.000000	1.522380	1543374674.948392	1.522380
0.113700	-0.118752	0.136584	12.786642	-1.076642	12.741234	19.266687	0.016523	-1025001.000000	0.000000	0.000000	0.000000	12.786642	-1.076642	12.741234	1.000000	1.506782	1543374674.964393	1.506782
0.062830	-0.115859	0.055020	12.786291	-1.076353	12.740907	19.166005	0.016631	-1025001.000000	0.000000	0.000000	0.000000	12.786291	-1.076353	12.740907	1.000000	1.498950	1543374674.972392	1.498950
0.086175	-0.025582	0.376737	12.786667	-1.075982	12.741315	19.065291	0.016736	-1025001.000000	0.000000	0.000000	0.000000	12.786667	-1.075982	12.741315	1.000000	1.491029	1543374674.980395	1.491029
0.076607	-0.037376	0.268489	12.786943	-1.075665	12.741619	18.964643	0.016839	-1025001.000000	0.000000	0.000000	0.000000	12.786943	-1.075665	12.741619	1.000000	1.483126	1543374674.988394	1.483126
-0.187393	-0.243657	0.189272	12.784920	-1.081946	12.739057	18.662770	0.017219	-1025001.000000	0.000000	0.000000	0.000000	12.784920	-1.081946	12.739057	1.000000	1.459749	1543374675.012393	1.459749
-0.218159	-0.067004	0.204557	12.787550	-1.082458	12.741653	18.460996	0.018596	-1025001.000000	0.000000	0.000000	0.000000	12.787550	-1.082458	12.741653	1.000000	1.443670	1543374675.028391	1.443670
0.043137	-0.048060	0.273297	12.787763	-1.082544	12.741860	18.259647	0.018230	-1025001.000000	0.000000	0.000000	0.000000	12.787763	-1.082544	12.741860	1.000000	1.427900	1543374675.044394	1.427900
-0.008431	-0.051493	-0.036229	12.787675	-1.083372	12.741701	18.058425	0.017871	-1025001.000000	0.000000	0.000000	0.000000	12.787675	-1.083372	12.741701	1.000000	1.412174	1543374675.060393	1.412174
0.055544	-0.045595	-0.291666	12.787871	-1.083145	12.741916	17.957825	0.017693	-1025001.000000	0.000000	0.000000	0.000000	12.787871	-1.083145	12.741916	1.000000	1.404286	1543374675.068394	1.404286
0.268894	-0.010454	-0.095286	12.789072	-1.080093	12.743381	17.756676	0.017314	-1025001.000000	0.000000	0.000000	0.000000	12.789072	-1.080093	12.743381	1.000000	1.388426	1543374675.084396	1.388426
0.176367	-0.096615	-0.268244	12.788861	-1.078873	12.743273	17.656206	0.017105	-1025001.000000	0.000000	0.000000	0.000000	12.788861	-1.078873	12.743273	1.000000	1.380593	1543374675.092391	1.380593
0.066593	-0.053050	-0.325076	12.788996	-1.078550	12.743435	17.555699	0.016890	-1025001.000000	0.000000	0.000000	0.000000	12.788996	-1.078550	12.743435	1.000000	1.372719	1543374675.100391	1.372719
0.173651	0.046530	-0.195991	12.791122	-1.074436	12.745917	17.254243	0.016189	-1025001.000000	0.000000	0.000000	0.000000	12.791122	-1.074436	12.745917	1.000000	1.348923	1543374675.124395	1.348923
0.231986	-0.108249	-0.299914	12.774512	-1.078952	12.728865	17.055614	0.018835	-1025001.000000	0.000000	0.000000	0.000000	12.774512	-1.078952	12.728865	1.000000	1.335128	1543374675.140396	1.335128
0.169952	-0.070008	-0.212972	12.774518	-1.077806	12.728968	16.955923	0.018906	-1025001.000000	0.000000	0.000000	0.000000	12.774518	-1.077806	12.728968	1.000000	1.327324	1543374675.148392	1.327324
0.043805	0.035710	-0.903368	12.779692	-1.080814	12.733906	16.158599	0.019543	-1025001.000000	0.000000	0.000000	0.000000	12.779692	-1.080814	12.733906	1.000000	1.264397	1543374675.212398	1.264397
0.032946	-0.027757	-0.606936	12.780812	-1.081078	12.735008	15.959548	0.019720	-1025001.000000	0.000000	0.000000	0.000000	12.780812	-1.081078	12.735008	1.000000	1.248712	1543374675.228393	1.248712
0.146890	-0.066906	-0.129781	12.783433	-1.078325	12.737872	15.139025	0.020399	-1025001.000000	0.000000	0.000000	0.000000	12.783433	-1.078325	12.737872	1.000000	1.184269	1543374675.300396	1.184269
0.104782	0.007684	0.683311	12.785152	-1.074641	12.739908	14.841333	0.020540	-1025001.000000	0.000000	0.000000	0.000000	12.785152	-1.074641	12.739908	1.000000	1.160826	1543374675.324397	1.160826
0.333016	-0.170103	0.660346	12.783207	-1.072202	12.738161	14.643126	0.020599	-1025001.000000	0.000000	0.000000	0.000000	12.783207	-1.072202	12.738161	1.000000	1.145497	1543374675.340392	1.145497
0.108626	-0.040817	0.569671	12.783468	-1.071669	12.738469	14.520084	0.020612	-1025001.000000	0.000000	0.000000	0.000000	12.783468	-1.071669	12.738469	1.000000	1.135849	1543374675.348395	1.135849
0.008243	-0.032094	0.490643	12.782131	-1.075596	12.736795	14.024859	0.020766	-1025001.000000	0.000000	0.000000	0.000000	12.782131	-1.075596	12.736795	1.000000	1.097224	1543374675.388397	1.097224
-0.062938	-0.028588	0.374710	12.782498	-1.076967	12.737048	13.827039	0.020862	-1025001.000000	0.000000	0.000000	0.000000	12.782498	-1.076967	12.737048	1.000000	1.081716	1543374675.404398	1.081716
0.034758	-0.051754	0.184840	12.782667	-1.076965	12.737218	13.748879	0.020916	-1025001.000000	0.000000	0.000000	0.000000	12.782667	-1.076965	12.737218	1.000000	1.075588	1543374675.412394	1.075588
0.016046	-0.172305	0.878337	12.781874	-1.076993	12.736420	13.551702	0.021284	-1025001.000000	0.000000	0.000000	0.000000	12.781874	-1.076993	12.736420	1.000000	1.060228	1543374675.428392	1.060228
0.056652	-0.171792	0.684589	12.779234	-1.076630	12.733801	13.256299	0.021842	-1025001.000000	0.000000	0.000000	0.000000	12.779234	-1.076630	12.733801	1.000000	1.037331	1543374675.452391	1.037331
-0.055574	-0.133192	0.647708	12.778746	-1.077360	12.733250	13.157882	0.022029	-1025001.000000	0.000000	0.000000	0.000000	12.778746	-1.077360	12.733250	1.000000	1.029669	1543374675.460395	1.029669
0.000201	-0.103467	0.704575	12.778493	-1.077673	12.732969	13.059581	0.022220	-1025001.000000	0.000000	0.000000	0.000000	12.778493	-1.077673	12.732969	1.000000	1.021997	1543374675.468394	1.021997
0.215103	-0.170337	0.335821	12.777285	-1.071643	12.732266	12.666867	0.022921	-1025001.000000	0.000000	0.000000	0.000000	12.777285	-1.071643	12.732266	1.000000	0.991358	1543374675.500395	0.991358
-0.058917	-0.028251	0.207595	12.781089	-1.066913	12.736480	12.428657	0.024521	-1025001.000000	0.000000	0.000000	0.000000	12.781089	-1.066913	12.736480	1.000000	0.972426	1543374675.524394	0.972426
0.034005	-0.001618	0.192955	12.781651	-1.066951	12.737042	12.330177	0.024225	-1025001.000000	0.000000	0.000000	0.000000	12.781651	-1.066951	12.737042	1.000000	0.964678	1543374675.532394	0.964678
0.063702	-0.032730	-0.109023	12.781963	-1.066689	12.737377	12.231781	0.023927	-1025001.000000	0.000000	0.000000	0.000000	12.781963	-1.066689	12.737377	1.000000	0.956956	1543374675.540392	0.956956
0.134051	-0.084466	-0.297352	12.782330	-1.064618	12.737917	11.936882	0.023011	-1025001.000000	0.000000	0.000000	0.000000	12.782330	-1.064618	12.737917	1.000000	0.933858	1543374675.564394	0.933858
0.058768	-0.069284	-0.120601	12.782351	-1.064370	12.737959	11.838756	0.022695	-1025001.000000	0.000000	0.000000	0.000000	12.782351	-1.064370	12.737959	1.000000	0.926180	1543374675.572392	0.926180
0.065265	-0.022253	-0.386464	12.782745	-1.064064	12.738380	11.628940	0.022375	-1025001.000000	0.000000	0.000000	0.000000	12.782745	-1.064064	12.738380	1.000000	0.909737	1543374675.580396	0.909737
-0.045911	-0.005505	-0.201459	12.784205	-1.064997	12.739768	11.432981	0.021740	-1025001.000000	0.000000	0.000000	0.000000	12.784205	-1.064997	12.739768	1.000000	0.894305	1543374675.596397	0.894305
-0.071717	-0.118157	0.108729	12.783569	-1.066183	12.739030	11.237348	0.021121	-1025001.000000	0.000000	0.000000	0.000000	12.783569	-1.066183	12.739030	1.000000	0.879046	1543374675.612396	0.879046
-0.001320	-0.133857	0.190440	12.783898	-1.071673	12.738900	11.138888	0.023080	-1025001.000000	0.000000	0.000000	0.000000	12.783898	-1.071673	12.738900	1.000000	0.871322	1543374675.620395	0.871322
0.074989	-0.034213	0.049944	12.785607	-1.064195	12.741241	9.587309	0.020761	-1025001.000000	0.000000	0.000000	0.000000	12.785607	-1.064195	12.741241	1.000000	0.749852	1543374675.748400	0.749852
-0.129433	-0.107273	0.025972	12.785572	-1.065516	12.741096	9.299767	0.020232	-1025001.000000	0.000000	0.000000	0.000000	12.785572	-1.065516	12.741096	1.000000	0.727364	1543374675.772396	0.727364
-0.179491	-0.098717	0.158493	12.785361	-1.067187	12.740744	9.204184	0.020071	-1025001.000000	0.000000	0.000000	0.000000	12.785361	-1.067187	12.740744	1.000000	0.719900	1543374675.780396	0.719900
-0.034659	-0.124719	-0.101888	12.784941	-1.067653	12.740284	9.108722	0.019919	-1025001.000000	0.000000	0.000000	0.000000	12.784941	-1.067653	12.740284	1.000000	0.712457	1543374675.788398	0.712457
-0.034076	-0.092223	0.291836	12.785037	-1.068623	12.740299	8.958299	0.019626	-1025001.000000	0.000000	0.000000	0.000000	12.785037	-1.068623	12.740299	1.000000	0.700686	1543374675.804396	0.700686
0.042444	-0.126754	0.082918	12.784599	-1.068501	12.739869	8.863298	0.019483	-1025001.000000	0.000000	0.000000	0.000000	12.784599	-1.068501	12.739869	1.000000	0.693279	1543374675.812392	0.693279
0.021305	-0.133217	0.202002	12.784108	-1.068557	12.739372	8.768371	0.019341	-1025001.000000	0.000000	0.000000	0.000000	12.784108	-1.068557	12.739372	1.000000	0.685881	1543374675.820396	0.685881
0.085279	-0.204052	0.225674	12.783051	-1.068058	12.738353	8.673681	0.019197	-1025001.000000	0.000000	0.000000	0.000000	12.783051	-1.068058	12.738353	1.000000	0.678530	1543374675.828395	0.678530
0.061200	-0.102400	0.057927	12.782804	-1.067043	12.738191	8.016116	0.018107	-1025001.000000	0.000000	0.000000	0.000000	12.782804	-1.067043	12.738191	1.000000	0.627101	1543374675.884394	0.627101
0.153029	-0.174640	0.645254	12.781131	-1.064572	12.736718	7.830195	0.017779	-1025001.000000	0.000000	0.000000	0.000000	12.781131	-1.064572	12.736718	1.000000	0.612637	1543374675.900391	0.612637
0.009066	-0.144882	0.188202	12.780543	-1.064708	12.736117	7.859222	0.017730	-1025001.000000	0.000000	0.000000	0.000000	12.780543	-1.064708	12.736117	1.000000	0.614936	1543374675.908393	0.614936
-0.106234	0.090428	-0.057310	12.782703	-1.069208	12.737908	7.491441	0.017606	-1025001.000000	0.000000	0.000000	0.000000	12.782703	-1.069208	12.737908	1.000000	0.586061	1543374675.940397	0.586061
0.193062	0.012224	-0.404207	12.781291	-1.065811	12.736775	7.218564	0.017535	-1025001.000000	0.000000	0.000000	0.000000	12.781291	-1.065811	12.736775	1.000000	0.564776	1543374675.964394	0.564776
0.191700	-0.033122	-0.507278	12.781595	-1.064468	12.737193	7.128216	0.017489	-1025001.000000	0.000000	0.000000	0.000000	12.781595	-1.064468	12.737193	1.000000	0.557694	1543374675.972394	0.557694
0.165612	0.037176	-0.329122	12.783012	-1.061977	12.738823	6.957248	0.017365	-1025001.000000	0.000000	0.000000	0.000000	12.783012	-1.061977	12.738823	1.000000	0.544257	1543374675.988397	0.544257
-0.696972	-0.054074	-0.193332	12.784708	-1.071692	12.739711	6.689861	0.017224	-1025001.000000	0.000000	0.000000	0.000000	12.784708	-1.071692	12.739711	1.000000	0.523271	1543374676.012394	0.523271
-0.629232	-0.196973	-0.225414	12.784917	-1.073845	12.739739	6.600702	0.018604	-1025001.000000	0.000000	0.000000	0.000000	12.784917	-1.073845	12.739739	1.000000	0.516288	1543374676.020394	0.516288
-0.467775	-0.137577	-0.605645	12.784382	-1.077683	12.738878	6.512806	0.018396	-1025001.000000	0.000000	0.000000	0.000000	12.784382	-1.077683	12.738878	1.000000	0.509435	1543374676.028392	0.509435
0.233594	-0.085524	-0.664209	12.783966	-1.077620	12.738466	6.338216	0.018026	-1025001.000000	0.000000	0.000000	0.000000	12.783966	-1.077620	12.738466	1.000000	0.495794	1543374676.044395	0.495794
0.469213	0.084034	-0.691683	12.785208	-1.074132	12.740007	6.251572	0.017820	-1025001.000000	0.000000	0.000000	0.000000	12.785208	-1.074132	12.740007	1.000000	0.488969	1543374676.052400	0.488969
0.608036	0.246998	-0.454801	12.787759	-1.069685	12.742941	6.165503	0.017580	-1025001.000000	0.000000	0.000000	0.000000	12.787759	-1.069685	12.742941	1.000000	0.482141	1543374676.060397	0.482141
0.736239	0.011222	-0.249954	12.788430	-1.064087	12.744083	6.079903	0.017299	-1025001.000000	0.000000	0.000000	0.000000	12.788430	-1.064087	12.744083	1.000000	0.475422	1543374676.068398	0.475422
0.392917	-0.030012	0.305795	12.788544	-1.056845	12.744801	5.910378	0.016627	-1025001.000000	0.000000	0.000000	0.000000	12.788544	-1.056845	12.744801	1.000000	0.462162	1543374676.084398	0.462162
0.505157	-0.125174	0.598480	12.788134	-1.053108	12.744698	5.932063	0.016250	-1025001.000000	0.000000	0.000000	0.000000	12.788134	-1.053108	12.744698	1.000000	0.463872	1543374676.092396	0.463872
0.575609	-0.191600	0.525444	12.787188	-1.048747	12.744109	5.849340	0.015841	-1025001.000000	0.000000	0.000000	0.000000	12.787188	-1.048747	12.744109	1.000000	0.457438	1543374676.100397	0.457438
0.164284	0.009335	-0.266254	12.780444	-1.039076	12.738135	5.605212	0.016029	-1025001.000000	0.000000	0.000000	0.000000	12.780444	-1.039076	12.738135	1.000000	0.438577	1543374676.124395	0.438577
-0.083004	-0.016994	-0.457634	12.780881	-1.039947	12.738502	5.525461	0.015496	-1025001.000000	0.000000	0.000000	0.000000	12.780881	-1.039947	12.738502	1.000000	0.432322	1543374676.132398	0.432322
-0.401348	-0.217089	0.113721	12.780799	-1.053372	12.737316	5.214234	0.013583	-1025001.000000	0.000000	0.000000	0.000000	12.780799	-1.053372	12.737316	1.000000	0.407974	1543374676.164393	0.407974
-0.406673	-0.290272	1.036586	12.779057	-1.056832	12.735282	5.138487	0.013176	-1025001.000000	0.000000	0.000000	0.000000	12.779057	-1.056832	12.735282	1.000000	0.402102	1543374676.172393	0.402102
-0.293047	-0.232183	0.601431	12.777776	-1.059368	12.733786	5.063645	0.012794	-1025001.000000	0.000000	0.000000	0.000000	12.777776	-1.059368	12.733786	1.000000	0.396285	1543374676.180394	0.396285
-0.496436	-0.114912	1.011436	12.777438	-1.063664	12.733088	4.770405	0.012440	-1025001.000000	0.000000	0.000000	0.000000	12.777438	-1.063664	12.733088	1.000000	0.373346	1543374676.188392	0.373346
-0.626559	-0.271926	0.871477	12.774732	-1.074194	12.729488	4.627328	0.011853	-1025001.000000	0.000000	0.000000	0.000000	12.774732	-1.074194	12.729488	1.000000	0.362225	1543374676.204389	0.362225
-0.564181	-0.097288	0.516871	12.774531	-1.078980	12.728882	4.557476	0.011622	-1025001.000000	0.000000	0.000000	0.000000	12.774531	-1.078980	12.728882	1.000000	0.356763	1543374676.212389	0.356763
-0.166210	-0.060864	-0.232726	12.774613	-1.080516	12.728835	4.488824	0.011416	-1025001.000000	0.000000	0.000000	0.000000	12.774613	-1.080516	12.728835	1.000000	0.351386	1543374676.220390	0.351386
0.346282	0.015525	-0.721645	12.776390	-1.077441	12.730878	4.290765	0.010798	-1025001.000000	0.000000	0.000000	0.000000	12.776390	-1.077441	12.730878	1.000000	0.335835	1543374676.244398	0.335835
0.242291	0.124604	-0.214666	12.777965	-1.075850	12.732594	4.227623	0.010566	-1025001.000000	0.000000	0.000000	0.000000	12.777965	-1.075850	12.732594	1.000000	0.330853	1543374676.252400	0.330853
0.098474	-0.084284	0.744117	12.777878	-1.075399	12.732545	4.166075	0.010324	-1025001.000000	0.000000	0.000000	0.000000	12.777878	-1.075399	12.732545	1.000000	0.326038	1543374676.260395	0.326038
0.264935	-0.322165	1.530688	12.775888	-1.073573	12.730701	4.106080	0.010075	-1025001.000000	0.000000	0.000000	0.000000	12.775888	-1.073573	12.730701	1.000000	0.321393	1543374676.268399	0.321393
0.313809	-0.213742	1.033271	12.773021	-1.068203	12.728276	3.991362	0.009518	-1025001.000000	0.000000	0.000000	0.000000	12.773021	-1.068203	12.728276	1.000000	0.312484	1543374676.284395	0.312484
0.291272	-0.307747	0.356541	12.771127	-1.066020	12.726559	3.894783	0.009212	-1025001.000000	0.000000	0.000000	0.000000	12.771127	-1.066020	12.726559	1.000000	0.304968	1543374676.292395	0.304968
0.433285	0.256752	-0.784830	12.774231	-1.058456	12.730304	3.790531	0.008517	-1025001.000000	0.000000	0.000000	0.000000	12.774231	-1.058456	12.730304	1.000000	0.296733	1543374676.308397	0.296733
-0.042904	0.023911	-1.093378	12.775425	-1.058503	12.731498	3.694636	0.007760	-1025001.000000	0.000000	0.000000	0.000000	12.775425	-1.058503	12.731498	1.000000	0.289199	1543374676.324398	0.289199
0.016174	0.185392	-1.254829	12.777465	-1.058621	12.733536	3.649995	0.007383	-1025001.000000	0.000000	0.000000	0.000000	12.777465	-1.058621	12.733536	1.000000	0.285659	1543374676.332401	0.285659
-0.173545	0.115833	-0.710611	12.778956	-1.060281	12.734894	3.607712	0.007012	-1025001.000000	0.000000	0.000000	0.000000	12.778956	-1.060281	12.734894	1.000000	0.282317	1543374676.340397	0.282317
-0.364470	0.038012	-0.276148	12.779830	-1.063472	12.735505	3.567802	0.006660	-1025001.000000	0.000000	0.000000	0.000000	12.779830	-1.063472	12.735505	1.000000	0.279174	1543374676.348396	0.279174
-0.310626	-0.215226	0.745818	12.779116	-1.069691	12.734267	3.495488	0.006033	-1025001.000000	0.000000	0.000000	0.000000	12.779116	-1.069691	12.734267	1.000000	0.273531	1543374676.364390	0.273531
0.010851	-0.124390	0.607528	12.777350	-1.070490	12.732428	3.433696	0.005463	-1025001.000000	0.000000	0.000000	0.000000	12.777350	-1.070490	12.732428	1.000000	0.268733	1543374676.380392	0.268733
0.097344	-0.256283	0.056289	12.775868	-1.069831	12.730996	3.566171	0.005179	-1025001.000000	0.000000	0.000000	0.000000	12.775868	-1.069831	12.730996	1.000000	0.279133	1543374676.388394	0.279133
-0.031144	0.040472	-0.709932	12.775587	-1.068295	12.730844	3.503717	0.004285	-1025001.000000	0.000000	0.000000	0.000000	12.775587	-1.068295	12.730844	1.000000	0.274251	1543374676.412396	0.274251
-0.005855	0.138457	0.279594	12.778353	-1.069119	12.733549	3.476229	0.003897	-1025001.000000	0.000000	0.000000	0.000000	12.778353	-1.069119	12.733549	1.000000	0.272040	1543374676.428400	0.272040
0.122264	0.088253	0.003164	12.781402	-1.067949	12.736707	3.457210	0.003307	-1025001.000000	0.000000	0.000000	0.000000	12.781402	-1.067949	12.736707	1.000000	0.270488	1543374676.452397	0.270488
0.135571	-0.092345	-0.484691	12.781231	-1.067037	12.736613	3.456872	0.003100	-1025001.000000	0.000000	0.000000	0.000000	12.781231	-1.067037	12.736613	1.000000	0.270465	1543374676.460395	0.270465
-0.027736	-0.095348	-0.006478	12.781047	-1.067483	12.736391	3.459542	0.002892	-1025001.000000	0.000000	0.000000	0.000000	12.781047	-1.067483	12.736391	1.000000	0.270678	1543374676.468398	0.270678
0.089182	-0.042036	-0.039391	12.754391	-1.078607	12.708701	3.846628	0.007617	-1025001.000000	0.000000	0.000000	0.000000	12.754391	-1.078607	12.708701	1.000000	0.301592	1543374676.580399	0.301592
0.038659	-0.114192	-0.001411	12.754057	-1.078509	12.708375	3.890697	0.007998	-1025001.000000	0.000000	0.000000	0.000000	12.754057	-1.078509	12.708375	1.000000	0.305056	1543374676.588399	0.305056
-0.147558	0.001474	-0.141801	12.754317	-1.080480	12.708469	3.985055	0.008771	-1025001.000000	0.000000	0.000000	0.000000	12.754317	-1.080480	12.708469	1.000000	0.312447	1543374676.604399	0.312447
-0.066343	-0.179435	0.208716	12.753464	-1.081199	12.707551	4.035192	0.009170	-1025001.000000	0.000000	0.000000	0.000000	12.753464	-1.081199	12.707551	1.000000	0.316400	1543374676.612399	0.316400
0.015625	-0.059567	0.197854	12.758716	-1.090659	12.712014	4.903379	0.020205	-1025001.000000	0.000000	0.000000	0.000000	12.758716	-1.090659	12.712014	1.000000	0.384316	1543374676.724401	0.384316
-0.031659	0.038666	0.292087	12.759603	-1.091258	12.712853	4.975148	0.020849	-1025001.000000	0.000000	0.000000	0.000000	12.759603	-1.091258	12.712853	1.000000	0.389914	1543374676.732399	0.389914
0.184126	-0.119182	-0.051633	12.759227	-1.089991	12.712584	4.955823	0.021491	-1025001.000000	0.000000	0.000000	0.000000	12.759227	-1.089991	12.712584	1.000000	0.388411	1543374676.740397	0.388411
-0.049619	-0.090831	0.058444	12.759054	-1.089736	12.712433	5.181991	0.023384	-1025001.000000	0.000000	0.000000	0.000000	12.759054	-1.089736	12.712433	1.000000	0.406142	1543374676.764394	0.406142
-0.027620	0.041314	0.273752	12.759959	-1.090300	12.713293	5.259167	0.024021	-1025001.000000	0.000000	0.000000	0.000000	12.759959	-1.090300	12.713293	1.000000	0.412162	1543374676.772398	0.412162
0.162999	-0.149850	-0.313451	12.760624	-1.092100	12.713806	5.599323	0.026627	-1025001.000000	0.000000	0.000000	0.000000	12.760624	-1.092100	12.713806	1.000000	0.438797	1543374676.804394	0.438797
0.053920	-0.097963	0.242692	12.760419	-1.091915	12.713615	5.680316	0.027279	-1025001.000000	0.000000	0.000000	0.000000	12.760419	-1.091915	12.713615	1.000000	0.445151	1543374676.812394	0.445151
-0.159079	-0.197290	0.002383	12.759415	-1.093331	12.712486	5.761914	0.027936	-1025001.000000	0.000000	0.000000	0.000000	12.759415	-1.093331	12.712486	1.000000	0.451581	1543374676.820391	0.451581
-0.206347	-0.058155	-0.060672	12.759526	-1.095211	12.712435	5.844180	0.028607	-1025001.000000	0.000000	0.000000	0.000000	12.759526	-1.095211	12.712435	1.000000	0.458025	1543374676.828394	0.458025
-0.204672	-0.118477	0.200138	12.760065	-1.098748	12.712671	6.010380	0.029990	-1025001.000000	0.000000	0.000000	0.000000	12.760065	-1.098748	12.712671	1.000000	0.471031	1543374676.844394	0.471031
-0.230918	-0.085195	0.543407	12.759352	-1.102102	12.711666	6.178683	0.031426	-1025001.000000	0.000000	0.000000	0.000000	12.759352	-1.102102	12.711666	1.000000	0.484247	1543374676.860391	0.484247
-0.324319	-0.024388	0.565515	12.759741	-1.105016	12.711803	6.263618	0.032171	-1025001.000000	0.000000	0.000000	0.000000	12.759741	-1.105016	12.711803	1.000000	0.490889	1543374676.868393	0.490889
0.076757	-0.080779	-0.148849	12.759983	-1.104219	12.712115	6.434875	0.033678	-1025001.000000	0.000000	0.000000	0.000000	12.759983	-1.104219	12.712115	1.000000	0.504301	1543374676.884394	0.504301
-0.044497	0.018236	-0.555135	12.761733	-1.106233	12.713696	6.606421	0.035197	-1025001.000000	0.000000	0.000000	0.000000	12.761733	-1.106233	12.713696	1.000000	0.517674	1543374676.900394	0.517674
-0.018136	-0.136989	-0.281693	12.761524	-1.106897	12.713428	6.871604	0.036170	-1025001.000000	0.000000	0.000000	0.000000	12.761524	-1.106897	12.713428	1.000000	0.538463	1543374676.924392	0.538463
0.008820	-0.107636	0.236325	12.761241	-1.107066	12.713130	6.960748	0.036499	-1025001.000000	0.000000	0.000000	0.000000	12.761241	-1.107066	12.713130	1.000000	0.545460	1543374676.932391	0.545460
0.125812	-0.062475	-0.334293	12.761308	-1.106266	12.713267	7.050272	0.036825	-1025001.000000	0.000000	0.000000	0.000000	12.761308	-1.106266	12.713267	1.000000	0.552473	1543374676.940392	0.552473
0.037037	-0.056232	-0.386873	12.761430	-1.106170	12.713398	7.140127	0.037148	-1025001.000000	0.000000	0.000000	0.000000	12.761430	-1.106170	12.713398	1.000000	0.559508	1543374676.948392	0.559508
0.150461	0.001934	-0.488458	12.763012	-1.105260	12.715065	7.320857	0.037788	-1025001.000000	0.000000	0.000000	0.000000	12.763012	-1.105260	12.715065	1.000000	0.573599	1543374676.964394	0.573599
0.045396	0.036591	-0.162151	12.763880	-1.105189	12.715942	7.411683	0.038101	-1025001.000000	0.000000	0.000000	0.000000	12.763880	-1.105189	12.715942	1.000000	0.580676	1543374676.972394	0.580676
0.058939	0.032572	-0.068784	12.764715	-1.105018	12.716796	7.642862	0.038413	-1025001.000000	0.000000	0.000000	0.000000	12.764715	-1.105018	12.716796	1.000000	0.598749	1543374676.980394	0.598749
0.202705	-0.026533	-0.327156	12.766860	-1.101693	12.719237	8.011863	0.039610	-1025001.000000	0.000000	0.000000	0.000000	12.766860	-1.101693	12.719237	1.000000	0.627552	1543374677.012396	0.627552
0.298131	-0.178767	-0.175313	12.753550	-1.103575	12.705713	8.102833	0.041769	-1025001.000000	0.000000	0.000000	0.000000	12.753550	-1.103575	12.705713	1.000000	0.635339	1543374677.020393	0.635339
0.233490	-0.112842	-0.025585	12.753223	-1.101916	12.705529	8.195311	0.042013	-1025001.000000	0.000000	0.000000	0.000000	12.753223	-1.101916	12.705529	1.000000	0.642607	1543374677.028394	0.642607
0.286610	-0.259047	0.421726	12.752327	-1.098884	12.704892	8.380865	0.042469	-1025001.000000	0.000000	0.000000	0.000000	12.752327	-1.098884	12.704892	1.000000	0.657203	1543374677.044392	0.657203
0.091005	-0.141452	0.305478	12.751773	-1.098381	12.704380	8.473964	0.042681	-1025001.000000	0.000000	0.000000	0.000000	12.751773	-1.098381	12.704380	1.000000	0.664532	1543374677.052393	0.664532
-0.253209	0.000343	0.104928	12.752356	-1.100692	12.704766	8.567255	0.042900	-1025001.000000	0.000000	0.000000	0.000000	12.752356	-1.100692	12.704766	1.000000	0.671817	1543374677.060394	0.671817
-0.177885	-0.059091	0.057860	12.752464	-1.102359	12.704729	8.660656	0.043135	-1025001.000000	0.000000	0.000000	0.000000	12.752464	-1.102359	12.704729	1.000000	0.679136	1543374677.068389	0.679136
-0.013815	0.030858	-0.152079	12.753844	-1.103610	12.706006	8.848225	0.043629	-1025001.000000	0.000000	0.000000	0.000000	12.753844	-1.103610	12.706006	1.000000	0.693769	1543374677.084398	0.693769
0.119476	0.016634	0.086522	12.754555	-1.102963	12.706775	8.823426	0.043877	-1025001.000000	0.000000	0.000000	0.000000	12.754555	-1.102963	12.706775	1.000000	0.691786	1543374677.092395	0.691786
0.158011	-0.143767	-0.142823	12.753980	-1.101870	12.706293	8.917297	0.044118	-1025001.000000	0.000000	0.000000	0.000000	12.753980	-1.101870	12.706293	1.000000	0.699178	1543374677.100393	0.699178
-0.244895	0.004885	-0.307934	12.754521	-1.104949	12.706569	9.199918	0.044844	-1025001.000000	0.000000	0.000000	0.000000	12.754521	-1.104949	12.706569	1.000000	0.721306	1543374677.124390	0.721306
-0.202646	0.020248	-0.180485	12.760954	-1.100083	12.713448	9.294608	0.045882	-1025001.000000	0.000000	0.000000	0.000000	12.760954	-1.100083	12.713448	1.000000	0.728363	1543374677.132392	0.728363
0.185781	-0.028357	0.072930	12.761097	-1.099145	12.713673	9.484916	0.045672	-1025001.000000	0.000000	0.000000	0.000000	12.761097	-1.099145	12.713673	1.000000	0.743268	1543374677.148398	0.743268
0.292993	-0.163259	0.181813	12.760477	-1.095197	12.713391	9.675658	0.045418	-1025001.000000	0.000000	0.000000	0.000000	12.760477	-1.095197	12.713391	1.000000	0.758252	1543374677.164393	0.758252
0.241810	-0.003544	0.160094	12.761024	-1.093572	12.714081	9.771237	0.045268	-1025001.000000	0.000000	0.000000	0.000000	12.761024	-1.093572	12.714081	1.000000	0.765709	1543374677.172391	0.765709
0.067022	-0.013097	-0.109714	12.761497	-1.093299	12.714578	9.856118	0.045110	-1025001.000000	0.000000	0.000000	0.000000	12.761497	-1.093299	12.714578	1.000000	0.772332	1543374677.180394	0.772332
0.037977	-0.009797	0.201680	12.762001	-1.093300	12.715084	9.952017	0.044951	-1025001.000000	0.000000	0.000000	0.000000	12.762001	-1.093300	12.715084	1.000000	0.779816	1543374677.188397	0.779816
0.307756	-0.094300	-0.297082	12.762918	-1.090009	12.716287	10.144083	0.044609	-1025001.000000	0.000000	0.000000	0.000000	12.762918	-1.090009	12.716287	1.000000	0.794809	1543374677.204394	0.794809
0.225940	-0.063007	0.022274	12.762990	-1.088451	12.716493	10.240298	0.044417	-1025001.000000	0.000000	0.000000	0.000000	12.762990	-1.088451	12.716493	1.000000	0.802343	1543374677.212393	0.802343
0.071752	-0.063826	0.058685	12.763058	-1.088125	12.716589	10.336635	0.044216	-1025001.000000	0.000000	0.000000	0.000000	12.763058	-1.088125	12.716589	1.000000	0.809887	1543374677.220393	0.809887
-0.097497	-0.077835	0.116695	12.763251	-1.090084	12.716615	10.626269	0.043627	-1025001.000000	0.000000	0.000000	0.000000	12.763251	-1.090084	12.716615	1.000000	0.832568	1543374677.244393	0.832568
0.040497	-0.089744	-0.148220	12.763107	-1.089960	12.716481	10.722995	0.043440	-1025001.000000	0.000000	0.000000	0.000000	12.763107	-1.089960	12.716481	1.000000	0.840156	1543374677.252392	0.840156
-0.073020	0.048147	-0.801869	12.764064	-1.090744	12.717374	10.819867	0.043256	-1025001.000000	0.000000	0.000000	0.000000	12.764064	-1.090744	12.717374	1.000000	0.847682	1543374677.260395	0.847682
-0.507452	-0.039293	-0.587647	12.764337	-1.094967	12.717286	10.916780	0.043092	-1025001.000000	0.000000	0.000000	0.000000	12.764337	-1.094967	12.717286	1.000000	0.855256	1543374677.268394	0.855256
-0.002865	-0.085798	1.091922	12.763704	-1.093380	12.716786	11.208057	0.042635	-1025001.000000	0.000000	0.000000	0.000000	12.763704	-1.093380	12.716786	1.000000	0.878119	1543374677.292393	0.878119
0.098029	0.007234	0.929199	12.764339	-1.093004	12.717456	11.312410	0.042473	-1025001.000000	0.000000	0.000000	0.000000	12.764339	-1.093004	12.717456	1.000000	0.886251	1543374677.300394	0.886251
0.411744	-0.224244	-0.050814	12.763116	-1.089843	12.716500	11.409745	0.042298	-1025001.000000	0.000000	0.000000	0.000000	12.763116	-1.089843	12.716500	1.000000	0.893962	1543374677.308393	0.893962
-0.067177	-0.047304	-0.141991	12.763223	-1.091958	12.716426	11.604714	0.041941	-1025001.000000	0.000000	0.000000	0.000000	12.763223	-1.091958	12.716426	1.000000	0.909231	1543374677.324397	0.909231
0.158194	-0.052749	-0.147742	12.763381	-1.090931	12.716673	11.702298	0.041766	-1025001.000000	0.000000	0.000000	0.000000	12.763381	-1.090931	12.716673	1.000000	0.916865	1543374677.332398	0.916865
0.412140	-0.163559	-0.205270	12.763330	-1.087535	12.716913	11.897614	0.041391	-1025001.000000	0.000000	0.000000	0.000000	12.763330	-1.087535	12.716913	1.000000	0.932172	1543374677.348393	0.932172
0.080128	-0.090078	-0.077081	12.763502	-1.084629	12.717333	12.093246	0.040946	-1025001.000000	0.000000	0.000000	0.000000	12.763502	-1.084629	12.717333	1.000000	0.947487	1543374677.364390	0.947487
0.019661	-0.045003	-0.102823	12.763725	-1.084703	12.717551	12.191269	0.040716	-1025001.000000	0.000000	0.000000	0.000000	12.763725	-1.084703	12.717551	1.000000	0.955150	1543374677.372397	0.955150
0.174133	-0.141888	-0.416624	12.765482	-1.082851	12.719471	12.681899	0.039544	-1025001.000000	0.000000	0.000000	0.000000	12.765482	-1.082851	12.719471	1.000000	0.993452	1543374677.412393	0.993452
0.018323	0.042484	0.141759	12.766405	-1.083031	12.720382	12.798442	0.039188	-1025001.000000	0.000000	0.000000	0.000000	12.766405	-1.083031	12.720382	1.000000	1.002510	1543374677.420395	1.002510
0.052434	-0.118171	-0.096272	12.764819	-1.075267	12.719450	13.788992	0.035452	-1025001.000000	0.000000	0.000000	0.000000	12.764819	-1.075267	12.719450	1.000000	1.080234	1543374677.500394	1.080234
0.475577	-0.086538	0.433046	12.759848	-1.065816	12.715257	14.283530	0.036172	-1025001.000000	0.000000	0.000000	0.000000	12.759848	-1.065816	12.715257	1.000000	1.119412	1543374677.540393	1.119412
0.397677	-0.121671	0.391292	12.759440	-1.062905	12.715091	14.428066	0.036083	-1025001.000000	0.000000	0.000000	0.000000	12.759440	-1.062905	12.715091	1.000000	1.130776	1543374677.548392	1.130776
0.053496	-0.123168	0.288328	12.757908	-1.061143	12.713701	15.221038	0.035099	-1025001.000000	0.000000	0.000000	0.000000	12.757908	-1.061143	12.713701	1.000000	1.193067	1543374677.612394	1.193067
0.276163	-0.031642	0.278536	12.762135	-1.061784	12.717889	15.419419	0.037036	-1025001.000000	0.000000	0.000000	0.000000	12.762135	-1.061784	12.717889	1.000000	1.208216	1543374677.628395	1.208216
0.126292	-0.021896	0.171138	12.762518	-1.059161	12.718492	15.618539	0.036977	-1025001.000000	0.000000	0.000000	0.000000	12.762518	-1.059161	12.718492	1.000000	1.223782	1543374677.644397	1.223782
-0.037997	-0.020282	-0.211495	12.762932	-1.059699	12.718863	15.718165	0.036940	-1025001.000000	0.000000	0.000000	0.000000	12.762932	-1.059699	12.718863	1.000000	1.231548	1543374677.652399	1.231548
-0.023377	-0.111680	-0.218578	12.762618	-1.060060	12.718518	15.817772	0.036908	-1025001.000000	0.000000	0.000000	0.000000	12.762618	-1.060060	12.718518	1.000000	1.239383	1543374677.660397	1.239383
0.109548	-0.079343	-0.307172	12.764380	-1.055214	12.720689	16.787522	0.036408	-1025001.000000	0.000000	0.000000	0.000000	12.764380	-1.055214	12.720689	1.000000	1.315185	1543374677.740397	1.315185
0.041212	-0.102981	0.160790	12.764132	-1.055128	12.720446	16.887512	0.036337	-1025001.000000	0.000000	0.000000	0.000000	12.764132	-1.055128	12.720446	1.000000	1.323044	1543374677.748396	1.323044
-0.042361	-0.039344	-0.384563	12.764468	-1.056537	12.720667	17.105177	0.036206	-1025001.000000	0.000000	0.000000	0.000000	12.764468	-1.056537	12.720667	1.000000	1.340062	1543374677.764398	1.340062
0.068522	0.009081	-0.074274	12.765113	-1.056270	12.721336	17.205207	0.036144	-1025001.000000	0.000000	0.000000	0.000000	12.765113	-1.056270	12.721336	1.000000	1.347830	1543374677.772397	1.347830
0.036431	0.040550	-0.573204	12.766011	-1.056196	12.722243	17.305319	0.036081	-1025001.000000	0.000000	0.000000	0.000000	12.766011	-1.056196	12.722243	1.000000	1.355578	1543374677.780400	1.355578
-0.134260	-0.172240	-0.107155	12.768352	-1.065457	12.723821	17.962115	0.035833	-1025001.000000	0.000000	0.000000	0.000000	12.768352	-1.065457	12.723821	1.000000	1.406768	1543374677.836397	1.406768
0.040393	0.016827	-0.210567	12.769249	-1.065830	12.724689	18.162703	0.035855	-1025001.000000	0.000000	0.000000	0.000000	12.769249	-1.065830	12.724689	1.000000	1.422378	1543374677.852398	1.422378
0.133328	-0.055101	-0.233559	12.769383	-1.064982	12.724895	18.263041	0.035862	-1025001.000000	0.000000	0.000000	0.000000	12.769383	-1.064982	12.724895	1.000000	1.430221	1543374677.860399	1.430221
0.195261	0.035195	-0.219729	12.770239	-1.063701	12.725861	18.363389	0.035861	-1025001.000000	0.000000	0.000000	0.000000	12.770239	-1.063701	12.725861	1.000000	1.437983	1543374677.868399	1.437983
0.080175	-0.071032	-0.014204	12.771676	-1.063223	12.727343	18.564160	0.035843	-1025001.000000	0.000000	0.000000	0.000000	12.771676	-1.063223	12.727343	1.000000	1.453541	1543374677.884398	1.453541
0.184550	-0.178581	0.094282	12.770823	-1.061934	12.726595	18.681444	0.035826	-1025001.000000	0.000000	0.000000	0.000000	12.770823	-1.061934	12.726595	1.000000	1.462822	1543374677.892399	1.462822
-0.092188	-0.064165	0.243388	12.770704	-1.063102	12.726378	18.882447	0.035699	-1025001.000000	0.000000	0.000000	0.000000	12.770704	-1.063102	12.726378	1.000000	1.478575	1543374677.908394	1.478575
-0.059928	0.055277	-0.057496	12.771988	-1.064336	12.727564	19.083830	0.035501	-1025001.000000	0.000000	0.000000	0.000000	12.771988	-1.064336	12.727564	1.000000	1.494194	1543374677.924398	1.494194
-0.119741	0.084981	-0.099792	12.773249	-1.065620	12.728721	19.184583	0.035413	-1025001.000000	0.000000	0.000000	0.000000	12.773249	-1.065620	12.728721	1.000000	1.501934	1543374677.932402	1.501934
-0.020575	0.023022	0.093797	12.774013	-1.066099	12.729448	19.285284	0.035330	-1025001.000000	0.000000	0.000000	0.000000	12.774013	-1.066099	12.729448	1.000000	1.509728	1543374677.940400	1.509728
-0.055894	-0.137754	0.013764	12.773708	-1.066613	12.729099	19.486759	0.035169	-1025001.000000	0.000000	0.000000	0.000000	12.773708	-1.066613	12.729099	1.000000	1.525537	1543374677.956397	1.525537
-0.078770	-0.105207	0.160429	12.773445	-1.067482	12.728762	19.587520	0.035097	-1025001.000000	0.000000	0.000000	0.000000	12.773445	-1.067482	12.728762	1.000000	1.533456	1543374677.964396	1.533456
0.050149	-0.053861	0.003487	12.776802	-1.069483	12.731963	20.192629	0.034745	-1025001.000000	0.000000	0.000000	0.000000	12.776802	-1.069483	12.731963	1.000000	1.580413	1543374678.012402	1.580413
0.040946	-0.152950	0.226151	12.772651	-1.069025	12.727836	20.304610	0.036436	-1025001.000000	0.000000	0.000000	0.000000	12.772651	-1.069025	12.727836	1.000000	1.589694	1543374678.020399	1.589694
-0.045357	-0.053342	0.190992	12.772801	-1.069665	12.727932	20.405259	0.036246	-1025001.000000	0.000000	0.000000	0.000000	12.772801	-1.069665	12.727932	1.000000	1.597556	1543374678.028397	1.597556
0.036424	0.013968	-0.172491	12.773946	-1.070807	12.728986	20.606678	0.035883	-1025001.000000	0.000000	0.000000	0.000000	12.773946	-1.070807	12.728986	1.000000	1.613180	1543374678.044399	1.613180
0.132122	0.005021	-0.140310	12.774562	-1.070024	12.729669	20.707390	0.035700	-1025001.000000	0.000000	0.000000	0.000000	12.774562	-1.070024	12.729669	1.000000	1.620986	1543374678.052398	1.620986
0.081539	0.014497	0.209444	12.775258	-1.069702	12.730395	20.808172	0.035512	-1025001.000000	0.000000	0.000000	0.000000	12.775258	-1.069702	12.730395	1.000000	1.628787	1543374678.060401	1.628787
-0.023130	-0.004118	0.360357	12.775751	-1.070415	12.730830	21.110447	0.034946	-1025001.000000	0.000000	0.000000	0.000000	12.775751	-1.070415	12.730830	1.000000	1.652384	1543374678.084397	1.652384
0.114373	-0.051362	0.031281	12.775912	-1.069765	12.731046	21.298133	0.034759	-1025001.000000	0.000000	0.000000	0.000000	12.775912	-1.069765	12.731046	1.000000	1.667054	1543374678.092399	1.667054
0.123769	-0.055657	0.127867	12.775730	-1.068163	12.730997	21.499658	0.034368	-1025001.000000	0.000000	0.000000	0.000000	12.775730	-1.068163	12.730997	1.000000	1.682852	1543374678.108396	1.682852
0.125342	-0.003550	0.316933	12.789570	-1.071855	12.744576	21.702866	0.036314	-1025001.000000	0.000000	0.000000	0.000000	12.789570	-1.071855	12.744576	1.000000	1.696919	1543374678.124396	1.696919
0.092501	0.029200	0.218048	12.790379	-1.071454	12.745422	21.804353	0.036237	-1025001.000000	0.000000	0.000000	0.000000	12.790379	-1.071454	12.745422	1.000000	1.704746	1543374678.132399	1.704746
-0.145521	0.040564	-0.317713	12.792972	-1.074705	12.747751	22.210308	0.035948	-1025001.000000	0.000000	0.000000	0.000000	12.792972	-1.074705	12.747751	1.000000	1.736134	1543374678.164399	1.736134
-0.160824	0.027279	-0.130391	12.793768	-1.076274	12.748417	22.311840	0.035899	-1025001.000000	0.000000	0.000000	0.000000	12.793768	-1.076274	12.748417	1.000000	1.743962	1543374678.172399	1.743962
-0.139512	-0.002154	-0.334886	12.794325	-1.077624	12.748861	22.413384	0.035862	-1025001.000000	0.000000	0.000000	0.000000	12.794325	-1.077624	12.748861	1.000000	1.751822	1543374678.180399	1.751822
-0.081795	0.006621	-0.356770	12.794953	-1.078518	12.749416	22.514957	0.035833	-1025001.000000	0.000000	0.000000	0.000000	12.794953	-1.078518	12.749416	1.000000	1.759675	1543374678.188400	1.759675
-0.063565	-0.004700	-0.418538	12.796488	-1.079894	12.750840	22.584258	0.035792	-1025001.000000	0.000000	0.000000	0.000000	12.796488	-1.079894	12.750840	1.000000	1.764879	1543374678.204399	1.764879
-0.047667	0.067396	0.009239	12.797608	-1.080606	12.751904	22.685946	0.035780	-1025001.000000	0.000000	0.000000	0.000000	12.797608	-1.080606	12.751904	1.000000	1.772671	1543374678.212402	1.772671
0.053987	-0.005266	-0.328540	12.798139	-1.080412	12.752454	22.787571	0.035768	-1025001.000000	0.000000	0.000000	0.000000	12.798139	-1.080412	12.752454	1.000000	1.780538	1543374678.220399	1.780538
0.040695	-0.138116	-0.117730	12.797612	-1.080266	12.751937	22.889186	0.035756	-1025001.000000	0.000000	0.000000	0.000000	12.797612	-1.080266	12.751937	1.000000	1.788551	1543374678.228394	1.788551
-0.036938	0.046042	0.031498	12.799012	-1.084948	12.752944	23.296077	0.035776	-1025001.000000	0.000000	0.000000	0.000000	12.799012	-1.084948	12.752944	1.000000	1.820147	1543374678.260402	1.820147
0.044766	0.021644	0.300898	12.799766	-1.084929	12.753703	23.397796	0.035800	-1025001.000000	0.000000	0.000000	0.000000	12.799766	-1.084929	12.753703	1.000000	1.827986	1543374678.268401	1.827986
0.001820	-0.042086	0.010446	12.800370	-1.085314	12.754276	23.601287	0.035848	-1025001.000000	0.000000	0.000000	0.000000	12.800370	-1.085314	12.754276	1.000000	1.843797	1543374678.284400	1.843797
0.014676	-0.066290	-0.007101	12.800417	-1.085439	12.754313	23.734010	0.035874	-1025001.000000	0.000000	0.000000	0.000000	12.800417	-1.085439	12.754313	1.000000	1.854159	1543374678.292397	1.854159
-0.117283	-0.060588	-0.085138	12.800510	-1.086610	12.754307	23.835735	0.035905	-1025001.000000	0.000000	0.000000	0.000000	12.800510	-1.086610	12.754307	1.000000	1.862093	1543374678.300396	1.862093
-0.092100	-0.039598	-0.100364	12.800771	-1.087591	12.754485	23.937533	0.035945	-1025001.000000	0.000000	0.000000	0.000000	12.800771	-1.087591	12.754485	1.000000	1.870007	1543374678.308400	1.870007
0.064920	0.007966	-0.017399	12.801964	-1.086619	12.755765	24.141080	0.036021	-1025001.000000	0.000000	0.000000	0.000000	12.801964	-1.086619	12.755765	1.000000	1.885733	1543374678.324401	1.885733
0.062742	-0.038250	-0.071251	12.802233	-1.086370	12.756057	24.242830	0.036055	-1025001.000000	0.000000	0.000000	0.000000	12.802233	-1.086370	12.756057	1.000000	1.893641	1543374678.332398	1.893641
0.110104	-0.003879	0.000040	12.802780	-1.085774	12.756656	24.344632	0.036085	-1025001.000000	0.000000	0.000000	0.000000	12.802780	-1.085774	12.756656	1.000000	1.901511	1543374678.340398	1.901511
-0.007852	-0.106897	0.262496	12.802849	-1.086936	12.756626	24.650070	0.036184	-1025001.000000	0.000000	0.000000	0.000000	12.802849	-1.086936	12.756626	1.000000	1.925358	1543374678.364396	1.925358
-0.041087	0.004668	-0.093643	12.803259	-1.088279	12.756924	24.853774	0.036269	-1025001.000000	0.000000	0.000000	0.000000	12.803259	-1.088279	12.756924	1.000000	1.941207	1543374678.380398	1.941207
-0.039893	0.087829	0.237200	12.804544	-1.088972	12.758154	24.895736	0.036319	-1025001.000000	0.000000	0.000000	0.000000	12.804544	-1.088972	12.758154	1.000000	1.944289	1543374678.388400	1.944289
-0.108757	-0.011533	0.268174	12.805458	-1.091990	12.758813	25.201392	0.036506	-1025001.000000	0.000000	0.000000	0.000000	12.805458	-1.091990	12.758813	1.000000	1.968020	1543374678.412399	1.968020
-0.060731	-0.100199	-0.029812	12.805235	-1.092689	12.758529	25.303343	0.036626	-1025001.000000	0.000000	0.000000	0.000000	12.805235	-1.092689	12.758529	1.000000	1.976016	1543374678.420397	1.976016
-0.027809	-0.111866	0.097079	12.804920	-1.093134	12.758175	25.405362	0.036752	-1025001.000000	0.000000	0.000000	0.000000	12.804920	-1.093134	12.758175	1.000000	1.984031	1543374678.428400	1.984031
0.066875	-0.023467	-0.086127	12.805685	-1.093708	12.758894	25.711378	0.037145	-1025001.000000	0.000000	0.000000	0.000000	12.805685	-1.093708	12.758894	1.000000	2.007810	1543374678.452402	2.007810
0.024467	-0.017596	-0.260970	12.806122	-1.093752	12.759328	25.813394	0.037276	-1025001.000000	0.000000	0.000000	0.000000	12.806122	-1.093752	12.759328	1.000000	2.015707	1543374678.460402	2.015707
0.044956	-0.075645	-0.067950	12.807628	-1.095018	12.760732	26.119451	0.037692	-1025001.000000	0.000000	0.000000	0.000000	12.807628	-1.095018	12.760732	1.000000	2.039367	1543374678.484397	2.039367
-0.009746	0.008753	-0.333602	12.808550	-1.095466	12.761618	26.323608	0.037975	-1025001.000000	0.000000	0.000000	0.000000	12.808550	-1.095466	12.761618	1.000000	2.055159	1543374678.500399	2.055159
-0.036015	-0.023875	-0.192222	12.806755	-1.092462	12.760075	26.425220	0.039752	-1025001.000000	0.000000	0.000000	0.000000	12.806755	-1.092462	12.760075	1.000000	2.063381	1543374678.508399	2.063381
-0.000924	-0.111865	0.387293	12.806197	-1.093240	12.759447	26.729714	0.039423	-1025001.000000	0.000000	0.000000	0.000000	12.806197	-1.093240	12.759447	1.000000	2.087248	1543374678.532395	2.087248
-0.005247	-0.144571	0.307064	12.805620	-1.093510	12.758846	26.831214	0.039318	-1025001.000000	0.000000	0.000000	0.000000	12.805620	-1.093510	12.758846	1.000000	2.095269	1543374678.540393	2.095269
0.061085	-0.087380	0.143923	12.805764	-1.094179	12.758933	27.135836	0.039022	-1025001.000000	0.000000	0.000000	0.000000	12.805764	-1.094179	12.758933	1.000000	2.119033	1543374678.564395	2.119033
0.162022	-0.075062	0.069679	12.805738	-1.092335	12.759064	27.338947	0.038812	-1025001.000000	0.000000	0.000000	0.000000	12.805738	-1.092335	12.759064	1.000000	2.134898	1543374678.580396	2.134898
0.092217	-0.103200	0.125792	12.805489	-1.091834	12.758857	27.493300	0.038697	-1025001.000000	0.000000	0.000000	0.000000	12.805489	-1.091834	12.758857	1.000000	2.146993	1543374678.588400	2.146993
-0.046526	-0.097376	-0.064890	12.805560	-1.083629	12.759628	28.407854	0.038397	-1025001.000000	0.000000	0.000000	0.000000	12.805560	-1.083629	12.759628	1.000000	2.218400	1543374678.660395	2.218400
0.023263	0.023823	0.332685	12.806429	-1.087236	12.760194	28.814763	0.037351	-1025001.000000	0.000000	0.000000	0.000000	12.806429	-1.087236	12.760194	1.000000	2.250023	1543374678.692400	2.250023
0.080116	-0.080858	-0.075319	12.806356	-1.086816	12.760156	28.888207	0.037095	-1025001.000000	0.000000	0.000000	0.000000	12.806356	-1.086816	12.760156	1.000000	2.255771	1543374678.700394	2.255771
0.196112	-0.155520	-0.148713	12.805687	-1.085410	12.759604	28.989962	0.036833	-1025001.000000	0.000000	0.000000	0.000000	12.805687	-1.085410	12.759604	1.000000	2.263835	1543374678.708395	2.263835
-0.026854	-0.013091	0.052949	12.804700	-1.088258	12.758371	29.295245	0.036065	-1025001.000000	0.000000	0.000000	0.000000	12.804700	-1.088258	12.758371	1.000000	2.287851	1543374678.732400	2.287851
0.023738	-0.081000	0.133852	12.804630	-1.088324	12.758295	29.396954	0.035821	-1025001.000000	0.000000	0.000000	0.000000	12.804630	-1.088324	12.758295	1.000000	2.295807	1543374678.740397	2.295807
0.279699	-0.128031	-0.050461	12.803212	-1.084018	12.757239	29.702207	0.035053	-1025001.000000	0.000000	0.000000	0.000000	12.803212	-1.084018	12.757239	1.000000	2.319903	1543374678.764397	2.319903
0.041641	-0.076190	-0.046665	12.802262	-1.082632	12.756403	29.905730	0.034484	-1025001.000000	0.000000	0.000000	0.000000	12.802262	-1.082632	12.756403	1.000000	2.335972	1543374678.780398	2.335972
-0.001932	-0.038208	0.172360	12.785060	-1.082272	12.739169	32.900219	0.027982	-1025001.000000	0.000000	0.000000	0.000000	12.785060	-1.082272	12.739169	1.000000	2.573333	1543374679.012398	2.573333
0.096500	-0.236318	-0.246587	12.784510	-1.077281	12.739041	33.001657	0.029444	-1025001.000000	0.000000	0.000000	0.000000	12.784510	-1.077281	12.739041	1.000000	2.581378	1543374679.020395	2.581378
-0.077521	-0.405561	0.208974	12.781843	-1.077945	12.736308	33.103439	0.029226	-1025001.000000	0.000000	0.000000	0.000000	12.781843	-1.077945	12.736308	1.000000	2.589880	1543374679.028397	2.589880
0.111156	-0.194253	-0.246173	12.779250	-1.078669	12.733644	33.306916	0.028814	-1025001.000000	0.000000	0.000000	0.000000	12.779250	-1.078669	12.733644	1.000000	2.606328	1543374679.044397	2.606328
0.080378	-0.245112	0.501719	12.777868	-1.078221	12.732295	33.408655	0.028606	-1025001.000000	0.000000	0.000000	0.000000	12.777868	-1.078221	12.732295	1.000000	2.614572	1543374679.052398	2.614572
0.173973	-0.289033	-0.041103	12.776130	-1.076922	12.730662	33.510349	0.028392	-1025001.000000	0.000000	0.000000	0.000000	12.776130	-1.076922	12.730662	1.000000	2.622887	1543374679.060396	2.622887
0.232267	-0.131721	0.022817	12.775654	-1.075271	12.730324	33.612067	0.028167	-1025001.000000	0.000000	0.000000	0.000000	12.775654	-1.075271	12.730324	1.000000	2.630947	1543374679.068396	2.630947
-0.073580	-0.406642	0.001632	12.771471	-1.076153	12.726050	33.815461	0.027712	-1025001.000000	0.000000	0.000000	0.000000	12.771471	-1.076153	12.726050	1.000000	2.647734	1543374679.084395	2.647734
0.198726	-0.330782	0.791312	12.729605	-1.068057	12.684720	36.397777	0.024138	-1025001.000000	0.000000	0.000000	0.000000	12.729605	-1.068057	12.684720	1.000000	2.859301	1543374679.284397	2.859301
0.094864	-0.386147	0.860519	12.724760	-1.067579	12.679897	36.600438	0.023617	-1025001.000000	0.000000	0.000000	0.000000	12.724760	-1.067579	12.679897	1.000000	2.876317	1543374679.300396	2.876317
0.262692	-0.349975	-0.043700	12.722525	-1.065530	12.677827	36.701725	0.023347	-1025001.000000	0.000000	0.000000	0.000000	12.722525	-1.065530	12.677827	1.000000	2.884783	1543374679.308394	2.884783
0.008264	-0.241041	0.404946	12.719885	-1.065638	12.675168	36.904345	0.022795	-1025001.000000	0.000000	0.000000	0.000000	12.719885	-1.065638	12.675168	1.000000	2.901311	1543374679.324396	2.901311
0.147034	-0.423969	-0.453571	12.717060	-1.064416	12.672436	37.005599	0.022516	-1025001.000000	0.000000	0.000000	0.000000	12.717060	-1.064416	12.672436	1.000000	2.909918	1543374679.332394	2.909918
0.038930	-0.266874	0.170030	12.715502	-1.064237	12.670888	37.106916	0.022234	-1025001.000000	0.000000	0.000000	0.000000	12.715502	-1.064237	12.670888	1.000000	2.918242	1543374679.340398	2.918242
-0.079808	-0.257977	0.027593	12.714010	-1.064992	12.669327	37.208170	0.021954	-1025001.000000	0.000000	0.000000	0.000000	12.714010	-1.064992	12.669327	1.000000	2.926549	1543374679.348398	2.926549
0.096869	-0.220273	0.509921	12.710719	-1.064126	12.666097	37.410594	0.021400	-1025001.000000	0.000000	0.000000	0.000000	12.710719	-1.064126	12.666097	1.000000	2.943232	1543374679.364394	2.943232
-0.100183	-0.293050	-0.058817	12.705097	-1.065520	12.660338	37.714258	0.020572	-1025001.000000	0.000000	0.000000	0.000000	12.705097	-1.065520	12.660338	1.000000	2.968435	1543374679.388397	2.968435
