front	position-x	position-y	speed	speed-x	speed-y	timestamp	v-x	v-y	v-z
0.207201	470906.428842	4399073.151687	0.000000	0.000000	0.000000	1542945453.255135	0.467121	0.495796	1.578634
0.143912	470906.431963	4399073.111907	0.000000	0.000000	0.000000	1542945453.353226	0.467121	0.495796	1.578634
0.346587	470906.436031	4399072.977827	0.000000	0.000000	0.000000	1542945453.453858	0.467121	0.495796	1.578634
1.721463	470906.418117	4399073.820922	0.000000	0.000000	0.000000	1542945453.552854	0.091215	0.189844	1.398933
1.714466	470906.566958	4399073.893875	0.000000	0.000000	0.000000	1542945453.655273	0.091296	0.238562	1.382475
1.712846	470906.411482	4399073.862527	0.000000	0.000000	0.000000	1542945453.756488	0.145333	0.185195	1.356321
1.724673	470906.475527	4399073.793388	0.000000	0.000000	0.000000	1542945453.855239	0.161697	0.397748	1.335425
1.730134	470906.523670	4399073.889913	0.000000	0.000000	0.000000	1542945453.955771	0.144476	0.290201	1.311402
1.726365	470906.498706	4399073.888479	0.000000	0.000000	0.000000	1542945454.059730	0.108737	0.333680	1.288280
1.724043	470906.453354	4399073.816824	0.000000	0.000000	0.000000	1542945454.158590	0.231761	0.497758	1.266242
1.732734	470906.490270	4399073.871156	0.000000	0.000000	0.000000	1542945454.253456	0.133451	0.232493	1.241419
1.740250	470906.466751	4399073.875838	0.000000	0.000000	0.000000	1542945454.354702	0.184193	0.268586	1.217897
1.766209	470906.418863	4399073.823642	0.000000	0.000000	0.000000	1542945454.458169	0.150148	0.210902	1.192741
1.767847	470906.416017	4399073.892813	0.000000	0.000000	0.000000	1542945454.559446	0.137293	0.321043	1.166562
1.783621	470906.481697	4399073.858670	0.000000	0.000000	0.000000	1542945454.656832	0.206387	0.300060	1.146481
1.768415	470906.537044	4399073.970373	0.000000	0.000000	0.000000	1542945454.751540	0.398577	0.360870	1.512886
1.783093	470906.434382	4399073.835002	0.000000	0.000000	0.000000	1542945454.865344	0.161311	0.253047	1.484276
1.786377	470906.391907	4399073.850798	0.000000	0.000000	0.000000	1542945454.954063	0.211487	0.330501	1.453528
1.791548	470906.504988	4399073.891906	0.000000	0.000000	0.000000	1542945455.059426	0.163197	0.338379	1.420662
1.785194	470906.440141	4399073.850157	0.000000	0.000000	0.000000	1542945455.154361	0.160403	0.299444	1.391046
1.787737	470906.392448	4399073.827821	0.000000	0.000000	0.000000	1542945455.253163	0.128144	0.374868	1.360621
1.782035	470906.432314	4399073.848105	0.000000	0.000000	0.000000	1542945455.354872	0.107335	0.300100	1.328649
1.767291	470906.399112	4399073.852440	0.000000	0.000000	0.000000	1542945455.458642	0.106545	0.351281	1.295687
1.758709	470906.468470	4399073.891179	0.000000	0.000000	0.000000	1542945455.555601	0.201625	0.348284	1.242529
1.750009	470906.447178	4399073.896550	0.000000	0.000000	0.000000	1542945455.654361	0.231586	0.335367	1.213197
1.743468	470906.437607	4399073.839920	0.000000	0.000000	0.000000	1542945455.757349	0.171468	0.307619	1.183043
1.765447	470906.471732	4399073.846260	0.000000	0.000000	0.000000	1542945455.861606	0.211748	0.211426	1.153175
1.770626	470906.449530	4399073.867056	0.000000	0.000000	0.000000	1542945455.957912	0.125572	0.366839	1.122913
1.772423	470906.466735	4399073.881803	0.000000	0.000000	0.000000	1542945456.056685	0.121386	0.379001	1.337671
1.786059	470906.415470	4399073.887523	0.000000	0.000000	0.000000	1542945456.155927	0.223611	0.287840	1.348456
1.778041	470906.394030	4399073.863669	0.000000	0.000000	0.000000	1542945456.253724	0.262594	0.336282	1.311729
1.799891	470906.445030	4399073.854877	0.000000	0.000000	0.000000	1542945456.354054	0.273717	0.359331	1.271308
1.815147	470906.402741	4399073.903136	0.000000	0.000000	0.000000	1542945456.454775	0.296363	0.328031	1.414167
1.799645	470906.372835	4399073.821611	0.000000	0.000000	0.000000	1542945456.553409	0.317293	0.345158	1.364810
1.787656	470906.425890	4399073.876262	0.000000	0.000000	0.000000	1542945456.653340	0.320176	0.343851	1.320917
1.753315	470906.477242	4399073.903032	0.000000	0.000000	0.000000	1542945456.854433	0.404241	0.427271	1.448792
1.732350	470906.495683	4399073.895154	0.000000	0.000000	0.000000	1542945456.945123	0.369116	0.464354	1.394886
1.722300	470906.541390	4399073.892522	0.000000	0.000000	0.000000	1542945457.069210	0.332022	0.546609	1.544653
1.701925	470906.625471	4399073.914328	0.000000	0.000000	0.000000	1542945457.144616	0.316247	0.647129	1.310103
1.696256	470906.755994	4399073.892823	0.000000	0.000000	0.000000	1542945457.257880	0.295441	0.625026	1.436950
1.694442	470906.921190	4399073.909723	0.000000	0.000000	0.000000	1542945457.341133	0.344723	0.801082	1.375200
1.694685	470906.997313	4399073.874249	0.000000	0.000000	0.000000	1542945457.452602	0.364459	0.678707	1.459861
1.698385	470907.232379	4399073.928163	0.000000	0.000000	0.000000	1542945457.542525	0.357139	0.792272	1.371012
1.705765	470907.371029	4399073.945261	0.000000	0.000000	0.000000	1542945457.654400	0.424491	0.752362	1.446824
1.724286	470907.495442	4399073.968033	0.000000	0.000000	0.000000	1542945457.741917	0.292412	0.666342	1.510643
1.854659	470907.804259	4399073.931475	0.000000	0.000000	0.000000	1542945457.941534	0.393124	0.627426	1.449054
2.000966	470907.910079	4399073.949131	0.000000	0.000000	0.000000	1542945458.056058	0.360300	0.506328	1.524817
1.565130	470908.053073	4399073.958912	1.166347	1.151571	0.185066	1542945458.142252	0.509787	0.461683	1.531391
1.625655	470908.196198	4399073.952387	1.255470	1.245916	0.154594	1542945458.251013	0.563367	0.477015	1.528650
1.661164	470908.367370	4399074.011733	1.313447	1.305070	0.148107	1542945458.345451	0.572196	0.527123	1.564390
1.036962	470908.482597	4399074.042798	1.342387	1.334488	0.145407	1542945458.455236	0.638336	0.254345	1.509288
1.637588	470908.595753	4399074.097630	1.339715	1.330308	0.158488	1542945458.547598	0.577497	0.441392	1.549875
1.554809	470908.724356	4399074.094894	1.309912	1.300300	0.158393	1542945458.656290	0.608837	0.493511	1.512394
1.760524	470908.815410	4399074.129288	1.298879	1.285734	0.184327	1542945458.752753	0.587939	0.548423	1.541088
1.163328	470908.829901	4399074.219077	1.217159	1.198449	0.212592	1542945458.856070	0.675176	0.394137	1.528859
1.757282	470908.942249	4399074.200259	1.149288	1.131001	0.204204	1542945458.954740	0.615712	0.530112	1.533596
1.456025	470909.068372	4399074.270511	1.067879	1.062137	0.110592	1542945459.060047	0.671530	0.564408	1.514340
0.142696	470909.192192	4399074.257273	1.023480	1.016749	0.117183	1542945459.154059	0.537318	0.540699	1.574807
2.076070	470909.229929	4399074.316380	0.946716	0.926003	0.196952	1542945459.255006	0.527329	0.573696	1.559184
0.089513	470909.320014	4399074.345785	0.935159	0.920697	0.163828	1542945459.354037	0.442415	0.609815	1.575965
2.043349	470909.363986	4399074.353288	0.854552	0.827518	0.213246	1542945459.460308	0.521118	0.534463	1.574612
2.067969	470909.351909	4399074.453505	0.872657	0.830648	0.267495	1542945459.555041	0.600390	0.463497	1.559147
0.689492	470909.296513	4399074.445510	0.703816	0.694871	0.111853	1542945459.656595	0.646316	0.579569	1.548858
-0.094137	470909.221079	4399074.484564	0.420850	0.415866	0.064575	1542945459.864578	0.487259	0.609188	1.535722
-0.724921	470909.177828	4399074.450988	0.311994	0.308503	0.046540	1542945459.961154	0.548397	0.683474	1.552249
-0.415218	470909.076325	4399074.537561	0.000000	0.000000	0.000000	1542945460.058158	0.515816	0.672044	1.545822
-0.071380	470908.943969	4399074.490034	0.213607	-0.195912	0.085127	1542945460.165148	0.430275	0.631205	1.541595
-0.149145	470908.792366	4399074.558425	0.333035	-0.320736	0.089671	1542945460.258961	0.472611	0.710630	1.540183
1.969839	470908.629208	4399074.442709	0.250215	-0.240838	0.067857	1542945460.361572	0.547299	0.493636	1.560939
-0.794405	470908.472595	4399074.523131	0.542319	-0.536449	0.079571	1542945460.458655	0.573621	0.592123	1.543280
0.343963	470908.355452	4399074.497558	0.518341	-0.518328	-0.003789	1542945460.559566	0.393797	0.567507	1.546543
0.625361	470908.152305	4399074.461975	0.419907	-0.418280	-0.036929	1542945460.657786	0.533824	0.679140	1.527215
1.581029	470908.076790	4399074.432570	0.427283	-0.426459	-0.026521	1542945460.762583	0.767017	0.589195	1.516248
1.930395	470907.898585	4399074.494142	0.000000	0.000000	0.000000	1542945460.867481	0.958815	0.609096	1.485548
1.985456	470907.784797	4399074.452722	0.200086	-0.199785	-0.010970	1542945460.964221	0.958325	0.514810	1.451732
0.057146	470907.656425	4399074.509469	0.000000	0.000000	0.000000	1542945461.059276	0.798053	0.799947	1.380921
-0.037057	470907.602762	4399074.433559	0.830111	-0.822285	0.113718	1542945461.164014	0.985352	0.693883	1.255769
0.274104	470907.561648	4399074.467083	1.089258	-1.081115	0.132940	1542945461.262490	0.878411	0.895510	1.100626
0.014621	470907.520586	4399074.494124	1.327151	-1.323405	0.099656	1542945461.360761	1.090655	0.883527	1.024169
0.205837	470907.497946	4399074.523912	0.286628	-0.283786	0.040258	1542945461.459005	1.002466	1.067996	0.971948
-0.027274	470907.469725	4399074.534735	0.267127	-0.265566	0.028837	1542945461.559134	1.105220	0.955739	0.946326
0.346124	470907.543350	4399074.568557	0.000000	0.000000	0.000000	1542945461.660618	0.715686	1.162885	0.950256
-0.219763	470907.540872	4399074.619767	0.000000	0.000000	0.000000	1542945461.765111	1.104981	1.062061	0.998731
1.736727	470907.596488	4399074.612067	0.000000	0.000000	0.000000	1542945461.862741	1.182321	0.734399	1.069534
1.560392	470907.677139	4399074.589129	0.000000	0.000000	0.000000	1542945461.963120	1.105267	0.650450	1.082479
0.683083	470907.630917	4399074.584853	0.000000	0.000000	0.000000	1542945462.059957	0.618040	1.042075	1.082316
0.699433	470907.620696	4399074.553522	0.000000	0.000000	0.000000	1542945462.164130	0.799917	1.019140	1.081114
1.277299	470907.589939	4399074.534654	0.000000	0.000000	0.000000	1542945462.264994	1.219022	0.643489	1.084517
-0.787939	470907.542612	4399074.460118	0.000000	0.000000	0.000000	1542945462.368123	0.975385	0.721697	1.084341
2.096359	470907.523198	4399074.426072	0.000000	0.000000	0.000000	1542945462.459567	1.093520	0.716943	1.077909
-0.732260	470907.411570	4399074.326708	0.000000	0.000000	0.000000	1542945462.556049	1.128053	0.778457	1.035158
-0.540574	470907.394780	4399074.255931	0.000000	0.000000	0.000000	1542945462.654772	1.218415	0.808543	1.024545
0.064626	470907.399594	4399074.161868	0.000000	0.000000	0.000000	1542945462.759261	0.885999	1.288020	0.987279
-0.413378	470907.249214	4399074.142094	0.000000	0.000000	0.000000	1542945462.870588	1.197052	0.919576	0.938254
-0.280781	470907.196462	4399073.893044	0.326163	-0.068068	-0.318981	1542945463.060905	1.351548	0.904050	0.919582
-0.354328	470907.089428	4399073.884311	0.000000	0.000000	0.000000	1542945463.166733	1.236368	0.589045	0.936333
-0.487585	470907.150933	4399073.871576	0.321614	-0.112608	-0.301255	1542945463.255808	1.231034	0.478630	1.035498
-0.411183	470907.192337	4399073.817656	0.000000	0.000000	0.000000	1542945463.365521	1.229232	0.591488	1.087657
-0.623166	470907.192476	4399073.691354	0.000000	0.000000	0.000000	1542945463.465076	1.157455	0.495543	1.092149
-0.274291	470907.191610	4399073.653123	0.000000	0.000000	0.000000	1542945463.559870	1.213764	0.579727	1.055094
-0.380303	470907.235801	4399073.690812	0.000000	0.000000	0.000000	1542945463.656327	1.330591	0.404962	1.002155
-0.422479	470907.275191	4399073.646482	0.000000	0.000000	0.000000	1542945463.766633	1.300101	0.421508	0.943455
-0.487456	470907.368735	4399073.775998	0.000000	0.000000	0.000000	1542945463.860853	1.351122	0.436523	0.937994
-0.519895	470907.448538	4399073.800223	0.364963	0.309359	-0.193636	1542945463.966533	1.423910	0.566366	1.000582
-0.568114	470907.526172	4399073.788100	0.403446	0.341223	-0.215258	1542945464.069516	1.367201	0.587428	0.999239
-0.554992	470907.577830	4399073.750418	0.297874	0.251933	-0.158930	1542945464.175816	1.367373	0.729648	1.028659
-0.581270	470907.587803	4399073.844963	0.000000	0.000000	0.000000	1542945464.267709	1.112808	0.762251	0.991765
2.039438	470907.670114	4399073.871451	0.000000	0.000000	0.000000	1542945464.370363	1.274710	0.686892	0.993394
2.105761	470907.706539	4399073.871505	0.000000	0.000000	0.000000	1542945464.465989	1.241288	0.739049	0.950602
2.156124	470907.722989	4399073.880777	0.000000	0.000000	0.000000	1542945464.561524	1.206850	0.771612	0.946130
1.891367	470907.747133	4399073.874765	0.000000	0.000000	0.000000	1542945464.663803	1.372697	0.583579	0.939471
-0.936896	470907.538022	4399073.845201	0.000000	0.000000	0.000000	1542945464.761170	1.059863	0.805542	0.895122
-0.842480	470907.557717	4399073.760476	0.000000	0.000000	0.000000	1542945464.862067	1.253444	0.886524	0.863735
-0.018067	470907.534255	4399073.730130	0.000000	0.000000	0.000000	1542945464.967432	0.709660	1.453320	0.838383
-0.371426	470907.442395	4399073.714373	0.000000	0.000000	0.000000	1542945465.068275	1.113275	1.085085	0.784312
1.039165	470907.455275	4399073.529901	0.000000	0.000000	0.000000	1542945465.261134	0.623050	1.130453	0.633241
1.258837	470907.415726	4399073.605209	0.000000	0.000000	0.000000	1542945465.363701	0.619019	1.072655	0.618399
1.259414	470907.374899	4399073.616638	0.000000	0.000000	0.000000	1542945465.469949	0.545081	1.198133	0.610977
1.487582	470907.397571	4399073.627726	0.000000	0.000000	0.000000	1542945465.568136	0.745833	1.092927	0.636620
1.648945	470907.370854	4399073.606702	0.000000	0.000000	0.000000	1542945465.656715	1.033473	1.142163	0.630467
1.445155	470907.313237	4399073.628135	0.000000	0.000000	0.000000	1542945465.765732	0.869620	1.336511	0.591144
1.321648	470907.454381	4399073.586800	0.000000	0.000000	0.000000	1542945465.868400	0.680362	1.134036	0.563130
1.098231	470907.372369	4399073.740696	0.000000	0.000000	0.000000	1542945465.970172	0.583214	1.475828	0.533206
0.720587	470907.593242	4399073.743481	0.000000	0.000000	0.000000	1542945466.068364	0.490063	1.249713	0.469994
0.823133	470907.559129	4399073.786979	0.000000	0.000000	0.000000	1542945466.165859	0.526799	1.255932	0.466965
0.643465	470907.838411	4399073.408489	0.000000	0.000000	0.000000	1542945466.278996	0.399863	0.366445	0.448520
0.691100	470907.639166	4399073.805962	0.000000	0.000000	0.000000	1542945466.366610	0.545433	1.247837	0.438885
0.786957	470907.538589	4399073.866791	0.000000	0.000000	0.000000	1542945466.476060	0.496793	1.392349	0.441972
1.592512	470907.489010	4399073.881835	0.000000	0.000000	0.000000	1542945466.558244	1.036504	1.208293	0.452753
1.726720	470907.564301	4399073.813952	0.000000	0.000000	0.000000	1542945466.662348	1.257520	1.100950	0.474478
0.686323	470907.585703	4399073.941257	0.000000	0.000000	0.000000	1542945466.770256	0.513984	1.450744	0.453689
0.820118	470907.606909	4399073.817458	0.000000	0.000000	0.000000	1542945466.877521	0.536073	1.345232	0.441245
1.077857	470907.436356	4399073.868230	0.000000	0.000000	0.000000	1542945466.989326	0.729565	1.528112	0.461890
1.469947	470907.513657	4399073.863141	0.000000	0.000000	0.000000	1542945467.073160	0.951592	1.216076	0.456201
0.610243	470907.572612	4399073.980844	0.000000	0.000000	0.000000	1542945467.174971	0.469231	1.481645	0.484616
1.139148	470907.571292	4399073.873565	0.000000	0.000000	0.000000	1542945467.263683	0.586721	1.320809	0.471455
1.648698	470907.569912	4399073.887477	0.000000	0.000000	0.000000	1542945467.377758	1.174955	1.211955	0.461487
0.939031	470907.557052	4399073.918755	0.000000	0.000000	0.000000	1542945467.472170	0.509449	1.348723	0.454450
2.136040	470907.603525	4399073.953003	0.000000	0.000000	0.000000	1542945467.557400	1.505291	0.673997	0.455871
1.707842	470907.610533	4399073.878141	0.000000	0.000000	0.000000	1542945467.669016	1.151302	1.081738	0.461338
0.534779	470907.561137	4399073.913864	0.297178	-0.295881	0.027738	1542945467.780339	0.607274	1.511298	0.454521
1.626291	470907.512097	4399073.877147	0.000000	0.000000	0.000000	1542945467.877669	1.176834	1.252310	0.464803
1.194004	470907.529364	4399073.908680	0.290487	-0.287507	0.041501	1542945467.970495	0.911994	1.416088	0.438205
1.232054	470907.444306	4399073.884440	0.000000	0.000000	0.000000	1542945468.070702	0.762872	1.435653	0.415945
0.972803	470907.430561	4399073.860618	0.343744	-0.324111	0.114508	1542945468.169798	0.578657	1.559481	0.466930
1.155028	470907.392017	4399073.861337	0.000000	0.000000	0.000000	1542945468.267683	0.639209	1.480877	0.462712
1.077899	470907.383451	4399073.919861	0.294227	-0.271541	0.113290	1542945468.367299	0.679449	1.434138	0.444284
0.998778	470907.314463	4399073.887614	0.000000	0.000000	0.000000	1542945468.468273	0.548266	1.553833	0.480214
1.160739	470907.317049	4399073.854206	0.000000	0.000000	0.000000	1542945468.573156	0.583081	1.490362	0.467835
0.806776	470907.329812	4399073.953869	0.000000	0.000000	0.000000	1542945468.671115	0.443846	1.658776	0.467259
0.854366	470907.332086	4399073.913808	0.000000	0.000000	0.000000	1542945468.764177	0.466365	1.561661	0.462512
0.984209	470907.267437	4399073.854467	0.000000	0.000000	0.000000	1542945468.881112	0.543403	1.520794	0.463476
0.829936	470907.105869	4399074.071500	0.000000	0.000000	0.000000	1542945468.965371	0.327195	0.788109	0.424871
0.895455	470907.264569	4399073.927047	0.000000	0.000000	0.000000	1542945469.064231	0.558408	1.535771	0.456373
0.983299	470907.224287	4399073.828951	0.000000	0.000000	0.000000	1542945469.163512	0.563920	1.534022	0.456494
0.854043	470907.289673	4399073.839635	0.000000	0.000000	0.000000	1542945469.275496	0.577768	1.420901	0.459105
1.111519	470907.155810	4399073.756541	0.000000	0.000000	0.000000	1542945469.369167	0.557742	1.501189	0.421741
