front	position-x	position-y	speed	speed-x	speed-y	timestamp	v-x	v-y	v-z
0.069296	470791.017424	4399335.442155	1.857021	-0.008974	-1.857000	1543473554.802130	0.289785	0.282830	1.274521
-1.491769	470791.036845	4399335.180563	1.855981	-0.016408	-1.855908	1543473554.891582	0.030528	0.290459	1.272517
0.069283	470791.149110	4399334.690202	1.824917	-0.118184	-1.821086	1543473555.205360	0.431404	0.055231	0.529337
0.069255	470791.214452	4399333.857440	1.964939	-0.203442	-1.954379	1543473555.693832	0.427466	0.048317	0.524457
0.069296	470791.043949	4399333.249572	1.992804	0.017436	-1.992727	1543473556.089691	0.282934	0.147787	0.518631
0.079162	470791.140153	4399333.240567	1.940549	0.022338	-1.940421	1543473556.206619	0.423638	0.473258	1.239756
-0.950236	470791.257726	4399332.036199	1.770227	0.026334	-1.770031	1543473556.891016	0.604855	0.348550	1.233490
-1.268157	470791.404756	4399331.409566	1.759156	0.025604	-1.758969	1543473557.212309	0.208318	0.406195	0.510662
0.069241	470791.375264	4399331.096662	1.817143	0.026156	-1.816955	1543473557.400539	0.276438	0.114947	0.505898
-1.308388	470791.399931	4399330.766512	1.773183	0.014524	-1.773123	1543473557.607168	0.114452	0.574404	0.506636
-1.358119	470791.552655	4399330.451530	1.633839	0.001168	-1.633839	1543473557.802133	0.089151	0.576403	0.504481
-1.884156	470791.492169	4399330.277029	1.688188	0.015965	-1.688112	1543473557.899310	0.246131	0.359275	0.500803
-1.654908	470791.504144	4399330.120041	1.724705	0.018642	-1.724604	1543473558.017881	0.118294	0.411351	0.500103
-1.657171	470791.580890	4399329.765385	1.755826	0.597034	-1.651204	1543473558.203985	0.050845	0.276363	0.497984
-1.331904	470791.692888	4399329.298745	1.779121	0.537153	-1.696095	1543473558.500321	0.120569	0.420694	0.495346
-1.400245	470791.801341	4399328.629842	1.646543	0.598821	-1.533792	1543473558.898152	0.080553	0.268860	0.499396
-1.362442	470791.722224	4399327.312739	1.773044	0.745808	-1.608557	1543473559.700720	0.111669	0.418564	0.483851
-1.367449	470791.865392	4399327.168120	1.665398	0.685264	-1.517881	1543473559.802012	0.098260	0.420501	0.482684
-1.381262	470791.761319	4399326.786200	1.690787	0.618382	-1.573647	1543473560.006885	0.065211	0.408456	0.480573
-1.320922	470791.899659	4399326.633259	1.787428	0.615065	-1.678271	1543473560.099559	0.130536	0.390652	0.480032
-1.418669	470791.930601	4399326.294986	1.461791	0.288608	-1.433017	1543473560.304966	0.138010	0.394936	0.477996
-1.544056	470791.833769	4399325.824342	1.284800	0.387941	-1.224832	1543473560.601372	0.082737	0.400382	0.475327
-1.486912	470791.908180	4399325.662733	1.368521	0.351529	-1.322603	1543473560.705822	0.069827	0.506363	0.482365
-1.472196	470791.942641	4399325.169675	1.166091	0.252159	-1.138501	1543473561.002402	0.084449	0.528047	0.474034
-1.471128	470792.018077	4399325.020081	1.285111	0.259971	-1.258541	1543473561.103713	0.072767	0.398026	0.470538
-1.335594	470792.031505	4399324.862304	1.380380	0.270318	-1.353653	1543473561.205279	0.095444	0.393445	0.469690
-1.391748	470792.040937	4399324.727401	1.974998	0.351912	-1.943393	1543473561.299631	0.133044	0.394170	0.469235
-1.585399	470792.015862	4399324.225347	1.922389	0.354908	-1.889344	1543473561.605996	0.087542	0.508704	0.474878
-1.281075	470792.099450	4399324.058689	1.916435	0.351048	-1.884009	1543473561.702257	0.076516	0.402936	0.464899
0.069379	470792.131821	4399323.575569	1.771281	0.334477	-1.739414	1543473562.020533	0.378520	0.070837	0.464548
0.066656	470792.138070	4399323.419814	1.879030	0.339147	-1.848170	1543473562.101712	0.387656	0.055063	0.461068
-1.350701	470792.210488	4399323.292427	2.073958	0.353831	-2.043552	1543473562.200667	0.147102	0.477339	0.468945
-1.586571	470792.157503	4399323.155293	2.747176	-0.042808	-2.746842	1543473562.318617	0.163762	0.383603	0.466288
-1.546008	470792.174201	4399322.950796	1.128208	0.026907	-1.127887	1543473562.417298	0.091730	0.387102	0.458854
-1.517409	470792.196966	4399322.604917	1.406288	0.074680	-1.404304	1543473562.600958	0.024842	0.383687	0.456270
-1.525518	470792.226429	4399322.222372	1.097615	0.050314	-1.096462	1543473562.905922	0.185979	0.376123	0.453940
-1.280612	470792.138612	4399321.804202	1.025270	0.042949	-1.024370	1543473563.106015	0.073712	0.382256	1.441061
-1.582740	470792.209009	4399321.629415	1.129477	0.055743	-1.128100	1543473563.208287	0.055704	0.489330	0.459306
-1.330075	470792.226594	4399321.434364	1.181105	0.067413	-1.179180	1543473563.303809	0.162922	0.479789	0.452739
-1.521919	470792.175466	4399321.297816	0.776403	0.037865	-0.775480	1543473563.408216	0.097395	0.378748	0.449251
-1.513396	470792.129478	4399321.142678	0.834301	0.091310	-0.829289	1543473563.504803	0.091125	0.246694	1.439892
-1.504330	470792.095113	4399320.816385	0.000000	0.000000	0.000000	1543473563.698591	0.106081	0.374002	0.446753
-1.499567	470792.108271	4399320.637352	0.000000	0.000000	0.000000	1543473563.801244	0.078459	0.372776	0.445517
-1.497508	470792.117586	4399320.509692	0.000000	0.000000	0.000000	1543473563.901902	0.109455	0.371773	1.474119
-1.494645	470792.137966	4399320.313692	0.000000	0.000000	0.000000	1543473564.005516	0.230952	0.605470	1.486768
-1.488667	470792.092536	4399320.122235	0.000000	0.000000	0.000000	1543473564.099166	0.056134	0.241830	1.473796
-1.477678	470792.156898	4399320.004108	0.000000	0.000000	0.000000	1543473564.201290	0.076443	0.370568	1.470975
-1.468892	470792.047915	4399319.817404	0.000000	0.000000	0.000000	1543473564.311124	0.116804	0.368685	1.470078
-1.472065	470792.184276	4399319.660079	0.000000	0.000000	0.000000	1543473564.422384	0.222400	0.595965	1.480321
-1.463577	470792.193920	4399319.480548	0.000000	0.000000	0.000000	1543473564.498854	0.090612	0.364022	1.473818
-1.468392	470792.152501	4399319.312706	0.000000	0.000000	0.000000	1543473564.606932	0.102364	0.237367	1.467471
-1.544855	470792.172537	4399319.150998	1.318094	0.034206	-1.317651	1543473564.706094	0.097460	0.242311	1.468953
-1.540787	470792.126332	4399318.975125	1.757239	0.052692	-1.756448	1543473564.819802	0.097704	0.359381	1.460954
-1.547360	470792.137354	4399318.821327	1.763683	0.041437	-1.763196	1543473564.905211	0.085995	0.356459	1.459367
-1.530995	470792.211225	4399318.650939	1.470607	0.058224	-1.469454	1543473564.998249	0.090606	0.237609	1.448367
-1.533062	470792.224723	4399318.490504	1.466817	0.055311	-1.465773	1543473565.104357	0.131812	0.234191	1.463295
-1.524849	470792.240255	4399318.299051	1.512687	0.069384	-1.511095	1543473565.207678	0.046921	0.471074	1.436100
-1.508770	470792.190525	4399318.149240	1.538095	0.095132	-1.535150	1543473565.300649	0.096638	0.358740	1.439685
-1.502288	470792.261036	4399318.011522	1.564426	0.107072	-1.560757	1543473565.407472	0.188587	0.471688	1.452155
-1.502312	470792.271734	4399317.819549	1.570912	0.107609	-1.567222	1543473565.511313	0.061944	0.474747	1.441306
-1.505105	470792.228933	4399317.666928	1.603164	0.105284	-1.599704	1543473565.620635	0.144735	0.352454	1.426937
-1.509259	470792.297870	4399317.506803	1.458969	0.089817	-1.456202	1543473565.711611	0.283889	0.471642	1.437706
-1.526168	470792.251084	4399317.302611	1.565144	0.069939	-1.563581	1543473565.799631	0.051869	0.354651	1.426083
-1.468323	470792.325363	4399317.135232	1.486147	0.151547	-1.478400	1543473565.908958	0.074393	0.465102	1.430780
-1.539464	470792.278502	4399316.977031	1.498646	0.047977	-1.497878	1543473566.010787	0.169679	0.572075	1.423195
-1.547390	470792.348137	4399316.807874	1.425545	0.033435	-1.425152	1543473566.101056	0.123602	0.228915	1.425598
-1.509920	470792.369375	4399316.608476	1.744720	0.105650	-1.741519	1543473566.205692	0.051100	0.230565	1.429158
-1.582676	470792.326964	4399316.446903	1.751749	-0.019202	-1.751644	1543473566.306142	0.033527	0.346329	1.426886
-1.508694	470792.452860	4399316.311029	1.747879	0.107600	-1.744564	1543473566.419240	0.142946	0.576371	1.423331
-1.557772	470792.404796	4399316.165507	1.749487	0.023565	-1.749328	1543473566.502074	0.128911	0.234258	1.407664
-1.517255	470792.405161	4399315.895784	1.501414	0.079782	-1.499292	1543473566.608678	0.228327	0.269319	1.402949
-1.512172	470792.436068	4399315.762278	1.589653	0.093113	-1.586923	1543473566.704735	0.384583	0.460908	1.400951
-1.555552	470792.385097	4399315.774830	1.750114	0.027335	-1.749901	1543473566.823960	0.371762	0.344415	1.397210
-1.514174	470792.415938	4399315.709374	1.749423	0.098308	-1.746658	1543473566.901825	0.537432	0.404554	1.395701
-1.540784	470792.436916	4399315.438257	1.502572	0.045491	-1.501884	1543473566.999351	0.327653	0.398901	1.395351
-1.460887	470792.482878	4399315.153945	1.493887	0.162931	-1.484976	1543473567.104565	0.127736	0.456371	1.378153
-1.515234	470792.484039	4399315.229725	1.498934	0.084129	-1.496571	1543473567.216394	0.651849	0.224869	1.390000
-1.482445	470792.568338	4399314.791305	1.496436	0.131668	-1.490633	1543473567.300695	0.106648	0.563239	1.397044
-1.478038	470792.567066	4399314.755389	1.472742	0.136322	-1.466419	1543473567.402494	0.286650	0.339750	1.378941
-1.482131	470792.635835	4399314.603363	1.476680	0.130858	-1.470871	1543473567.504194	0.320347	0.443727	1.383590
-1.388944	470792.641471	4399314.313684	1.493058	0.268800	-1.468662	1543473567.607621	0.088264	0.264083	1.374432
-1.460307	470792.673265	4399314.122635	1.741291	0.193144	-1.730546	1543473567.704701	0.358762	0.438051	1.355451
-1.350431	470792.699721	4399314.163145	1.548080	0.336677	-1.511026	1543473567.800921	0.585926	0.524814	1.366609
-1.389718	470792.652828	4399314.055662	1.567440	0.282830	-1.541712	1543473567.907500	0.572426	0.431761	1.369534
-1.417207	470792.685719	4399313.795118	1.570008	0.241007	-1.551400	1543473568.006920	0.355530	0.447039	1.361326
-1.412676	470792.749309	4399313.663286	1.540861	0.242949	-1.521587	1543473568.098236	0.407394	0.556640	1.355436
-1.387159	470792.759531	4399313.469597	1.500268	0.274170	-1.475003	1543473568.199314	0.450480	0.556522	1.353215
-1.436885	470792.746217	4399313.132572	1.581542	0.211550	-1.567329	1543473568.305635	0.072736	0.441494	1.344560
-1.338643	470792.719616	4399313.251080	1.588746	0.363717	-1.546553	1543473568.409122	0.601134	0.261449	1.352216
-1.366556	470792.787107	4399313.014627	1.738563	0.352763	-1.702399	1543473568.508247	0.532075	0.526258	1.353011
-1.341037	470792.886731	4399312.689639	1.816895	0.413479	-1.769221	1543473568.608417	0.322540	0.395150	1.334996
-1.405505	470792.796606	4399312.510752	1.794267	0.296301	-1.769633	1543473568.710459	0.181424	0.208265	0.399376
-1.338513	470792.840915	4399312.569695	1.652080	0.379193	-1.607974	1543473568.803692	0.619667	0.356943	1.337018
-1.309089	470792.868183	4399312.422884	1.670314	0.431744	-1.613550	1543473568.898030	0.695010	0.401315	1.335047
-1.418310	470792.867143	4399312.178239	1.686162	0.257835	-1.666332	1543473569.000611	0.477511	0.533781	1.333997
-1.385735	470792.938135	4399311.891080	1.680685	0.308632	-1.652104	1543473569.108066	0.195975	0.401520	1.316350
-1.455564	470792.862405	4399311.663717	1.491123	0.172323	-1.481132	1543473569.206486	0.091462	0.433486	0.397792
-1.431013	470792.933601	4399311.446691	1.779568	0.247421	-1.762284	1543473569.300201	0.110428	0.538793	0.394793
-1.371215	470792.938821	4399311.600893	1.716283	0.339242	-1.682422	1543473569.400681	0.627353	0.431100	1.320364
-1.378138	470792.926184	4399311.301826	1.724152	0.330296	-1.692219	1543473569.506276	0.393443	0.315341	1.311512
-1.426453	470793.001086	4399311.111812	1.734930	0.250474	-1.716754	1543473569.613916	0.326558	0.424344	1.311963
-1.438790	470793.030091	4399310.832854	1.489074	0.196167	-1.476096	1543473569.699124	0.227576	0.412453	0.389931
-1.438790	470793.030091	4399310.832854	1.499671	0.205172	-1.485570	1543473569.799091	0.227576	0.412453	0.389931
-1.424062	470793.110888	4399310.484025	1.980742	0.289402	-1.959486	1543473569.898966	0.209487	0.514321	0.387750
-1.442458	470792.995246	4399310.496885	1.988012	0.254706	-1.971628	1543473570.013078	0.437772	0.522107	1.298706
-1.450591	470793.054962	4399310.276851	1.989002	0.238634	-1.974635	1543473570.102539	0.359847	0.394084	1.287374
-1.455685	470793.100340	4399309.935257	1.743396	0.200289	-1.731852	1543473570.201058	0.074182	0.208488	0.383788
-1.455685	470793.100340	4399309.935257	1.761255	0.205146	-1.749267	1543473570.307890	0.074182	0.208488	0.383788
-1.455685	470793.100340	4399309.935257	1.690371	0.225372	-1.675280	1543473570.422950	0.074182	0.208488	0.383788
-1.693913	470793.134762	4399309.441663	1.677351	0.327150	-1.645138	1543473570.501076	0.038504	0.415717	0.382870
-1.669200	470793.160778	4399309.456290	1.676701	0.365507	-1.636378	1543473570.609323	0.389153	0.434342	1.278980
-1.148291	470793.213740	4399309.126066	1.563308	0.359316	-1.521454	1543473570.703980	0.381218	0.412092	0.902114
-1.148291	470793.213740	4399309.126066	1.617722	0.360828	-1.576968	1543473570.808681	0.381218	0.412092	0.902114
-1.531844	470793.187541	4399308.761681	1.371499	0.329523	-1.331324	1543473570.899303	0.186646	0.418106	0.377959
-1.528426	470793.193642	4399308.771255	1.358837	0.323106	-1.319864	1543473571.001382	0.436880	0.206643	1.262985
-1.530822	470793.177463	4399308.624476	1.343468	0.266661	-1.316738	1543473571.109727	0.461318	0.355609	1.256731
-1.575513	470793.274706	4399308.278286	0.000000	0.000000	0.000000	1543473571.214190	0.129803	0.507231	0.376450
-1.584436	470793.288624	4399308.074277	0.000000	0.000000	0.000000	1543473571.300038	0.171111	0.503863	0.373117
-1.576246	470793.252809	4399307.896008	0.000000	0.000000	0.000000	1543473571.400811	0.149840	0.401131	0.371961
-1.563128	470793.313543	4399307.751546	0.000000	0.000000	0.000000	1543473571.505901	0.104392	0.505088	0.371173
-1.554210	470793.326129	4399307.613364	0.000000	0.000000	0.000000	1543473571.612310	0.077587	0.509525	0.887561
-1.554442	470793.393633	4399307.478919	0.000000	0.000000	0.000000	1543473571.704914	0.134435	0.202554	0.880158
-1.476409	470793.407347	4399307.248316	1.491024	0.140528	-1.484386	1543473571.806292	0.186157	0.398298	0.368911
-1.486234	470793.267990	4399307.083111	1.744120	0.147432	-1.737878	1543473571.910682	0.202331	0.500081	0.370585
-1.479166	470793.379459	4399306.924224	1.748038	0.159790	-1.740719	1543473572.011874	0.140420	0.497757	0.368696
-1.488398	470793.342695	4399306.752660	1.749468	0.144158	-1.743519	1543473572.101691	0.085357	0.198896	0.871214
-1.516769	470793.302333	4399306.591697	1.750511	0.095017	-1.747930	1543473572.200421	0.071319	0.300169	0.366820
-1.533547	470793.412037	4399306.422351	1.503396	0.056200	-1.502346	1543473572.304777	0.086619	0.496452	0.363336
-1.520256	470793.327104	4399306.219101	1.501046	0.075514	-1.499145	1543473572.420287	0.120563	0.495656	0.369315
-1.520256	470793.327104	4399306.219101	1.500830	0.075243	-1.498943	1543473572.500572	0.120563	0.495656	0.369315
-1.523463	470793.348570	4399305.952478	1.749436	0.082741	-1.747478	1543473572.602425	0.101672	0.495058	1.548983
-1.511930	470793.455118	4399305.806786	1.750177	0.102799	-1.747155	1543473572.707014	0.157831	0.493776	1.536739
-1.514376	470793.469355	4399305.613582	1.502637	0.084366	-1.500267	1543473572.810516	0.176909	0.493059	1.532015
-1.574689	470793.383941	4399305.436351	1.522644	-0.005741	-1.522634	1543473572.901539	0.112033	0.302969	1.533430
-1.507796	470793.493221	4399305.273312	1.656119	0.102736	-1.652929	1543473573.001211	0.116197	0.488485	1.526320
-1.494772	470793.456795	4399305.108364	1.664822	0.126618	-1.660000	1543473573.106207	0.144879	0.388660	1.519076
-1.455635	470793.473710	4399304.961070	1.642024	0.188279	-1.631194	1543473573.221303	0.074478	0.386792	1.515276
-1.414060	470793.494501	4399304.736935	1.485702	0.231911	-1.467490	1543473573.309165	0.108864	0.388364	1.518233
-1.451928	470793.552522	4399304.566093	1.659793	0.197092	-1.648050	1543473573.402789	0.133234	0.484002	0.352957
-1.439706	470793.515665	4399304.383405	1.657712	0.216524	-1.643510	1543473573.508726	0.063310	0.188958	1.498120
-1.369968	470793.572521	4399304.251041	1.578297	0.313747	-1.546798	1543473573.617075	0.109349	0.279560	1.492535
-1.492441	470793.574504	4399304.172190	1.746892	0.139073	-1.741347	1543473573.698141	0.249372	0.286403	1.508726
-1.492209	470793.583598	4399304.048638	1.487749	0.117203	-1.483125	1543473573.804926	0.356670	0.285462	1.495361
-1.491913	470793.639171	4399303.932801	1.556617	0.122549	-1.551786	1543473573.905802	0.501316	0.379384	1.493975
-1.566637	470793.619138	4399303.491462	1.734953	0.007842	-1.734936	1543473574.018577	0.313139	0.483722	1.473235
-1.489885	470793.635445	4399303.380431	1.651020	0.131572	-1.645769	1543473574.098732	0.071709	0.282877	1.476651
-1.533689	470793.645001	4399303.281157	1.605345	0.059635	-1.604237	1543473574.200302	0.237517	0.471720	1.475046
-1.473980	470793.642259	4399303.223073	1.504825	0.144499	-1.497871	1543473574.309079	0.377702	0.464008	1.476925
-1.461397	470793.692662	4399303.077826	1.450803	0.158299	-1.442141	1543473574.419709	0.499230	0.360675	1.480033
-1.474409	470793.755923	4399302.956956	1.516719	0.146795	-1.509598	1543473574.500896	0.856616	0.468603	1.477540
-1.441397	470793.790279	4399302.576634	1.636196	0.211269	-1.622499	1543473574.604288	0.161816	0.466172	1.455838
-1.471517	470793.778001	4399302.640475	1.620453	0.161619	-1.612373	1543473574.711312	0.604089	0.463601	1.467148
-1.527723	470793.710103	4399302.393488	1.501897	0.065573	-1.500465	1543473574.810149	0.378322	0.467943	1.458992
-1.465035	470793.806496	4399302.225077	1.495672	0.156933	-1.487416	1543473574.916174	0.433108	0.274073	1.447371
-1.437149	470793.824188	4399302.102969	1.492270	0.198484	-1.479011	1543473575.002466	0.879850	0.306169	1.454899
-1.480721	470793.837130	4399301.859032	1.745407	0.157688	-1.738270	1543473575.118226	0.398382	0.457956	1.432140
-1.515626	470793.850870	4399301.689016	1.745226	0.097262	-1.742514	1543473575.205277	0.371163	0.459198	1.433944
-1.446487	470793.857711	4399301.552312	1.653543	0.204140	-1.640894	1543473575.312276	0.377772	0.463290	1.431828
-1.437572	470793.901734	4399301.444774	1.653677	0.220079	-1.638967	1543473575.403863	0.509840	0.366128	1.432903
-1.445390	470793.897100	4399301.041026	1.505269	0.188566	-1.493411	1543473575.510101	0.306655	0.453997	1.412822
-1.454755	470793.952287	4399301.091834	1.999839	0.231787	-1.986362	1543473575.606856	0.421640	0.588988	1.425748
-1.413532	470793.996977	4399301.014976	1.757946	0.274547	-1.736375	1543473575.712801	0.657641	0.497674	1.424051
-1.413532	470793.996977	4399301.014976	1.749483	0.279990	-1.726933	1543473575.805144	0.657641	0.497674	1.424051
-1.466938	470794.024123	4399300.520759	1.736165	0.179750	-1.726835	1543473575.907277	0.351823	0.445383	1.408801
-1.549925	470793.917188	4399300.492361	1.699762	0.036287	-1.699375	1543473576.005693	0.669516	0.344554	1.411973
-1.537633	470793.970637	4399300.364788	1.742322	0.057430	-1.741375	1543473576.103507	0.845060	0.472171	1.410547
-1.487073	470794.064066	4399299.974641	1.629877	0.135334	-1.624248	1543473576.204430	0.272044	0.444273	1.391796
-1.582636	470794.002392	4399299.955827	1.548449	-0.016899	-1.548357	1543473576.299827	0.532530	0.427195	1.394650
-1.536395	470794.044670	4399299.657338	1.578296	0.053523	-1.577388	1543473576.403318	0.287100	0.353648	1.383423
-1.422083	470794.204505	4399299.499094	1.597004	0.234952	-1.579626	1543473576.499727	0.284875	0.493875	0.772419
-1.457786	470794.013791	4399299.535603	1.528472	0.173102	-1.518638	1543473576.601239	0.746060	0.480778	1.392645
-1.414921	470794.109714	4399299.356251	1.489655	0.230954	-1.471642	1543473576.714636	0.714732	0.487697	1.386320
-1.397450	470794.210828	4399299.143772	1.484114	0.255871	-1.461890	1543473576.806883	0.561211	0.481828	1.382273
-1.531089	470794.098278	4399298.872789	1.501785	0.061411	-1.500529	1543473576.902509	0.303292	0.352495	1.372663
-1.456672	470794.144268	4399298.709875	1.584238	0.179234	-1.574067	1543473577.002786	0.361037	0.429520	1.363304
-1.480844	470794.160107	4399298.520626	1.497535	0.134800	-1.491455	1543473577.105192	0.396216	0.430820	1.357909
-1.473306	470794.194384	4399298.481008	1.743084	0.169598	-1.734814	1543473577.222998	0.575985	0.488370	1.362796
-1.410965	470794.293950	4399298.161356	1.983255	0.314610	-1.958142	1543473577.304235	0.275187	0.456371	1.348187
-1.465277	470794.258557	4399298.064459	1.747304	0.184924	-1.737491	1543473577.402489	0.370874	0.478935	1.347618
-1.458048	470794.238105	4399297.777280	1.685371	0.189489	-1.674685	1543473577.507065	0.210840	0.465852	1.339936
-1.449582	470794.321908	4399297.519337	1.564268	0.188942	-1.552815	1543473577.701066	0.324979	0.595695	1.041899
-1.438116	470794.393168	4399297.538112	1.582202	0.209219	-1.568308	1543473577.805308	0.658602	0.422560	1.340786
-1.505145	470794.319617	4399297.265953	1.622583	0.107361	-1.619027	1543473577.906830	0.408118	0.372121	1.332597
-1.448248	470794.414426	4399297.031321	1.599297	0.194622	-1.587411	1543473578.018705	0.333151	0.463545	1.323538
-1.578360	470794.312921	4399296.898942	1.748514	-0.011434	-1.748477	1543473578.101902	0.400252	0.457751	1.312603
-1.531524	470794.389486	4399296.638205	1.724901	0.066890	-1.723603	1543473578.202647	0.470752	0.589459	1.309521
-1.539766	470794.400626	4399296.483327	1.751216	0.054283	-1.750374	1543473578.304767	0.355695	0.419866	1.304432
-1.507831	470794.356362	4399296.359513	1.631292	0.102138	-1.628091	1543473578.421273	0.329226	0.584463	1.303504
-1.511238	470794.364548	4399296.256771	1.649345	0.098261	-1.646415	1543473578.501077	0.451676	0.579348	1.306585
-1.489055	470794.448872	4399296.162561	1.498708	0.122094	-1.493726	1543473578.606703	0.614162	0.415316	1.610270
-1.459571	470794.539711	4399295.833657	1.495418	0.165718	-1.486207	1543473578.706404	0.299018	0.455742	1.605075
-1.530563	470794.492442	4399295.651252	1.679904	0.068650	-1.678500	1543473578.817777	0.493791	0.564367	1.613510
-1.519607	470794.440013	4399295.571338	1.751590	0.089442	-1.749305	1543473578.909800	0.427968	0.620780	1.601403
-1.504636	470794.473323	4399295.410629	1.751064	0.115405	-1.747257	1543473578.999869	0.432017	0.408454	1.593643
-1.490724	470794.505603	4399295.156950	1.501685	0.119932	-1.496889	1543473579.106704	0.458908	0.600365	1.598220
-1.569686	470794.488469	4399295.023318	1.499911	0.002780	-1.499909	1543473579.212222	0.394806	0.358623	1.595480
-1.527388	470794.543876	4399294.750671	1.457097	0.062581	-1.455752	1543473579.307712	0.353765	0.442140	1.573886
-1.621433	470794.475399	4399294.637608	1.741258	-0.086976	-1.739085	1543473579.404045	0.273432	0.446548	1.574027
-1.565913	470794.521420	4399294.412479	1.390026	0.005769	-1.390014	1543473579.512215	0.607533	0.451366	1.574682
-1.569103	470794.512476	4399294.195675	1.398940	0.002293	-1.398938	1543473579.613505	0.463741	0.544717	1.550275
-1.563034	470794.585357	4399294.317348	1.259504	0.009732	-1.259467	1543473579.713901	0.630373	0.373638	1.560122
-1.566675	470794.617061	4399294.067947	1.413522	0.005942	-1.413509	1543473579.801003	0.555507	0.540835	1.559631
-1.570812	470794.552516	4399293.744191	1.497144	0.000077	-1.497144	1543473579.912843	0.269254	0.539909	1.548530
-1.562613	470794.560165	4399293.640534	1.748615	0.014205	-1.748558	1543473580.020082	0.353551	0.556636	1.540633
-1.573126	470794.559792	4399293.391043	1.503848	-0.003380	-1.503845	1543473580.110720	0.850772	0.597760	1.545084
-1.552195	470794.600532	4399293.409365	1.500240	0.027558	-1.499987	1543473580.199169	0.676753	0.452006	1.540927
-1.574435	470794.568641	4399293.239401	1.500073	-0.005154	-1.500064	1543473580.318014	0.523530	0.551163	1.532982
-1.543859	470794.553110	4399293.006285	1.748356	0.046715	-1.747732	1543473580.405614	0.386117	0.351206	1.517488
-1.589865	470794.528208	4399292.828094	1.747557	-0.032511	-1.747254	1543473580.511888	0.368240	0.527619	1.523410
-1.603179	470794.485603	4399292.701324	1.501393	-0.048451	-1.500611	1543473580.603936	0.483967	0.525126	1.506845
-1.513603	470794.566765	4399292.533483	1.499303	0.084416	-1.496924	1543473580.711429	0.674691	0.535596	1.511614
-1.558915	470794.626352	4399292.418593	1.499107	0.018493	-1.498993	1543473580.807714	0.545539	0.537243	1.518538
-1.523020	470794.544105	4399292.104361	1.748201	0.083077	-1.746226	1543473580.910213	0.415653	0.573754	1.505815
-1.520607	470794.648595	4399291.956122	1.750683	0.087822	-1.748479	1543473581.001703	0.244190	0.534751	1.494069
-1.497208	470794.604158	4399291.737330	1.749283	0.128261	-1.744574	1543473581.110971	0.591890	0.499470	1.488462
-1.511709	470794.703788	4399291.627052	1.501881	0.089055	-1.499238	1543473581.209380	0.734151	0.534502	1.487800
-1.498097	470794.673466	4399291.561537	1.498427	0.108686	-1.494480	1543473581.316488	0.622996	0.455526	1.486310
-1.539870	470794.652010	4399291.351220	1.759963	0.054663	-1.759114	1543473581.401051	0.423239	0.439926	1.473697
-1.510991	470794.667152	4399291.118048	1.749728	0.104034	-1.746633	1543473581.509979	0.222975	0.527907	1.464568
-1.529980	470794.639439	4399291.021866	1.749362	0.071642	-1.747894	1543473581.604767	0.322576	0.446998	1.459979
-1.486903	470794.688654	4399290.905239	1.500043	0.125387	-1.494793	1543473581.711521	0.557940	0.524994	1.471815
-1.521106	470794.728335	4399290.727726	1.498585	0.074923	-1.496711	1543473581.809614	0.632883	0.554888	1.467511
-1.487236	470794.665121	4399290.459367	1.745487	0.145251	-1.739433	1543473581.915039	0.562742	0.556878	1.457801
-1.499516	470794.717712	4399290.256451	1.748603	0.124773	-1.744146	1543473582.021727	0.260211	0.627098	1.661223
-1.464418	470794.746860	4399290.110593	1.746913	0.184991	-1.737091	1543473582.118634	0.379689	0.517514	1.661360
-1.366901	470794.813645	4399289.954818	1.727451	0.348369	-1.691959	1543473582.203782	0.336146	0.562901	1.665841
-1.435149	470794.766102	4399289.829885	1.462015	0.198983	-1.448410	1543473582.312682	0.639472	0.504521	1.664752
-1.427394	470794.833030	4399289.655029	1.460105	0.208703	-1.445112	1543473582.421685	0.392206	0.427871	1.647589
-1.480254	470794.845249	4399289.454228	1.438774	0.130701	-1.432825	1543473582.511294	0.347311	0.475408	1.636115
-1.512242	470794.841153	4399289.235661	1.515460	0.088999	-1.512844	1543473582.603090	0.202882	0.506699	1.640869
-1.466405	470794.811495	4399289.090395	1.494225	0.154901	-1.486175	1543473582.705041	0.582190	0.507313	1.635887
-1.507874	470794.840778	4399289.023984	1.496332	0.094642	-1.493336	1543473582.818075	0.424087	0.472324	1.601448
-1.523115	470794.843302	4399288.723613	1.496411	0.071516	-1.494701	1543473582.899100	0.563829	0.490132	1.602354
-1.480765	470794.868163	4399288.539639	1.742509	0.156029	-1.735509	1543473583.001012	0.305615	0.532543	1.619198
-1.506720	470794.898538	4399288.407607	1.746204	0.112271	-1.742591	1543473583.109650	0.276904	0.495562	1.604535
-1.503092	470794.899246	4399288.130155	1.745504	0.118057	-1.741507	1543473583.221953	0.686935	0.530246	1.604866
-1.507838	470794.926780	4399288.081875	1.744807	0.109838	-1.741346	1543473583.305432	0.635314	0.571301	1.600771
-1.492965	470794.966542	4399287.990461	1.451740	0.112628	-1.447365	1543473583.402243	0.547435	0.490716	1.594363
-1.508891	470794.908677	4399287.806357	1.457651	0.090402	-1.454845	1543473583.503560	0.478586	0.491106	1.578053
-1.492338	470794.980260	4399287.536831	1.608354	0.125837	-1.603424	1543473583.620913	0.255248	0.522696	1.579005
-1.526868	470794.936400	4399287.476242	1.743484	0.077623	-1.741755	1543473583.707106	0.426969	0.482049	1.579339
-1.455134	470794.963243	4399287.180526	1.741516	0.198565	-1.730159	1543473583.804852	0.561717	0.516284	1.546341
-1.539661	470794.986852	4399287.015372	1.745859	0.057237	-1.744921	1543473583.912976	0.540008	0.504549	1.572366
-1.520994	470795.014387	4399286.862641	1.998251	0.098998	-1.995798	1543473584.021598	0.464802	0.545691	1.557464
-1.573392	470794.977619	4399286.640491	2.011000	-0.004558	-2.010995	1543473584.108975	0.218167	0.573091	1.542733
-1.517582	470795.036038	4399286.474486	1.709096	0.089526	-1.706749	1543473584.218158	0.535097	0.547332	1.540438
-1.426227	470795.057429	4399286.378016	1.672359	0.239528	-1.655117	1543473584.313727	0.690362	0.545993	1.541887
-1.484744	470795.024852	4399286.287224	1.575092	0.136938	-1.569128	1543473584.420116	0.809956	0.469247	1.541739
-1.476253	470795.068633	4399286.090365	1.634055	0.154275	-1.626756	1543473584.512613	0.499149	0.539058	1.521378
-1.466326	470795.062713	4399285.871413	1.987203	0.207461	-1.976344	1543473584.608327	0.371724	0.487656	1.509893
-1.505536	470795.035353	4399285.644035	1.745812	0.114572	-1.742049	1543473584.714998	0.492950	0.535160	1.511492
-1.554908	470795.039244	4399285.500828	1.494906	0.024782	-1.494701	1543473584.828907	0.728874	0.496149	1.514062
-1.490872	470795.088180	4399285.349892	1.491201	0.117641	-1.486553	1543473584.914343	0.679088	0.462718	1.505057
-1.512812	470795.105369	4399285.163744	1.631830	0.094358	-1.629099	1543473585.002017	0.548612	0.583505	1.498627
-1.536893	470795.087625	4399284.918783	1.990442	0.067837	-1.989285	1543473585.112563	0.215970	0.521029	1.482764
-1.460496	470795.169351	4399284.738697	1.640231	0.179599	-1.630368	1543473585.219312	0.347921	0.523383	1.475984
-1.478437	470795.144877	4399284.622230	1.588236	0.147191	-1.581401	1543473585.315380	0.616682	0.578882	1.477937
-1.491983	470795.118556	4399284.504930	1.612318	0.127321	-1.607283	1543473585.399349	0.731992	0.519738	1.460808
-1.503832	470795.144050	4399284.313357	1.682652	0.112724	-1.678872	1543473585.513633	0.572861	0.413762	1.461548
-1.496175	470795.143817	4399284.136972	1.688779	0.125709	-1.684094	1543473585.608185	0.502080	0.512366	1.447658
-1.527903	470795.159979	4399283.885199	1.706420	0.073146	-1.704851	1543473585.709732	0.460082	0.512099	1.446582
-1.552965	470795.142985	4399283.781674	1.512973	0.026750	-1.512737	1543473585.799809	0.564281	0.562758	1.690545
-1.526491	470795.187396	4399283.593231	1.745790	0.076397	-1.744118	1543473585.913273	0.590206	0.499567	1.698709
-1.511017	470795.201035	4399283.378715	1.769451	0.105449	-1.766306	1543473586.008943	0.530006	0.500408	1.698840
-1.531857	470795.188145	4399283.137586	1.746500	0.068684	-1.745149	1543473586.110813	0.365707	0.553300	1.692442
-1.521689	470795.196414	4399282.983177	1.747374	0.086122	-1.745250	1543473586.204370	0.372492	0.560607	1.693586
-1.489223	470795.207726	4399282.880280	1.672753	0.136284	-1.667192	1543473586.312349	0.497863	0.559999	1.686155
-1.483576	470795.252398	4399282.711128	1.743969	0.151979	-1.737335	1543473586.426645	0.610828	0.494200	1.676304
-1.533399	470795.257742	4399282.531179	1.820860	0.068922	-1.819555	1543473586.513151	0.531281	0.500592	1.642863
-1.523059	470795.226200	4399282.387706	1.786534	0.085013	-1.784510	1543473586.611466	0.532302	0.526289	1.650474
-1.533292	470795.220868	4399282.120713	1.814773	0.068132	-1.813494	1543473586.713554	0.459294	0.495690	1.645292
-1.542343	470795.254351	4399281.834368	1.861609	0.053111	-1.860851	1543473586.828185	0.784818	0.508555	1.653157
-1.531395	470795.223016	4399281.734030	1.859561	0.073035	-1.858126	1543473586.911312	0.887966	0.539285	1.643262
-1.522147	470795.280107	4399281.573635	1.821580	0.088387	-1.819434	1543473587.003232	0.476689	0.512721	1.637342
-1.485328	470795.304577	4399281.462862	1.880834	0.160004	-1.874016	1543473587.117383	0.325325	0.540616	1.623267
-1.479372	470795.321783	4399281.253823	1.886251	0.172219	-1.878373	1543473587.207922	0.366261	0.538567	1.606238
-1.500883	470795.334357	4399281.067520	1.880984	0.131891	-1.876354	1543473587.315855	0.569551	0.536198	1.605076
-1.495924	470795.343875	4399280.942492	1.980112	0.148046	-1.974570	1543473587.404616	0.761447	0.533936	1.603632
-1.456829	470795.376533	4399280.882178	1.956792	0.221817	-1.944179	1543473587.515185	0.707271	0.585432	1.598797
-1.498691	470795.360334	4399280.650439	1.998433	0.144807	-1.993180	1543473587.613415	0.396565	0.529636	1.584353
-1.514398	470795.380667	4399280.437788	1.998669	0.112954	-1.995475	1543473587.714660	0.504537	0.528308	1.570943
-1.467654	470795.432697	4399280.205801	1.919188	0.196659	-1.909085	1543473587.801422	0.536404	0.580480	1.570058
-1.497397	470795.377943	4399280.079256	1.750222	0.128860	-1.745472	1543473587.915911	0.756806	0.574208	1.574571
-1.489527	470795.441861	4399279.981794	1.748141	0.141795	-1.742381	1543473588.005434	0.642807	0.572578	1.563797
-1.476929	470795.452673	4399279.813365	1.747370	0.163550	-1.739699	1543473588.114883	0.505367	0.570901	1.557565
-1.461711	470795.477256	4399279.524570	1.746499	0.189989	-1.736134	1543473588.200862	0.312582	0.567911	1.724442
-1.471249	470795.490227	4399279.364489	1.829137	0.182012	-1.820059	1543473588.312679	0.531509	0.567205	1.729280
-1.404118	470795.549048	4399279.303245	1.936866	0.320308	-1.910197	1543473588.408549	0.816382	0.548453	1.725812
-1.430944	470795.558243	4399279.150186	1.903800	0.265994	-1.885126	1543473588.512126	0.740726	0.554646	1.731545
-1.462070	470795.537516	4399279.025560	1.896293	0.206399	-1.885027	1543473588.603351	0.586147	0.497922	1.704057
-1.484574	470795.525965	4399278.768291	1.503536	0.129817	-1.497921	1543473588.717770	0.545854	0.552165	1.692257
-1.497562	470795.542994	4399278.532954	1.500324	0.109504	-1.496323	1543473588.809316	0.388217	0.560216	1.711249
-1.497627	470795.553330	4399278.395929	1.500291	0.109016	-1.496325	1543473588.918369	0.603482	0.557041	1.702604
-1.476961	470795.563645	4399278.249324	1.838451	0.171267	-1.830456	1543473589.002053	0.566198	0.545644	1.500238
-1.453836	470795.634733	4399278.044662	1.503449	0.174630	-1.493273	1543473589.118162	0.418171	0.545646	1.652308
-1.479163	470795.640599	4399277.830829	1.857532	0.170291	-1.849710	1543473589.222596	0.332214	0.629512	1.657636
-1.460357	470795.662152	4399277.675969	1.501762	0.165212	-1.492647	1543473589.312081	0.448713	0.651215	1.658106
-1.440063	470795.700312	4399277.588012	1.496080	0.194773	-1.483348	1543473589.404283	0.588843	0.593338	1.654565
-1.461881	470795.702258	4399277.438783	1.498153	0.163577	-1.489196	1543473589.517210	0.758897	0.495514	1.654721
-1.473549	470795.722533	4399277.278160	1.798466	0.174848	-1.789946	1543473589.629727	0.524356	0.476612	1.620129
-1.477058	470795.688571	4399277.164059	1.797156	0.168202	-1.789267	1543473589.715564	0.658028	0.512345	1.634731
-1.496672	470795.723497	4399276.862974	1.815496	0.134702	-1.810492	1543473589.814350	0.427198	0.520480	1.615420
-1.490071	470795.722011	4399276.720207	1.501633	0.120943	-1.496754	1543473589.915302	0.538624	0.541370	1.615486
-1.505161	470795.738316	4399276.600710	1.746629	0.114725	-1.742857	1543473590.027625	0.904854	0.624892	1.431010
-1.483603	470795.759710	4399276.508939	1.875409	0.162950	-1.868316	1543473590.115166	0.734817	0.589587	1.611380
-1.496286	470795.767880	4399276.339190	1.820820	0.135745	-1.815753	1543473590.213676	0.667667	0.568596	1.606016
-1.482400	470795.816325	4399276.059275	1.806836	0.159280	-1.799802	1543473590.313021	0.454892	0.618680	1.582432
-1.460499	470795.811297	4399275.893331	1.496912	0.164430	-1.487853	1543473590.429055	0.536525	0.574442	1.574245
-1.456463	470795.877936	4399275.735737	1.493888	0.170442	-1.484133	1543473590.514860	0.788454	0.562988	1.564343
-1.450595	470795.851767	4399275.660418	1.493215	0.179079	-1.482437	1543473590.610373	0.757010	0.586294	1.560479
-1.540610	470795.843634	4399275.507165	1.743383	0.053867	-1.742550	1543473590.710860	0.664356	0.574321	1.749462
-1.539443	470795.839274	4399275.197753	1.722546	0.053799	-1.721705	1543473590.826590	0.455826	0.518786	1.751662
-1.504856	470795.860953	4399275.023741	1.497883	0.097934	-1.494678	1543473590.913212	0.449737	0.598158	1.731238
-1.520368	470795.858792	4399274.886170	1.495726	0.075573	-1.493816	1543473591.011748	0.650976	0.593719	1.560604
-1.523011	470795.864392	4399274.742456	1.745412	0.083441	-1.743416	1543473591.111909	0.729344	0.575686	1.538394
-1.516736	470795.877771	4399274.629029	1.746952	0.094302	-1.744404	1543473591.228043	0.650623	0.585844	1.685214
-1.520236	470795.919572	4399274.372004	1.747118	0.088380	-1.744881	1543473591.312063	0.570184	0.556924	1.702527
-1.500026	470795.947511	4399274.142500	1.744947	0.123083	-1.740600	1543473591.418302	0.515971	0.584231	1.684982
-1.477344	470795.963103	4399273.987088	1.684142	0.156857	-1.676821	1543473591.513268	0.725038	0.540684	1.510528
-1.513515	470795.948820	4399273.892267	1.693806	0.097621	-1.690990	1543473591.624534	0.734344	0.530327	1.509901
-1.542131	470795.947036	4399273.809427	1.993953	0.057611	-1.993121	1543473591.711348	0.778679	0.553278	1.673940
-1.541964	470795.936954	4399273.542783	1.997889	0.057469	-1.997062	1543473591.812145	0.588655	0.580964	1.654761
-1.559453	470795.966189	4399273.340580	1.501150	0.017215	-1.501051	1543473591.913276	0.534090	0.585778	1.645600
-1.544880	470795.926120	4399273.142150	1.496051	0.038457	-1.495557	1543473592.026579	0.569323	0.549019	1.588382
-1.535200	470795.961234	4399272.949499	1.743394	0.061924	-1.742294	1543473592.114758	0.540608	0.594890	1.595901
-1.553232	470795.971596	4399272.896557	1.761777	0.031293	-1.761499	1543473592.212042	0.921756	0.602276	1.764504
-1.487566	470796.004516	4399272.717326	1.781323	0.147058	-1.775243	1543473592.312460	0.632992	0.546818	1.765313
-1.522776	470795.989041	4399272.402435	1.746500	0.084535	-1.744453	1543473592.418889	0.459480	0.568120	1.764247
-1.520719	470795.991826	4399272.297540	1.718039	0.086044	-1.715883	1543473592.517315	0.535223	0.576166	1.604074
-1.540328	470796.001931	4399272.195723	1.738652	0.053207	-1.737837	1543473592.609906	0.778643	0.533238	1.590885
-1.551784	470795.972949	4399272.106646	1.831313	0.034917	-1.830980	1543473592.710646	0.806725	0.526787	1.697397
-1.568312	470795.943826	4399271.964929	1.744962	0.004522	-1.744956	1543473592.827230	0.700046	0.503562	1.702973
-1.568384	470795.941307	4399271.620327	1.685580	0.004035	-1.685575	1543473592.911287	0.606486	0.529516	1.728773
-1.536455	470795.958979	4399271.520429	1.507441	0.050782	-1.506585	1543473593.010908	0.513759	0.617996	1.701778
-1.567720	470795.952339	4399271.226577	1.513624	0.004590	-1.513617	1543473593.114869	0.659604	0.561501	1.543759
-1.550487	470796.005579	4399271.219640	1.801723	0.035981	-1.801364	1543473593.226244	0.826942	0.562375	1.501490
-1.564891	470795.995987	4399271.086948	1.815230	0.010940	-1.815197	1543473593.313341	0.716848	0.606491	1.690903
-1.579843	470795.979165	4399270.807301	1.868016	-0.016630	-1.867942	1543473593.408700	0.568423	0.573564	1.663627
-1.543939	470796.024758	4399270.690990	1.838775	0.048714	-1.838130	1543473593.512733	0.455453	0.581369	1.765333
-1.553869	470795.983264	4399270.553626	1.774350	0.030235	-1.774092	1543473593.628440	0.748888	0.515375	1.617954
-1.574755	470795.964442	4399270.210284	1.757468	-0.006560	-1.757455	1543473593.715921	0.753874	0.571832	1.620758
-1.566711	470795.978118	4399270.481929	1.592056	0.006355	-1.592043	1543473593.810265	1.136249	0.566487	1.770004
-1.584071	470795.977626	4399269.978138	1.614256	-0.021232	-1.614116	1543473593.916992	0.542101	0.581988	1.762981
-1.564193	470795.962490	4399269.701613	1.513004	0.009625	-1.512974	1543473594.029762	0.645263	0.564387	1.739038
-1.535995	470795.975134	4399269.495370	1.507207	0.052057	-1.506307	1543473594.108070	0.984600	0.580272	1.591716
-1.557640	470795.993436	4399269.291242	1.510068	0.020221	-1.509933	1543473594.219795	0.909112	0.557082	1.596488
-1.539817	470796.021966	4399269.256373	1.753959	0.054159	-1.753122	1543473594.315583	0.657343	0.607608	1.711784
-1.529746	470796.036410	4399269.081824	1.754478	0.071864	-1.753005	1543473594.426468	0.428216	0.607340	1.690818
-1.542413	470796.008483	4399268.905625	1.757161	0.050116	-1.756446	1543473594.511484	0.510192	0.568709	1.776544
-1.534512	470796.040914	4399268.724363	1.725900	0.062909	-1.724753	1543473594.612702	0.834231	0.563509	1.641892
-1.532805	470796.043812	4399268.650814	1.731576	0.066270	-1.730307	1543473594.709590	0.842048	0.502380	1.642890
-1.522058	470796.037854	4399268.558591	1.727882	0.084113	-1.725834	1543473594.826788	0.675787	0.533204	1.786605
-1.573721	470796.018198	4399268.345535	1.727202	-0.004219	-1.727197	1543473594.912502	0.593514	0.518027	1.786000
-1.550678	470796.050073	4399268.000931	1.764263	0.034526	-1.763925	1543473595.011467	0.524779	0.562136	1.755902
-1.544371	470796.024149	4399267.848282	1.511468	0.039676	-1.510947	1543473595.113107	0.771125	0.560112	1.618220
-1.531045	470796.068545	4399267.767555	1.507723	0.059278	-1.506558	1543473595.228540	0.834078	0.574840	1.604128
-1.539021	470796.067705	4399267.520472	1.736675	0.055566	-1.735786	1543473595.314936	0.486617	0.605766	1.599394
-1.517106	470796.097592	4399267.439497	1.748767	0.094001	-1.746239	1543473595.408768	0.486962	0.644180	1.701259
-1.543571	470796.095128	4399267.303802	1.747663	0.048575	-1.746987	1543473595.527703	0.812079	0.586091	1.696587
-1.508920	470796.126906	4399267.025515	1.745919	0.107486	-1.742608	1543473595.624692	0.842421	0.565607	1.659582
-1.562272	470796.089517	4399266.926896	1.747997	0.015785	-1.747926	1543473595.721001	0.846260	0.554424	1.666421
-1.565167	470796.075200	4399266.778202	1.747765	0.009841	-1.747738	1543473595.812350	0.598019	0.560000	1.665912
-1.579419	470796.081475	4399266.539793	1.746124	-0.014934	-1.746060	1543473595.924026	0.402986	0.548936	1.799912
-1.569037	470796.074642	4399266.318841	1.759555	0.002874	-1.759552	1543473596.027029	0.527080	0.583590	1.782225
-1.559443	470796.082920	4399266.106367	1.519113	0.016738	-1.519021	1543473596.121280	0.841588	0.547116	1.644166
-1.546214	470796.112907	4399265.995349	1.513819	0.036552	-1.513377	1543473596.210804	0.938895	0.584502	1.650057
-1.535616	470796.120803	4399265.844091	1.725973	0.060064	-1.724927	1543473596.319843	0.706825	0.566337	1.580701
-1.536034	470796.118157	4399265.658005	1.761277	0.061242	-1.760212	1543473596.416704	0.370869	0.565237	1.716183
-1.513877	470796.137899	4399265.451269	1.756540	0.099630	-1.753712	1543473596.521090	0.498630	0.560604	1.584692
-1.506018	470796.160180	4399265.194633	1.798129	0.116350	-1.794361	1543473596.625411	0.928484	0.558766	1.677406
-1.476711	470796.207416	4399265.152146	1.854014	0.174226	-1.845810	1543473596.719050	0.833957	0.556880	1.684335
-1.506569	470796.160170	4399265.096040	1.998997	0.129404	-1.994804	1543473596.826990	0.861366	0.520786	1.687409
-1.509513	470796.168462	4399264.731338	2.000618	0.123070	-1.996829	1543473596.925067	0.327733	0.571359	1.810157
-1.517956	470796.216280	4399264.516696	1.766662	0.093464	-1.764188	1543473597.011121	0.508675	0.571341	1.682344
-1.475725	470796.230708	4399264.358481	1.501477	0.141805	-1.494766	1543473597.125273	0.781156	0.570039	1.690034
-1.460581	470796.241583	4399264.257846	1.496719	0.164524	-1.487649	1543473597.225811	0.763032	0.623311	1.616973
-1.454485	470796.290850	4399264.039248	1.497059	0.173757	-1.486941	1543473597.323355	0.688218	0.575750	1.605981
-1.467342	470796.307544	4399263.829820	1.746035	0.180528	-1.736678	1543473597.409710	0.410194	0.558219	1.688959
-1.427951	470796.356427	4399263.653189	1.744006	0.247648	-1.726334	1543473597.522440	0.476757	0.551795	1.695168
-1.435598	470796.375871	4399263.520327	1.744833	0.235364	-1.728886	1543473597.625919	0.551897	0.553168	1.695629
-1.454657	470796.357299	4399263.460231	1.682706	0.195352	-1.671328	1543473597.724136	0.913050	0.515982	1.702330
-1.516313	470796.360360	4399263.382701	1.994883	0.204975	-1.984324	1543473597.812929	1.002709	0.591670	1.700914
-1.549791	470796.349465	4399263.225778	1.583082	0.125322	-1.578113	1543473597.921082	0.921331	0.531433	1.702749
-1.539741	470796.380015	4399262.823546	1.721929	0.142858	-1.715993	1543473598.027160	0.554414	0.564712	1.714627
-1.575265	470796.404202	4399262.639263	1.729086	0.099840	-1.726201	1543473598.118047	0.683384	0.542620	1.722564
-1.524184	470796.431704	4399262.537483	1.502136	0.091382	-1.499354	1543473598.210527	0.959627	0.566711	1.724480
-1.559410	470796.453297	4399262.443333	1.747368	0.149570	-1.740955	1543473598.319940	0.971333	0.556759	1.724134
-1.426009	470796.431626	4399262.333251	1.670159	0.112744	-1.666349	1543473598.428690	0.903454	0.590721	1.726186
-1.541728	470796.493277	4399262.010599	1.748804	0.179309	-1.739587	1543473598.521628	0.701758	0.640135	1.704484
-1.555888	470796.509713	4399261.858166	1.751407	0.121312	-1.747200	1543473598.610043	0.647573	0.577439	1.727401
-1.543479	470796.505305	4399261.672456	1.756869	0.098790	-1.754090	1543473598.719425	0.901331	0.498774	1.734398
-1.560794	470796.519336	4399261.577790	1.997996	0.041443	-1.997566	1543473598.826849	0.904055	0.555037	1.740984
-1.469469	470796.485313	4399261.636793	2.001720	0.078164	-2.000193	1543473598.920557	1.243457	0.558940	1.739725
-1.454714	470796.503952	4399261.131574	1.753703	0.047212	-1.753068	1543473599.008677	0.625891	0.555929	1.737042
-1.501914	470796.519934	4399260.838757	1.750032	0.026934	-1.749825	1543473599.121965	0.756222	0.576028	1.752033
-1.481711	470796.552827	4399260.762825	1.751447	0.086215	-1.749323	1543473599.226441	0.883347	0.577002	1.752081
-1.582346	470796.558346	4399260.619046	1.847159	0.066272	-1.845970	1543473599.322116	0.871395	0.558376	1.754259
-1.517020	470796.550560	4399260.527455	1.753274	0.077926	-1.751542	1543473599.410002	0.897735	0.573894	1.756768
-1.471089	470796.550550	4399260.253059	1.999666	0.096656	-1.997329	1543473599.524111	0.635879	0.546554	1.745692
-1.467039	470796.552285	4399260.172488	1.624551	0.102419	-1.621320	1543473599.627203	0.829238	0.596002	1.763184
-1.455158	470796.594898	4399259.899994	1.644255	0.090159	-1.641782	1543473599.724790	0.787017	0.542067	1.632666
-1.464230	470796.586029	4399259.779513	1.682479	0.047758	-1.681801	1543473599.810345	0.846069	0.550499	1.637317
-1.567712	470796.575775	4399259.643720	1.997556	0.041490	-1.997125	1543473599.919861	0.804391	0.583414	1.770293
-1.628624	470796.603745	4399259.433229	1.754416	0.056072	-1.753520	1543473600.026979	0.735578	0.557033	1.774291
-1.606931	470796.608522	4399259.062444	1.749358	0.021853	-1.749221	1543473600.124557	0.757367	0.562910	1.772669
-1.536074	470796.610037	4399258.939346	1.502308	0.029835	-1.502012	1543473600.212267	0.923845	0.583072	1.653581
-1.498161	470796.638827	4399258.891167	1.748893	0.069257	-1.747521	1543473600.323836	0.747293	0.595050	1.655028
-1.438856	470796.649045	4399258.613025	1.999892	0.129616	-1.995687	1543473600.428704	0.690987	0.580811	1.784714
-1.302260	470796.652288	4399258.444080	2.002067	0.103704	-1.999380	1543473600.522791	0.389614	0.594304	1.788388
-1.499577	470796.660727	4399258.278498	2.001772	0.114426	-1.998499	1543473600.612340	0.518672	0.566206	1.788060
-1.552939	470796.679192	4399258.169169	1.667570	0.078876	-1.665703	1543473600.719430	0.702058	0.557562	1.674630
-1.608250	470796.687566	4399258.031528	1.616838	0.040699	-1.616326	1543473600.828520	0.826778	0.544771	1.675449
-1.575947	470796.650219	4399257.841728	1.560205	-0.017665	-1.560105	1543473600.919407	0.655041	0.559406	1.678778
-1.489043	470796.660968	4399257.605647	1.652711	-0.033816	-1.652365	1543473601.012059	0.444185	0.576082	1.800511
-1.489785	470796.687635	4399257.405839	1.502087	0.045302	-1.501403	1543473601.121813	0.719257	0.599710	1.799672
-1.552066	470796.673857	4399257.207138	1.501611	0.047566	-1.500858	1543473601.219531	0.990979	0.572775	1.697302
-1.576900	470796.712362	4399256.955712	1.500930	0.028756	-1.500654	1543473601.321197	0.915669	0.568093	1.693427
-1.550372	470796.744544	4399257.004582	1.748813	0.040731	-1.748339	1543473601.409786	1.109344	0.564295	1.697828
-1.555219	470796.740127	4399256.901972	1.999076	0.064550	-1.998034	1543473601.518603	0.843776	0.582528	1.805383
-1.253814	470796.740984	4399256.624581	1.755158	0.095894	-1.752536	1543473601.626721	0.584093	0.561339	1.756513
-1.474779	470796.772444	4399256.373851	1.750532	0.084447	-1.748494	1543473601.723619	0.880905	0.559708	1.701918
-1.482501	470796.766580	4399256.341584	1.745114	0.114077	-1.741381	1543473601.810963	0.822811	0.538756	1.708553
-1.546514	470796.767870	4399256.266273	1.728921	0.092876	-1.726424	1543473601.923888	0.929884	0.547073	1.712158
-1.577027	470796.780189	4399256.101812	1.751710	0.074322	-1.750133	1543473602.032476	0.868097	0.544697	1.716725
-1.580469	470796.799335	4399255.906224	1.750529	0.054293	-1.749687	1543473602.119749	0.959314	0.575820	1.724328
-1.565628	470796.798023	4399255.690473	1.713919	0.071099	-1.712444	1543473602.221124	1.156114	0.561777	1.731972
-1.587136	470796.835941	4399255.355642	1.701280	0.110790	-1.697669	1543473602.320226	1.092468	0.535270	1.734477
-1.480847	470796.841954	4399255.222801	1.727591	0.125328	-1.723039	1543473602.434051	0.855424	0.584249	1.732299
-1.494890	470796.847954	4399255.064460	1.726210	0.131565	-1.721189	1543473602.524454	0.591395	0.571064	1.733893
-1.521481	470796.876953	4399254.821979	1.998786	0.164339	-1.992018	1543473602.624929	0.397439	0.576080	1.714384
-1.594691	470796.900339	4399254.795056	1.754505	0.158511	-1.747330	1543473602.720433	0.980449	0.590265	1.752671
-1.591766	470796.896250	4399254.597102	1.704600	0.186966	-1.694315	1543473602.832115	0.739156	0.591502	1.753053
-1.573929	470796.900926	4399254.455520	1.750817	0.113898	-1.747108	1543473602.926817	0.867654	0.557287	1.703556
-1.479948	470796.905582	4399254.307493	1.751418	0.127052	-1.746803	1543473603.025343	0.783792	0.567205	1.709298
-1.507407	470796.921730	4399254.045808	1.797110	0.107191	-1.793911	1543473603.123962	0.712464	0.556167	1.773724
-1.439416	470796.963244	4399253.717737	1.806093	0.139021	-1.800734	1543473603.232434	0.836206	0.586673	1.779708
-1.570018	470796.978082	4399253.654454	1.787926	0.171213	-1.779710	1543473603.321125	0.811807	0.582936	1.780071
-1.586968	470797.014047	4399253.353499	1.790587	0.175077	-1.782007	1543473603.417405	1.024261	0.567991	1.729312
-1.546546	470797.024143	4399253.323679	1.742605	0.213613	-1.729463	1543473603.527266	0.729750	0.572281	1.728150
-1.255265	470797.008426	4399253.166146	1.741600	0.167205	-1.733555	1543473603.631882	0.600929	0.606822	1.794792
-1.348984	470797.057242	4399252.951089	1.708062	0.227211	-1.692882	1543473603.722474	0.568392	0.563640	1.802271
-1.460739	470797.062190	4399252.815173	1.690567	0.213082	-1.677084	1543473603.819110	0.746380	0.548571	1.802781
-1.502774	470797.049804	4399252.755171	1.729543	0.134078	-1.724339	1543473603.920715	1.015796	0.540230	1.755011
-1.589320	470797.061643	4399252.463018	2.000308	0.097056	-1.997952	1543473604.033105	0.626215	0.559205	1.754509
-1.700667	470797.052709	4399252.236106	2.002617	0.090855	-2.000555	1543473604.120836	0.449327	0.631140	1.757494
-1.573782	470797.087538	4399252.025041	1.755500	0.098588	-1.752730	1543473604.219546	0.655348	0.595089	1.815733
-1.511989	470797.101774	4399251.819121	1.504947	0.086007	-1.502487	1543473604.324148	1.006704	0.570101	1.778708
-1.559609	470797.126025	4399251.766231	1.751387	0.131050	-1.746477	1543473604.439327	1.012605	0.547414	1.748085
-1.434348	470797.126535	4399251.580870	1.809701	0.130704	-1.804975	1543473604.519733	0.729651	0.615838	1.754871
-1.322074	470797.114913	4399251.425862	1.753820	0.126410	-1.749258	1543473604.620460	0.572085	0.608644	1.757205
-1.592448	470797.146785	4399251.221979	1.752002	0.132746	-1.746966	1543473604.719951	0.580613	0.591453	1.806223
-1.795670	470797.155461	4399251.029872	1.723389	0.096360	-1.720693	1543473604.832478	0.731547	0.575932	1.797250
-1.585845	470797.167102	4399250.944589	1.731669	0.113107	-1.727971	1543473604.924048	1.013711	0.567649	1.723703
-1.377682	470797.157218	4399250.775452	1.750966	0.066281	-1.749711	1543473605.021754	0.729639	0.574577	1.763428
-1.594725	470797.156623	4399250.499402	1.785327	0.024403	-1.785160	1543473605.122270	0.455927	0.548580	1.775560
-1.532463	470797.162130	4399250.357234	1.756717	0.044756	-1.756147	1543473605.235676	0.856980	0.578015	1.820364
-1.569508	470797.188142	4399250.106985	1.502238	0.014412	-1.502169	1543473605.322889	0.951917	0.584185	1.758851
-1.611484	470797.213725	4399249.991837	1.502649	0.088663	-1.500031	1543473605.420967	1.142259	0.569712	1.727025
-1.672274	470797.221206	4399249.821341	1.749698	0.087919	-1.747488	1543473605.518970	0.671153	0.587181	1.768060
-1.600882	470797.228927	4399249.770112	1.843696	0.043721	-1.843177	1543473605.637020	0.892184	0.570962	1.776054
-1.345235	470797.229312	4399249.493769	1.818876	0.077661	-1.817217	1543473605.722238	0.481431	0.589268	1.809338
-1.473792	470797.237357	4399249.296022	1.752658	0.084499	-1.750620	1543473605.820354	0.641154	0.563493	1.785272
-1.563274	470797.222279	4399249.166555	1.751026	0.054227	-1.750186	1543473605.918585	0.804181	0.578362	1.729773
-1.594400	470797.205117	4399249.162909	1.706484	0.022946	-1.706329	1543473606.036791	1.036486	0.572105	1.737021
-1.574146	470797.182421	4399248.987469	1.720769	0.021131	-1.720639	1543473606.119304	0.842487	0.572867	1.776013
-1.516036	470797.175959	4399248.730920	1.734650	-0.046476	-1.734027	1543473606.220582	0.699161	0.574744	1.809964
-1.458092	470797.171412	4399248.503113	1.706413	-0.084371	-1.704326	1543473606.319888	0.726644	0.623601	1.792300
-1.497880	470797.142614	4399248.381331	1.684231	-0.111901	-1.680510	1543473606.432791	1.035861	0.595072	1.740420
-1.603844	470797.162558	4399248.174634	1.712408	-0.095245	-1.709758	1543473606.525927	1.023228	0.575090	1.722687
-1.309232	470797.116889	4399248.017892	1.727743	-0.155049	-1.720772	1543473606.630877	0.632387	0.656959	1.759005
-1.667933	470797.042859	4399247.838224	1.632311	-0.159982	-1.624452	1543473606.720854	0.458088	0.759300	1.787683
-1.531029	470797.076419	4399247.691661	1.613768	-0.129822	-1.608537	1543473606.837903	0.527726	0.636499	1.636167
-1.411489	470797.095014	4399247.666714	1.515234	-0.104081	-1.511655	1543473606.923219	0.603748	0.518576	1.546992
-1.514683	470797.069911	4399247.475059	1.511989	-0.095960	-1.508941	1543473607.028199	0.557505	0.544657	1.216425
-1.938795	470796.956720	4399247.292554	1.560478	-0.173265	-1.550830	1543473607.129056	0.722593	0.427349	1.173702
-1.557042	470796.778994	4399247.002014	1.593092	-0.262851	-1.571258	1543473607.230827	0.261713	0.245116	1.263145
-1.838218	470796.695582	4399246.782878	1.600915	-0.310239	-1.570567	1543473607.324969	0.362734	0.429747	1.192934
-1.144387	470796.686667	4399246.632767	1.573188	-0.207613	-1.559429	1543473607.421708	0.556685	0.426361	1.245625
-1.613658	470796.735410	4399246.460471	1.567745	-0.167703	-1.558749	1543473607.523040	0.785549	0.411127	1.347158
-1.239365	470796.688322	4399246.311792	1.702640	-0.147672	-1.696224	1543473607.636389	0.491004	0.498748	1.339816
-1.492253	470796.701149	4399246.196220	1.635469	-0.148014	-1.628758	1543473607.723006	0.430601	0.490688	1.240847
-1.932304	470796.717587	4399246.136704	1.551786	-0.129250	-1.546394	1543473607.825696	0.472307	0.574208	1.171886
-1.607440	470796.717543	4399245.986915	1.540830	-0.106300	-1.537159	1543473607.925022	0.456563	0.494690	1.216643
-1.545832	470796.724890	4399245.783055	1.567839	-0.113496	-1.563725	1543473608.033713	0.576868	0.486314	1.130288
-1.408280	470796.678850	4399245.595112	1.638616	-0.211665	-1.624888	1543473608.121017	0.478548	0.483664	0.946645
-1.529024	470796.669457	4399245.483526	1.601373	-0.240368	-1.583230	1543473608.224020	0.577644	0.545812	0.939153
-1.822101	470796.612088	4399245.386376	1.581065	-0.269453	-1.557935	1543473608.330011	0.520837	0.601817	1.016001
2.524184	470796.174421	4399245.372944	1.575682	-0.277240	-1.551100	1543473608.437711	1.445133	0.708260	1.575571
-2.007854	470796.383784	4399244.881359	1.594683	-0.272211	-1.571278	1543473608.523658	0.717914	1.040658	1.136093
-1.405190	470796.477654	4399244.604125	1.621649	-0.222672	-1.606289	1543473608.625192	0.710157	1.045293	1.061725
-1.366221	470796.559677	4399244.507823	1.611130	-0.240833	-1.593028	1543473608.728485	0.538964	0.681446	0.961660
-1.319622	470796.551111	4399244.470812	1.557001	-0.259048	-1.535300	1543473608.834661	0.222111	0.628659	0.937983
-1.356573	470796.615212	4399244.359468	1.543313	-0.213089	-1.528531	1543473608.921364	0.241757	0.499705	0.807088
-1.417044	470796.603002	4399244.214293	1.484573	-0.158211	-1.476119	1543473609.021268	0.215775	0.469519	0.799122
-1.259089	470796.600674	4399244.062594	1.436659	-0.108579	-1.432551	1543473609.123517	0.189058	0.439150	0.770447
-1.375301	470796.278662	4399243.965443	1.416025	-0.242544	-1.395098	1543473609.223815	0.431024	0.937083	0.778283
-1.299440	470796.549109	4399243.791066	1.374441	-0.147439	-1.366510	1543473609.323680	0.233310	0.439527	0.684435
-1.418688	470796.457138	4399243.662649	1.342710	-0.075672	-1.340576	1543473609.420208	0.230448	0.547218	0.880548
-1.506452	470796.150121	4399243.434864	1.329130	-0.059114	-1.327815	1543473609.521321	0.440942	1.010898	0.888044
-1.490031	470796.203788	4399243.193889	1.315210	-0.015987	-1.315113	1543473609.638575	0.659021	0.902492	0.903334
-1.871953	470796.290665	4399243.005362	1.320109	-0.094644	-1.316712	1543473609.728218	0.950345	0.385118	1.085422
-1.706630	470796.407211	4399242.994455	1.197418	-0.087616	-1.194209	1543473609.821580	0.513023	0.306998	0.908871
-1.472909	470796.248217	4399242.879161	1.116270	-0.081979	-1.113256	1543473609.927330	0.452114	0.842854	0.799659
-1.258522	470796.527386	4399242.887908	1.108346	-0.036176	-1.107756	1543473610.036350	0.292048	0.282716	0.794121
-1.331868	470796.627843	4399242.802666	1.116499	-0.023465	-1.116252	1543473610.124687	0.323606	0.577648	0.859455
-1.458370	470796.460427	4399242.611261	1.200189	-0.026658	-1.199893	1543473610.222977	0.307895	0.515697	0.955374
-0.855978	470796.619180	4399242.531779	1.113549	0.094620	-1.109521	1543473610.324718	0.289631	0.359596	0.861428
2.677485	470796.622612	4399242.458721	1.026672	-0.011306	-1.026609	1543473610.433507	0.248760	0.445106	0.877563
-1.262472	470796.524271	4399242.307494	0.961720	0.023830	-0.961425	1543473610.523182	0.612133	0.442519	1.013057
-1.652419	470796.554411	4399242.155395	1.008738	0.004629	-1.008728	1543473610.628566	0.955725	0.377351	1.072353
-1.403258	470796.792740	4399242.335428	0.896600	0.003538	-0.896593	1543473610.725722	0.816825	0.654120	0.883592
-1.257541	470796.760451	4399242.360703	0.720101	0.002911	-0.720095	1543473610.839585	0.694672	0.481149	0.844767
-1.234616	470796.727896	4399242.334316	0.583323	0.002331	-0.583318	1543473610.927143	0.607112	0.300723	0.813762
-1.315652	470796.704061	4399242.331473	0.456385	0.001850	-0.456381	1543473611.026773	0.571159	0.389550	0.784912
-1.478936	470796.706259	4399242.448598	0.266096	-0.009097	-0.265940	1543473611.125505	0.590811	0.506339	0.806045
-1.439830	470796.731736	4399242.413675	0.221530	-0.007898	-0.221389	1543473611.244488	0.380629	0.525105	0.808804
-1.351465	470796.709464	4399242.471611	0.000000	0.000000	0.000000	1543473611.331095	0.324882	0.430232	0.816936
-1.323167	470796.728717	4399242.577114	0.000000	0.000000	0.000000	1543473611.423348	0.316273	0.393257	0.786641
-1.272095	470796.703873	4399242.658608	0.000000	0.000000	0.000000	1543473611.522148	0.302012	0.305735	0.766327
