front	position-x	position-y	speed	speed-x	speed-y	timestamp	v-x	v-y	v-z
0.065683	470912.751869	4399034.987625	1.550715	-0.126678	1.545532	1543373017.211926	0.593737	0.493000	1.502687
0.077707	470912.668660	4399035.998273	1.948550	-0.159358	1.942023	1543373017.308443	0.579533	0.493167	1.510667
0.090541	470912.413676	4399039.079256	2.000038	-0.164371	1.993272	1543373017.509071	0.551125	0.493500	1.526625
0.093081	470912.191291	4399041.802300	2.000110	-0.163705	1.993399	1543373017.621830	0.538950	0.493643	1.533464
0.093745	470912.084623	4399043.117475	2.000057	-0.163154	1.993391	1543373017.706700	0.534080	0.493700	1.536200
0.094681	470911.806403	4399046.545398	2.000110	-0.162336	1.993511	1543373017.907061	0.465900	0.494500	1.574500
0.094775	470911.614413	4399048.959993	2.000111	-0.160765	1.993639	1543373018.007092	0.465900	0.494500	1.574500
0.094835	470911.525153	4399050.065837	2.000057	-0.160768	1.993585	1543373018.105649	0.465900	0.494500	1.574500
0.094865	470911.442224	4399051.109094	2.000056	-0.160324	1.993620	1543373018.208834	0.465900	0.494500	1.574500
0.094850	470911.241436	4399053.584957	2.000110	-0.160873	1.993629	1543373018.307389	0.465900	0.494500	1.574500
0.094847	470911.144972	4399054.791110	2.000057	-0.160584	1.993600	1543373018.404691	0.465900	0.494500	1.574500
0.094933	470910.962853	4399057.063318	2.000109	-0.160273	1.993677	1543373018.507489	0.465900	0.494500	1.574500
0.094994	470910.895746	4399057.903025	2.000056	-0.160128	1.993636	1543373018.606899	0.465900	0.494500	1.574500
0.095187	470910.742775	4399059.763517	2.000109	-0.161229	1.993600	1543373018.711094	0.465900	0.494500	1.574500
0.095293	470910.657075	4399060.787843	2.000056	-0.162143	1.993473	1543373018.806030	0.465900	0.494500	1.574500
0.095430	470910.556320	4399062.010215	2.000109	-0.162557	1.993492	1543373018.907461	0.465900	0.494500	1.574500
0.095583	470910.480125	4399062.940227	2.000109	-0.162660	1.993484	1543373019.009279	0.465900	0.494500	1.574500
0.095981	470910.383005	4399064.065972	2.000108	-0.164262	1.993351	1543373019.208978	0.465900	0.494500	1.574500
0.096104	470910.345628	4399064.499024	2.000056	-0.164798	1.993255	1543373019.310480	0.465900	0.494500	1.574500
0.096220	470910.317231	4399064.814156	2.000054	-0.165512	1.993194	1543373019.407357	0.465900	0.494500	1.574500
0.096445	470910.272102	4399065.303740	2.000107	-0.166849	1.993136	1543373019.510822	0.465900	0.494500	1.574500
0.096528	470910.237273	4399065.697983	2.000108	-0.167396	1.993090	1543373019.616051	0.465900	0.494500	1.574500
0.096494	470910.225083	4399065.865981	2.000055	-0.166848	1.993083	1543373019.709489	0.465900	0.494500	1.574500
0.096427	470910.183396	4399066.396601	2.000054	-0.166096	1.993145	1543373019.808810	0.465900	0.494500	1.574500
0.096354	470910.076037	4399067.779401	2.000106	-0.164120	1.993361	1543373019.910749	0.465900	0.494500	1.574500
0.096320	470910.017226	4399068.526521	2.000055	-0.163391	1.993369	1543373020.005608	0.465900	0.494500	1.574500
0.096210	470909.904899	4399069.900391	2.000000	-0.163316	1.993321	1543373020.114184	0.465900	0.494500	1.574500
0.096134	470909.842649	4399070.674424	2.000000	-0.163029	1.993344	1543373020.213036	0.467105	0.495778	1.578578
0.095904	470909.701483	4399072.473981	2.000000	-0.161645	1.993457	1543373020.405515	0.467105	0.495778	1.578578
0.095816	470909.639264	4399073.317793	2.000000	-0.160125	1.993580	1543373020.508487	0.465900	0.494500	1.574500
0.095806	470909.612067	4399073.663120	2.000000	-0.159990	1.993590	1543373020.610294	0.465900	0.494500	1.574500
0.095853	470909.560556	4399074.386447	2.000000	-0.158396	1.993718	1543373020.709106	0.465900	0.494500	1.574500
0.096005	470909.509366	4399075.136379	2.000000	-0.156388	1.993876	1543373020.809497	0.465900	0.494500	1.574500
0.096083	470909.465220	4399075.700302	2.000000	-0.156368	1.993878	1543373020.908601	0.465900	0.494500	1.574500
0.096149	470909.411085	4399076.375961	2.000000	-0.156634	1.993857	1543373021.007716	0.465900	0.494500	1.574500
0.096344	470909.300458	4399077.735751	2.000000	-0.157469	1.993791	1543373021.112812	0.466098	0.494711	1.575171
0.096622	470909.219348	4399078.753836	2.000000	-0.157624	1.993779	1543373021.218560	0.466098	0.494711	1.575171
0.096747	470909.187754	4399079.192875	2.000000	-0.156883	1.993837	1543373021.308424	0.466098	0.494711	1.575171
0.096975	470909.144607	4399079.785586	2.000000	-0.156072	1.993901	1543373021.418175	0.466098	0.494711	1.575171
0.097027	470909.161753	4399079.591772	0.000000	0.000000	0.000000	1543373021.508345	0.467744	0.496457	1.580739
0.152446	470909.131370	4399080.142403	0.000000	0.000000	0.000000	1543373021.624134	0.467744	0.496457	1.580739
0.129038	470909.122623	4399080.313747	0.000000	0.000000	0.000000	1543373021.708111	0.469053	0.497846	1.585170
0.296991	470909.111990	4399080.449361	0.000000	0.000000	0.000000	1543373021.808095	0.469053	0.497846	1.585170
0.161621	470909.054641	4399081.186330	0.000000	0.000000	0.000000	1543373021.910108	0.473021	0.502058	1.598594
0.127219	470909.054693	4399081.144227	0.000000	0.000000	0.000000	1543373022.019032	0.477399	0.506703	1.613410
0.341989	470909.057208	4399081.095918	0.000000	0.000000	0.000000	1543373022.108292	0.477710	0.507033	1.614460
0.250589	470910.573146	4399081.724798	0.000000	0.000000	0.000000	1543373022.216882	0.478945	0.508343	1.618639
0.025102	470909.112542	4399080.300795	0.000000	0.000000	0.000000	1543373022.308643	0.483417	0.513089	1.633772
0.053703	470909.125433	4399080.143589	0.000000	0.000000	0.000000	1543373022.416074	0.485184	0.514964	1.639751
0.083018	470909.150900	4399079.866531	0.000000	0.000000	0.000000	1543373022.616437	0.490389	0.520489	1.657364
0.088802	470909.146419	4399079.995991	0.000000	0.000000	0.000000	1543373022.708237	0.496923	0.527422	1.679471
0.091377	470909.157021	4399079.962515	0.000000	0.000000	0.000000	1543373022.820506	0.498094	0.528666	1.683431
0.092115	470909.159482	4399079.968345	0.000000	0.000000	0.000000	1543373022.909968	0.500052	0.530743	1.690053
0.098632	470909.117529	4399080.545734	0.000000	0.000000	0.000000	1543373023.113097	0.502353	0.533185	1.697836
0.096615	470909.108704	4399080.635274	0.000000	0.000000	0.000000	1543373023.220854	0.504597	0.535567	1.705428
0.100842	470909.068765	4399081.135128	0.000000	0.000000	0.000000	1543373023.308395	0.504597	0.535567	1.705428
0.140853	470909.034239	4399081.483747	0.000000	0.000000	0.000000	1543373023.507534	0.501153	0.531912	1.693774
0.114590	470909.033740	4399081.450051	0.000000	0.000000	0.000000	1543373023.616163	0.502533	0.533376	1.698445
0.300575	470909.029636	4399081.489276	0.000000	0.000000	0.000000	1543373023.708382	0.502074	0.532889	1.696892
1.476777	470909.291687	4399080.855036	0.000000	0.000000	0.000000	1543373023.815334	0.113271	0.322888	1.036893
-2.929605	470909.121804	4399080.817588	0.000000	0.000000	0.000000	1543373023.911517	0.291855	0.143880	1.025926
-2.930181	470909.177881	4399080.852805	0.000000	0.000000	0.000000	1543373024.019759	0.435593	0.133226	1.014337
-2.928878	470909.100666	4399080.838989	0.000000	0.000000	0.000000	1543373024.111763	0.278145	0.150910	0.999923
1.645425	470909.324031	4399080.885624	0.309744	0.300258	0.076069	1543373024.219290	0.063434	0.449736	0.983606
1.659160	470909.161424	4399080.868192	0.000000	0.000000	0.000000	1543373024.416151	0.119365	0.282706	0.958393
1.632178	470909.130811	4399080.826281	0.000000	0.000000	0.000000	1543373024.508335	0.157267	0.428441	0.943406
1.631930	470909.138227	4399080.870637	0.000000	0.000000	0.000000	1543373024.707358	0.140980	0.416247	0.931962
1.635948	470909.118330	4399080.886476	0.000000	0.000000	0.000000	1543373024.828122	0.127026	0.269327	0.905161
1.642134	470909.161242	4399080.838687	0.000000	0.000000	0.000000	1543373024.911304	0.134871	0.527630	1.553141
1.676921	470909.185635	4399080.835555	0.000000	0.000000	0.000000	1543373025.015810	0.127413	0.517678	1.534496
1.668211	470909.106119	4399080.847958	0.000000	0.000000	0.000000	1543373025.110415	0.088365	0.637957	1.510073
1.677099	470909.131518	4399080.876484	0.000000	0.000000	0.000000	1543373025.219981	0.117547	0.248446	1.486723
1.670670	470909.105813	4399080.839326	0.000000	0.000000	0.000000	1543373025.308305	0.131344	0.493983	1.462581
1.676378	470909.204169	4399080.860515	0.000000	0.000000	0.000000	1543373025.413343	0.236310	0.484016	1.440041
1.694711	470909.126175	4399080.847191	0.000000	0.000000	0.000000	1543373025.511254	0.168317	0.354013	1.417375
1.679459	470909.170523	4399080.840524	0.000000	0.000000	0.000000	1543373025.620361	0.104451	0.232846	1.395161
1.688118	470909.164554	4399080.827987	0.000000	0.000000	0.000000	1543373025.711226	0.191625	0.457137	1.368600
1.684890	470909.163565	4399080.839715	0.000000	0.000000	0.000000	1543373025.819603	0.165101	0.449387	1.342077
1.675549	470909.172453	4399080.845017	0.000000	0.000000	0.000000	1543373025.910768	0.121619	0.441973	1.316704
1.692695	470909.087653	4399080.799085	0.000000	0.000000	0.000000	1543373026.018168	0.174505	0.440360	1.672311
1.685332	470909.105309	4399080.776419	0.000000	0.000000	0.000000	1543373026.518581	0.162143	0.494184	1.525241
1.692330	470909.144390	4399080.852432	0.000000	0.000000	0.000000	1543373027.120464	0.263665	0.522597	1.350710
1.700776	470909.141139	4399080.833068	0.000000	0.000000	0.000000	1543373027.217676	0.236502	0.353269	1.322457
1.698215	470909.101484	4399080.835286	0.000000	0.000000	0.000000	1543373027.320645	0.140251	0.476284	1.612957
1.701200	470909.081639	4399080.894532	0.000000	0.000000	0.000000	1543373027.509777	0.235267	0.560133	1.543672
1.698326	470909.104216	4399080.828510	0.000000	0.000000	0.000000	1543373027.617168	0.179376	0.550889	1.517241
1.680067	470909.098341	4399080.849714	0.000000	0.000000	0.000000	1543373027.710381	0.244012	0.424227	1.485205
1.676858	470909.115904	4399080.854536	0.000000	0.000000	0.000000	1543373027.820396	0.248775	0.526537	1.449670
1.686861	470909.129722	4399080.842678	0.000000	0.000000	0.000000	1543373027.913980	0.219018	0.449178	1.655852
1.700157	470909.112049	4399080.878224	0.000000	0.000000	0.000000	1543373028.024097	0.303508	0.493538	1.624703
1.682461	470909.114577	4399080.902634	0.000000	0.000000	0.000000	1543373028.218379	0.329296	0.684428	1.554471
1.683567	470909.125635	4399080.906782	0.000000	0.000000	0.000000	1543373028.308025	0.279957	0.467536	1.518423
1.724557	470909.126118	4399080.858974	0.000000	0.000000	0.000000	1543373028.421743	0.189380	0.456675	1.478535
1.727137	470909.126128	4399080.883874	0.000000	0.000000	0.000000	1543373028.513824	0.226699	0.406508	1.692051
1.705669	470909.081102	4399080.938167	0.000000	0.000000	0.000000	1543373028.710016	0.278329	0.457410	1.614509
1.684910	470909.092616	4399080.931139	0.000000	0.000000	0.000000	1543373028.819444	0.266235	0.475182	1.577736
1.699917	470909.106116	4399081.057721	0.000000	0.000000	0.000000	1543373029.020048	0.641783	0.584797	1.671635
1.660026	470909.092777	4399080.907492	0.000000	0.000000	0.000000	1543373029.115147	0.256536	0.520397	1.629369
1.659760	470909.051332	4399080.920219	0.000000	0.000000	0.000000	1543373029.221087	0.215990	0.479872	1.588094
1.658813	470909.103127	4399080.935611	0.000000	0.000000	0.000000	1543373029.312742	0.266528	0.491196	1.551931
1.614139	470909.096424	4399080.933256	0.000000	0.000000	0.000000	1543373029.419708	0.233657	0.562523	1.510696
1.614792	470909.083131	4399080.921473	0.000000	0.000000	0.000000	1543373029.520984	0.223322	0.545869	1.684104
1.626518	470909.099661	4399080.916246	0.000000	0.000000	0.000000	1543373029.626976	0.219312	0.587214	1.460217
1.628681	470909.054642	4399080.934663	0.000000	0.000000	0.000000	1543373029.720127	0.253553	0.563815	1.593510
1.607089	470909.092146	4399080.965532	0.000000	0.000000	0.000000	1543373029.824432	0.320352	0.560044	1.536597
1.608614	470909.098489	4399080.945008	0.000000	0.000000	0.000000	1543373029.920914	0.274822	0.451655	1.504905
1.572884	470909.051930	4399080.930858	0.000000	0.000000	0.000000	1543373030.015110	0.237749	0.533134	1.464356
1.568435	470909.099407	4399080.949248	0.000000	0.000000	0.000000	1543373030.119447	0.230309	0.508636	1.584641
1.559335	470909.102398	4399080.934898	0.000000	0.000000	0.000000	1543373030.223408	0.196811	0.577894	1.555413
1.497523	470909.065902	4399080.962072	0.000000	0.000000	0.000000	1543373030.322933	0.237010	0.564589	1.666410
1.516213	470909.098617	4399080.977667	0.000000	0.000000	0.000000	1543373030.419779	0.245959	0.521941	1.609289
1.520205	470909.093657	4399080.961499	0.000000	0.000000	0.000000	1543373030.519671	0.262371	0.653769	1.681041
1.534260	470909.113511	4399080.975485	0.000000	0.000000	0.000000	1543373030.617577	0.235590	0.529237	1.659156
1.500288	470909.099117	4399080.945214	0.000000	0.000000	0.000000	1543373030.722456	0.312034	0.579403	1.611562
1.489563	470909.129963	4399081.008622	0.000000	0.000000	0.000000	1543373030.826637	0.389756	0.560694	1.670422
1.508598	470909.102850	4399080.952740	0.000000	0.000000	0.000000	1543373030.921260	0.270361	0.579016	1.634251
1.495227	470909.093496	4399080.990172	0.000000	0.000000	0.000000	1543373031.011898	0.227311	0.572671	1.711580
1.464744	470909.114999	4399080.983589	0.000000	0.000000	0.000000	1543373031.127199	0.248981	0.601840	1.669154
1.785221	470909.142062	4399080.984268	0.000000	0.000000	0.000000	1543373031.220135	0.264036	0.641268	1.732391
1.585721	470909.110347	4399081.018273	0.000000	0.000000	0.000000	1543373031.323877	0.308046	0.583538	1.714773
1.661207	470909.100518	4399080.995797	0.000000	0.000000	0.000000	1543373031.417941	0.231683	0.595357	1.701976
1.349302	470909.087116	4399081.045059	0.000000	0.000000	0.000000	1543373031.519730	0.297249	0.582155	1.714695
1.136869	470909.097716	4399081.084870	0.000000	0.000000	0.000000	1543373031.617449	0.402800	0.509305	1.723610
1.609363	470909.099545	4399081.056157	0.000000	0.000000	0.000000	1543373031.818827	0.289632	0.626945	1.726184
0.745279	470909.108639	4399081.122150	0.000000	0.000000	0.000000	1543373031.922364	0.565122	0.404812	1.670097
1.650474	470909.103371	4399081.078230	0.000000	0.000000	0.000000	1543373032.024001	0.271731	0.594317	1.681547
1.422202	470909.096831	4399081.099061	0.000000	0.000000	0.000000	1543373032.123405	0.345989	0.585512	1.697273
1.056830	470909.075010	4399081.134827	0.000000	0.000000	0.000000	1543373032.222592	0.469508	0.500521	1.695169
1.460740	470909.072072	4399081.103605	0.000000	0.000000	0.000000	1543373032.419019	0.280932	0.563118	1.714637
1.395577	470909.060224	4399081.103990	0.000000	0.000000	0.000000	1543373032.519995	0.378911	0.581943	1.725068
1.283600	470909.068262	4399081.136825	0.000000	0.000000	0.000000	1543373032.619866	0.404197	0.547821	1.730012
1.741475	470909.107999	4399081.144676	0.000000	0.000000	0.000000	1543373032.721693	0.321583	0.590856	1.734769
1.324644	470909.069707	4399081.159042	0.000000	0.000000	0.000000	1543373032.822793	0.371678	0.573392	1.744347
1.431060	470909.074089	4399081.139883	0.000000	0.000000	0.000000	1543373032.921802	0.342537	0.586143	1.751398
1.136572	470909.055345	4399081.181012	0.000000	0.000000	0.000000	1543373033.018519	0.446113	0.572985	1.690839
1.281398	470909.056513	4399081.162877	0.000000	0.000000	0.000000	1543373033.120641	0.415151	0.579551	1.706928
1.406121	470909.076926	4399081.230977	0.000000	0.000000	0.000000	1543373033.224004	0.493495	0.564012	1.711245
1.591906	470909.070226	4399081.139952	0.000000	0.000000	0.000000	1543373033.419266	0.350133	0.617137	1.677637
1.310620	470909.044209	4399081.176685	0.000000	0.000000	0.000000	1543373033.520725	0.370693	0.570641	1.635955
1.216359	470909.037464	4399081.153961	0.000000	0.000000	0.000000	1543373033.820400	0.396617	0.572207	1.753927
1.324530	470909.041517	4399081.157936	0.000000	0.000000	0.000000	1543373033.920344	0.365331	0.566597	1.662530
1.721227	470909.079388	4399081.136865	0.000000	0.000000	0.000000	1543373034.017878	0.317844	0.593600	1.671434
1.734941	470909.087721	4399081.130359	0.000000	0.000000	0.000000	1543373034.120438	0.296181	0.606207	1.671060
1.701972	470909.072490	4399081.138125	0.000000	0.000000	0.000000	1543373034.225716	0.310206	0.626363	1.676386
1.388504	470909.062738	4399081.132206	0.000000	0.000000	0.000000	1543373034.321701	0.329557	0.588080	1.653153
1.351273	470909.076168	4399081.143343	0.000000	0.000000	0.000000	1543373034.417272	0.348277	0.585020	1.658838
1.300927	470909.060045	4399081.144298	0.000000	0.000000	0.000000	1543373034.523832	0.346588	0.574260	1.617351
1.260595	470909.076870	4399081.200366	0.000000	0.000000	0.000000	1543373034.610012	0.472330	0.572835	1.707232
1.192570	470909.059710	4399081.153820	0.000000	0.000000	0.000000	1543373034.720744	0.397364	0.578263	1.736088
1.053969	470909.058919	4399081.190572	0.000000	0.000000	0.000000	1543373034.817965	0.460720	0.549042	1.717261
1.152311	470909.073939	4399081.159611	0.000000	0.000000	0.000000	1543373034.921633	0.429836	0.574592	1.716552
1.337644	470909.066992	4399081.131911	0.000000	0.000000	0.000000	1543373035.021249	0.345215	0.570239	1.711675
1.456940	470909.057950	4399081.179855	0.000000	0.000000	0.000000	1543373035.118848	0.441758	0.602448	1.713779
1.688327	470909.063236	4399081.195222	0.000000	0.000000	0.000000	1543373035.209593	0.473069	0.616026	1.693081
1.660327	470909.067278	4399081.106477	0.000000	0.000000	0.000000	1543373035.322831	0.299774	0.606496	1.715825
1.595554	470909.065160	4399081.173556	0.000000	0.000000	0.000000	1543373035.419622	0.427885	0.596300	1.715154
1.512850	470909.053151	4399081.120026	0.000000	0.000000	0.000000	1543373035.522444	0.318124	0.595161	1.714650
1.645179	470909.071119	4399081.115529	0.000000	0.000000	0.000000	1543373035.723241	0.298860	0.608108	1.717202
1.615183	470909.072665	4399081.100421	0.000000	0.000000	0.000000	1543373035.823228	0.281075	0.605859	1.717996
1.377307	470909.050930	4399081.133288	0.000000	0.000000	0.000000	1543373035.918718	0.335804	0.619560	1.720479
1.343688	470909.059147	4399081.138371	0.000000	0.000000	0.000000	1543373036.024650	0.343477	0.618698	1.720408
1.373053	470909.057597	4399081.137707	0.000000	0.000000	0.000000	1543373036.121675	0.368720	0.584969	1.722192
1.391801	470909.043932	4399081.119724	0.000000	0.000000	0.000000	1543373036.220779	0.404926	0.615346	1.723366
1.507012	470909.051250	4399081.107726	0.000000	0.000000	0.000000	1543373036.324114	0.327186	0.620316	1.726741
1.434282	470909.050796	4399081.125249	0.000000	0.000000	0.000000	1543373036.422726	0.320105	0.618519	1.739034
1.476045	470909.054954	4399081.126599	0.000000	0.000000	0.000000	1543373036.523913	0.279691	0.620883	1.745780
1.241586	470909.056709	4399081.144534	0.000000	0.000000	0.000000	1543373036.622941	0.373326	0.641109	1.740825
1.400465	470909.054325	4399081.125163	0.000000	0.000000	0.000000	1543373036.821638	0.337334	0.628863	1.746966
1.460420	470909.065560	4399081.115141	0.000000	0.000000	0.000000	1543373036.922805	0.315034	0.641702	1.743752
1.525700	470909.061973	4399081.090598	0.000000	0.000000	0.000000	1543373037.018967	0.288148	0.613410	1.742353
1.654497	470909.062579	4399081.069835	0.000000	0.000000	0.000000	1543373037.122564	0.288219	0.642965	1.744995
1.554445	470909.054844	4399081.052959	0.000000	0.000000	0.000000	1543373037.219576	0.267748	0.613928	1.746483
1.301516	470909.053566	4399081.061759	0.000000	0.000000	0.000000	1543373037.322486	0.338227	0.633371	1.745434
1.422115	470909.046197	4399081.027430	0.000000	0.000000	0.000000	1543373037.426201	0.296756	0.616416	1.745427
