front	position-x	position-y	speed	speed-x	speed-y	timestamp	v-x	v-y	v-z
1.890713	470906.824795	4399063.345115	0.000000	0.000000	0.000000	1543393483.977889	0.049091	0.193657	0.455799
1.872589	470906.845201	4399063.375922	0.000000	0.000000	0.000000	1543393484.380494	0.177772	0.222859	0.422607
1.847110	470906.882859	4399063.398135	0.000000	0.000000	0.000000	1543393484.478803	0.158978	0.231336	0.427475
1.829504	470906.852106	4399063.412525	0.000000	0.000000	0.000000	1543393484.582744	0.203229	0.164751	0.569487
1.830185	470906.915151	4399063.413586	0.000000	0.000000	0.000000	1543393484.680828	0.184141	0.122754	0.392978
1.876440	470906.863108	4399063.361305	0.000000	0.000000	0.000000	1543393484.781586	0.156943	0.195658	0.390445
1.893771	470906.866800	4399063.418820	0.000000	0.000000	0.000000	1543393484.879427	0.265105	0.175178	0.545413
1.903766	470906.918819	4399063.324393	0.000000	0.000000	0.000000	1543393484.982286	0.207182	0.201470	0.343491
1.882263	470906.873074	4399063.427529	0.000000	0.000000	0.000000	1543393485.081709	0.352591	0.217656	0.487876
1.957778	470906.913812	4399063.344449	0.000000	0.000000	0.000000	1543393485.182899	0.184219	0.216810	0.465212
1.982625	470906.853769	4399063.479627	0.000000	0.000000	0.000000	1543393485.382751	0.696916	0.191044	0.504115
2.020717	470906.914710	4399063.313603	0.000000	0.000000	0.000000	1543393485.479500	0.254580	0.169345	0.504351
2.035569	470906.920324	4399063.364793	0.000000	0.000000	0.000000	1543393485.580304	0.255559	0.234670	0.511508
2.088793	470906.938248	4399063.354878	0.000000	0.000000	0.000000	1543393485.685606	0.285461	0.214506	0.580368
0.420752	470906.922625	4399063.420290	0.000000	0.000000	0.000000	1543393486.077768	0.196182	0.250231	0.546357
0.913283	470906.895976	4399063.447196	0.000000	0.000000	0.000000	1543393486.183274	0.254900	0.254497	0.562125
1.699865	470906.877754	4399063.393228	0.000000	0.000000	0.000000	1543393486.490995	0.294586	0.243312	0.595246
2.325476	470906.899512	4399063.459818	0.000000	0.000000	0.000000	1543393486.580276	0.367301	0.229648	0.604790
2.276875	470906.884181	4399063.495524	0.000000	0.000000	0.000000	1543393486.678938	0.483870	0.202658	0.602444
2.357575	470906.874695	4399063.511190	0.000000	0.000000	0.000000	1543393486.781535	0.493304	0.211206	0.611357
2.347667	470906.930613	4399063.458036	0.000000	0.000000	0.000000	1543393486.880382	0.290759	0.194654	0.602130
0.750936	470906.878956	4399063.485191	0.000000	0.000000	0.000000	1543393486.981041	0.264185	0.435571	0.605442
1.243587	470906.942961	4399063.487989	0.000000	0.000000	0.000000	1543393487.080485	0.199017	0.340513	0.466374
0.925637	470906.916140	4399063.485623	0.000000	0.000000	0.000000	1543393487.181441	0.263375	0.301104	0.370550
0.632066	470906.907784	4399063.527322	0.000000	0.000000	0.000000	1543393487.289164	0.295021	0.211120	0.405253
0.494205	470906.899083	4399063.534904	0.000000	0.000000	0.000000	1543393487.381389	0.349620	0.212133	0.616136
0.310928	470906.902671	4399063.523591	0.000000	0.000000	0.000000	1543393487.488458	0.297172	0.252293	0.624861
-0.372257	470906.837651	4399063.521528	0.000000	0.000000	0.000000	1543393487.583911	0.239628	0.414927	0.611612
1.145639	470906.885092	4399063.554654	0.000000	0.000000	0.000000	1543393487.690312	0.341727	0.202220	0.582627
1.654321	470906.880968	4399063.551432	0.000000	0.000000	0.000000	1543393487.780580	0.364429	0.224637	0.551935
1.873033	470906.900124	4399063.445784	0.000000	0.000000	0.000000	1543393487.880330	0.512357	0.262453	0.558841
1.851839	470906.853508	4399063.522767	0.000000	0.000000	0.000000	1543393487.982546	0.408774	0.305836	0.602104
1.793818	470906.852762	4399063.569938	0.000000	0.000000	0.000000	1543393488.079304	0.375508	0.291693	0.510237
-0.620449	470906.842794	4399063.554951	0.000000	0.000000	0.000000	1543393488.184079	0.220881	0.248716	0.580573
0.859079	470906.827672	4399063.545159	0.000000	0.000000	0.000000	1543393488.279941	0.255386	0.200073	0.597353
0.583435	470906.797252	4399063.588596	0.000000	0.000000	0.000000	1543393488.381043	0.265023	0.203548	0.546943
0.962570	470906.799169	4399063.630090	0.000000	0.000000	0.000000	1543393488.479489	0.264618	0.138205	0.503438
0.524981	470906.814332	4399063.562270	0.000000	0.000000	0.000000	1543393488.586061	0.291993	0.326423	0.554443
-0.122612	470906.822453	4399063.676069	0.000000	0.000000	0.000000	1543393488.680197	0.148656	0.187535	0.566293
-0.108154	470906.812436	4399063.632536	0.000000	0.000000	0.000000	1543393488.784110	0.130111	0.373396	0.586912
-0.047682	470906.805480	4399063.663575	0.000000	0.000000	0.000000	1543393488.885164	0.235368	0.216179	0.511942
-0.025658	470906.794768	4399063.655659	0.000000	0.000000	0.000000	1543393488.982017	0.211043	0.303694	0.508593
0.035766	470906.816525	4399063.699481	0.000000	0.000000	0.000000	1543393489.081350	0.188038	0.246232	0.400277
0.033058	470906.787170	4399063.703166	0.000000	0.000000	0.000000	1543393489.178452	0.172276	0.321108	0.568793
-0.003385	470906.783084	4399063.623989	0.000000	0.000000	0.000000	1543393489.284423	0.196921	0.163214	0.463349
-0.068237	470906.803806	4399063.633274	0.000000	0.000000	0.000000	1543393489.480356	0.182246	0.222482	0.350102
-0.133810	470906.793843	4399063.618877	0.000000	0.000000	0.000000	1543393489.588228	0.241240	0.182151	0.364516
-0.101531	470906.813117	4399063.461974	0.000000	0.000000	0.000000	1543393489.680686	0.224691	0.528998	0.415030
-0.155807	470906.733988	4399063.584144	0.000000	0.000000	0.000000	1543393489.779391	0.162969	0.237855	0.405945
-0.226760	470906.760141	4399063.600270	0.000000	0.000000	0.000000	1543393489.888366	0.179876	0.195921	0.422945
-0.247091	470906.760915	4399063.566120	0.000000	0.000000	0.000000	1543393490.088119	0.220135	0.220252	0.427552
-0.282072	470906.738539	4399063.581386	0.000000	0.000000	0.000000	1543393490.182657	0.142730	0.203067	0.443389
-0.281384	470906.780643	4399063.576109	0.000000	0.000000	0.000000	1543393490.291328	0.150074	0.126042	0.456296
-0.341513	470906.740898	4399063.615018	0.000000	0.000000	0.000000	1543393490.380821	0.099299	0.121686	0.511139
