front	position-x	position-y	speed	speed-x	speed-y	timestamp	v-x	v-y	v-z
-1.411161	470937.159669	4398735.537781	0.000000	0.000000	0.000000	1543307845.466390	3.220888	2.142938	1.989778
-1.410490	470936.974379	4398735.521437	0.000000	0.000000	0.000000	1543307845.570455	3.219988	1.804215	1.986920
-1.408566	470937.001809	4398735.500814	0.000000	0.000000	0.000000	1543307845.665075	3.172249	1.730579	1.986951
-1.407029	470936.947966	4398735.487023	0.000000	0.000000	0.000000	1543307845.770306	3.209794	1.740428	1.986031
-1.408949	470936.973940	4398735.498742	0.000000	0.000000	0.000000	1543307845.867040	3.176003	1.801183	1.987690
-1.412635	470937.134565	4398735.534357	0.000000	0.000000	0.000000	1543307845.966911	3.237219	2.083988	1.990068
-1.416713	470937.143624	4398735.537736	0.000000	0.000000	0.000000	1543307846.060980	3.238080	2.050742	1.989159
-1.417724	470937.131243	4398735.543708	0.000000	0.000000	0.000000	1543307846.166353	3.215204	2.078957	1.990508
-1.414233	470936.976853	4398735.505429	0.000000	0.000000	0.000000	1543307846.266388	3.198958	1.796432	1.987462
-1.411814	470937.159095	4398735.523352	0.000000	0.000000	0.000000	1543307846.369576	3.239639	2.143707	1.990683
-1.409809	470936.957877	4398735.468765	0.000000	0.000000	0.000000	1543307846.467352	3.164825	1.732056	1.986887
-1.408891	470936.981847	4398735.497814	0.000000	0.000000	0.000000	1543307846.567435	3.210726	1.791616	1.997196
-1.407550	470936.971850	4398735.473987	0.000000	0.000000	0.000000	1543307846.665765	3.188804	1.800058	2.000130
-1.407981	470937.143814	4398735.517896	0.000000	0.000000	0.000000	1543307846.773177	3.251668	2.073685	1.995835
-1.405323	470936.968222	4398735.466288	0.000000	0.000000	0.000000	1543307846.866722	3.195669	1.796928	2.002774
-1.399713	470936.940672	4398735.419793	0.000000	0.000000	0.000000	1543307846.965876	3.214576	1.732857	2.017665
-1.402723	470937.072352	4398734.672939	0.000000	0.000000	0.000000	1543307847.065407	1.680753	1.735546	2.027209
-1.406453	470936.990757	4398735.420190	0.000000	0.000000	0.000000	1543307847.168063	3.351833	1.825674	2.047169
-1.409577	470937.080208	4398735.421839	0.000000	0.000000	0.000000	1543307847.268659	3.321566	1.937458	2.050395
-1.411257	470936.960793	4398735.430859	0.000000	0.000000	0.000000	1543307847.368609	3.225026	1.747066	2.063537
-1.412188	470936.967594	4398735.428277	0.000000	0.000000	0.000000	1543307847.569378	3.240255	1.698175	1.883802
-1.418163	470937.020699	4398735.132369	0.000000	0.000000	0.000000	1543307847.668333	2.652694	1.745159	1.898337
-1.421347	470936.971262	4398735.436859	0.000000	0.000000	0.000000	1543307847.766681	3.277109	1.729214	1.904197
-1.425350	470936.953584	4398735.448253	0.000000	0.000000	0.000000	1543307847.866356	3.325235	1.766587	1.911385
-1.427721	470937.130525	4398735.454553	0.000000	0.000000	0.000000	1543307847.967468	3.267591	2.051777	1.918252
-1.430735	470937.084675	4398735.462211	0.000000	0.000000	0.000000	1543307848.064517	3.268246	1.971968	1.919534
-1.433781	470937.126285	4398735.491470	0.000000	0.000000	0.000000	1543307848.165831	3.273546	2.084247	1.923639
-1.433969	470937.137778	4398735.513635	0.000000	0.000000	0.000000	1543307848.267864	3.303837	2.059589	1.929117
-1.434021	470937.149140	4398735.560867	0.000000	0.000000	0.000000	1543307848.468876	3.303201	2.138701	1.931824
-1.435039	470937.127971	4398735.611721	0.000000	0.000000	0.000000	1543307848.568628	3.299190	2.079199	1.942087
-1.433055	470936.943852	4398735.571090	0.000000	0.000000	0.000000	1543307848.673349	3.441605	1.782478	1.947292
-1.434493	470937.050306	4398735.624683	0.000000	0.000000	0.000000	1543307848.769328	3.326238	1.982901	1.952157
-1.436230	470937.027417	4398735.673823	0.000000	0.000000	0.000000	1543307848.867373	3.425730	1.926272	1.954766
-1.439351	470937.126265	4398735.764983	0.000000	0.000000	0.000000	1543307848.968192	3.464501	2.088525	1.964853
-1.441347	470937.017948	4398735.812051	0.000000	0.000000	0.000000	1543307849.067038	3.327090	1.919705	1.949818
-1.446465	470937.075039	4398735.928485	0.881520	-0.125802	0.872497	1543307849.167363	3.373762	2.056933	1.938214
-1.447855	470937.052664	4398736.022565	0.945407	-0.097942	0.940320	1543307849.267846	3.383653	1.999900	1.949770
-1.448607	470936.957273	4398736.121965	0.987414	-0.107164	0.981581	1543307849.367086	3.333166	1.896514	1.935212
-1.450468	470936.956248	4398736.208404	1.055619	-0.155514	1.044101	1543307849.467453	3.356495	1.890912	1.936701
-1.450807	470936.913888	4398736.362435	1.355202	-0.187887	1.342114	1543307849.571793	3.294478	1.887843	1.940692
-1.452767	470936.984595	4398736.510803	1.398895	-0.116278	1.394054	1543307849.668183	3.347860	2.117614	1.938928
-1.455110	470937.001171	4398736.652489	1.465309	-0.182602	1.453887	1543307849.771125	3.423739	1.983105	1.918265
-1.454422	470936.923520	4398736.812949	1.508384	-0.189211	1.496469	1543307849.882160	3.373247	1.857039	1.914757
-1.455493	470936.924678	4398736.990468	1.793466	-0.089190	1.791247	1543307849.969510	3.320492	1.853557	1.906312
-1.457343	470936.960351	4398737.179845	1.858893	-0.155966	1.852339	1543307850.083009	3.340775	1.974007	2.074763
-1.455418	470936.891374	4398737.352813	1.888928	-0.296728	1.865476	1543307850.171677	3.379334	2.011498	2.057463
-1.451994	470936.829019	4398737.569665	2.185991	-0.211191	2.175765	1543307850.278755	3.362103	2.225784	2.055535
1.640815	470936.824152	4398737.840417	2.490273	-0.174614	2.484143	1543307850.369181	3.356378	1.959956	2.058660
1.625739	470936.764222	4398738.111947	2.526178	-0.138986	2.522352	1543307850.476288	3.340811	2.006998	2.065945
1.676448	470936.794246	4398738.329266	2.563921	-0.269773	2.549689	1543307850.567288	3.335806	2.102462	2.053601
1.690534	470936.775799	4398738.646289	2.890281	-0.345094	2.869605	1543307850.679982	3.366518	1.961854	2.050066
1.628096	470936.665988	4398739.303058	3.210853	-0.184185	3.205566	1543307850.880400	3.274847	2.015302	2.053868
1.639574	470936.636042	4398739.634782	3.260205	-0.223676	3.252523	1543307850.966332	3.262167	1.973034	2.059697
1.638353	470936.694987	4398739.962020	3.610044	-0.243652	3.601812	1543307851.081831	3.406482	1.912827	1.905530
1.680804	470936.641883	4398740.230238	3.658092	-0.400742	3.636075	1543307851.167153	3.323624	2.123417	1.908261
1.678732	470936.542603	4398740.612036	3.547204	-0.382363	3.526536	1543307851.280890	3.343485	1.887927	1.919871
1.668895	470936.578928	4398740.920985	3.342745	-0.327903	3.326623	1543307851.367224	3.284925	2.129002	1.937688
1.654091	470936.526020	4398741.287458	3.306119	-0.275691	3.294604	1543307851.480210	3.369262	2.134231	1.938493
1.688091	470936.393017	4398741.633645	3.752083	-0.438611	3.726358	1543307851.567234	3.313457	1.820658	1.936297
1.653124	470936.441910	4398741.980598	3.424139	-0.282037	3.412504	1543307851.680742	3.355956	1.991493	1.940788
1.653621	470936.411809	4398742.328932	3.449682	-0.285113	3.437880	1543307851.766153	3.312520	2.089665	1.935434
1.655976	470936.335783	4398742.676053	3.428808	-0.291437	3.416400	1543307851.878989	3.309247	1.896942	1.930751
1.695575	470936.268757	4398743.014256	3.747047	-0.465638	3.718002	1543307851.968528	3.330811	1.783130	1.914733
1.662431	470936.394299	4398743.402242	3.829039	-0.351020	3.812916	1543307852.078116	3.327080	1.984581	1.914298
1.665830	470936.342151	4398743.761907	3.670720	-0.348348	3.654154	1543307852.165297	3.344509	1.943266	1.913771
1.658252	470936.251102	4398744.487569	3.947066	-0.344685	3.931988	1543307852.367242	3.347108	1.986470	1.934383
1.643496	470936.238061	4398744.872563	4.041564	-0.293823	4.030869	1543307852.477746	3.343776	1.891513	1.941110
1.668150	470936.170497	4398745.285569	4.208484	-0.408568	4.188605	1543307852.569552	3.389092	2.129695	1.920645
1.633321	470936.024460	4398746.141867	4.357528	-0.273116	4.348960	1543307852.765678	3.278706	1.903789	1.947461
1.646708	470936.116661	4398746.572300	4.502138	-0.341109	4.489197	1543307852.881654	3.315003	1.926985	1.961135
1.699084	470935.928152	4398747.001730	4.567091	-0.583079	4.529717	1543307852.971231	3.329203	1.758964	1.949664
1.664452	470935.901214	4398747.421812	4.642669	-0.435001	4.622245	1543307853.078694	3.296745	1.880669	1.946329
1.658475	470935.888886	4398747.848405	4.703892	-0.412199	4.685797	1543307853.165765	3.270868	1.733100	1.957507
1.638321	470935.952332	4398748.304760	4.575269	-0.309181	4.564810	1543307853.279477	3.307118	1.902667	1.963642
1.654407	470935.823636	4398748.751613	4.627210	-0.386027	4.611080	1543307853.370476	3.293614	1.892631	1.943228
1.633033	470935.838809	4398749.198651	4.756196	-0.296233	4.746962	1543307853.479253	3.309036	1.795358	1.948278
1.639040	470935.810104	4398749.656246	4.387075	-0.298805	4.376887	1543307853.564728	3.318638	1.823288	1.951323
1.660651	470935.792490	4398750.102285	4.412593	-0.395183	4.394861	1543307853.677864	3.260557	2.047623	1.931830
1.663283	470935.783421	4398750.541788	4.305279	-0.397067	4.286930	1543307853.771787	3.343848	2.088417	2.080456
1.662590	470935.710966	4398751.503053	4.876049	-0.446639	4.855550	1543307853.970535	3.288578	2.077949	1.911340
1.658446	470935.670325	4398752.014839	4.943966	-0.433205	4.924951	1543307854.078951	3.284970	2.072480	1.915947
1.622584	470935.567380	4398752.998617	5.140803	-0.266903	5.133870	1543307854.277514	3.284931	1.922723	1.970472
1.645596	470935.517339	4398753.513593	5.204340	-0.388340	5.189831	1543307854.369182	3.238912	1.917519	1.965663
1.646642	470935.452491	4398754.022678	5.337139	-0.404465	5.321791	1543307854.481555	3.245688	1.851669	1.962466
1.661019	470935.309338	4398754.560983	5.403231	-0.486320	5.381301	1543307854.566814	3.298570	1.945386	1.947659
1.643370	470935.368371	4398755.073829	5.474260	-0.397202	5.459831	1543307854.680754	3.299868	1.796266	1.928251
1.644878	470935.272971	4398755.620124	5.596748	-0.413881	5.581424	1543307854.769437	3.274133	1.957618	1.937040
1.653194	470935.284524	4398756.177625	5.669454	-0.466223	5.650252	1543307854.879781	3.260911	1.827801	1.936217
1.645216	470935.258173	4398756.729599	5.743393	-0.427096	5.727491	1543307854.967010	3.242671	1.818615	1.933003
1.644123	470935.192485	4398757.292266	5.867176	-0.429808	5.851412	1543307855.076560	3.230993	1.971604	1.945167
1.651098	470935.142647	4398757.886045	5.926857	-0.475173	5.907778	1543307855.173016	3.242611	1.922770	1.966586
1.644516	470935.121495	4398758.466159	5.987984	-0.441156	5.971711	1543307855.277265	3.230222	1.872359	1.971285
1.650294	470935.058701	4398758.776913	6.035001	-0.479503	6.015922	1543307855.370776	2.768748	1.828546	1.984315
1.639284	470935.045605	4398759.598763	6.128523	-0.419982	6.114115	1543307855.481167	3.324373	1.906384	1.987182
1.661404	470935.049010	4398760.195268	6.171061	-0.558047	6.145777	1543307855.571704	3.299723	1.988600	1.984466
1.641092	470934.933063	4398760.833400	6.197489	-0.436027	6.182132	1543307855.677130	3.280987	1.983992	1.988962
1.643575	470934.913781	4398761.432115	6.270130	-0.456002	6.253527	1543307855.768341	3.352366	1.846602	1.974766
1.653347	470934.836702	4398762.084536	6.297545	-0.519063	6.276117	1543307855.876983	3.362630	1.883425	1.960207
1.662035	470934.788733	4398762.772204	6.327200	-0.576344	6.300896	1543307855.970866	3.265836	1.971052	1.935847
1.639041	470934.738560	4398763.403280	6.369975	-0.435182	6.355093	1543307856.081028	3.234652	1.966152	1.931231
1.644600	470934.630488	4398764.041374	6.396968	-0.471608	6.379560	1543307856.165419	3.242269	1.848064	2.076368
1.643505	470934.640621	4398764.697675	6.667619	-0.484471	6.649995	1543307856.276029	3.218459	2.089857	2.062056
1.659092	470934.614952	4398765.367241	6.719593	-0.592034	6.693461	1543307856.371293	3.248952	2.042298	2.047269
1.650153	470934.531206	4398766.044955	6.737893	-0.534480	6.716661	1543307856.477879	3.313852	2.125386	2.026336
1.653052	470934.470579	4398766.683586	6.761854	-0.555383	6.739007	1543307856.571011	3.234356	2.036427	2.022442
1.646783	470934.349447	4398767.403441	6.797269	-0.516103	6.777647	1543307856.678998	3.291247	1.945459	2.023692
1.644557	470934.338313	4398768.073340	6.809265	-0.501699	6.790758	1543307856.767304	3.220625	2.031518	2.054822
1.654529	470934.366595	4398768.793815	7.078074	-0.591505	7.053315	1543307856.877959	3.238614	1.983312	2.073968
1.649784	470934.270022	4398769.482136	7.096461	-0.560012	7.074330	1543307856.971036	3.262876	1.807773	2.076911
1.652517	470934.193737	4398770.123005	7.127260	-0.581676	7.103484	1543307857.078616	3.374651	1.891021	1.929753
1.636065	470934.182921	4398770.849253	7.141993	-0.466370	7.126750	1543307857.167700	3.341444	1.935390	1.928695
1.643486	470934.077182	4398772.299630	7.213965	-0.524149	7.194898	1543307857.366012	3.306451	1.887314	2.089332
1.644562	470934.003699	4398773.063721	7.241614	-0.533698	7.221921	1543307857.482631	3.238866	2.017603	2.072807
1.632414	470933.966904	4398773.792762	7.270119	-0.448144	7.256294	1543307857.569108	3.233867	1.947803	2.040592
1.639270	470933.838488	4398774.507242	7.332999	-0.501516	7.315829	1543307857.678313	3.236252	1.914773	2.028972
1.637520	470933.815831	4398775.325932	7.370599	-0.491541	7.354191	1543307857.768078	3.400513	2.101438	2.025425
1.644301	470933.787216	4398776.010861	7.414906	-0.544393	7.394895	1543307857.885372	3.246666	2.055494	2.036076
1.644423	470933.794510	4398776.781760	7.480400	-0.550368	7.460126	1543307857.970168	3.263437	1.984260	2.053557
1.643445	470933.661548	4398777.529167	7.526750	-0.546413	7.506890	1543307858.082521	3.261413	1.795736	2.054479
1.655592	470933.615409	4398778.281122	7.559858	-0.639890	7.532728	1543307858.166211	3.250109	1.746920	2.057003
1.643832	470933.569958	4398779.017366	7.637321	-0.557711	7.616931	1543307858.277871	3.287112	1.810576	2.063547
1.651051	470933.462466	4398779.819200	7.679455	-0.615319	7.654764	1543307858.365426	3.403938	1.744208	2.070238
1.651094	470933.448204	4398780.514547	7.717778	-0.618654	7.692942	1543307858.477771	3.287635	2.001336	2.072941
1.656213	470933.295128	4398782.037117	7.835327	-0.667887	7.806809	1543307858.678406	3.359889	1.742442	2.068426
1.642009	470933.265176	4398782.812298	7.879538	-0.561133	7.859532	1543307858.780201	3.332635	1.995088	2.073071
1.648302	470933.220521	4398783.555727	7.722713	-0.597804	7.699541	1543307858.883002	3.330834	1.908596	2.079112
1.654230	470933.121171	4398784.352349	7.652993	-0.637785	7.626370	1543307858.977918	3.315111	1.902374	2.079487
1.655750	470933.067103	4398785.121106	7.648747	-0.649254	7.621141	1543307859.076444	3.327459	1.985626	2.063469
1.637051	470933.048794	4398785.952968	7.854104	-0.520678	7.836826	1543307859.182230	3.412662	1.925087	2.054774
1.648626	470932.984058	4398786.708393	7.946709	-0.617410	7.922688	1543307859.278074	3.273375	2.063500	2.026264
1.644005	470932.862517	4398787.498955	7.997747	-0.585080	7.976317	1543307859.378330	3.244123	1.826915	2.021417
1.645898	470932.903236	4398788.291993	8.042316	-0.603380	8.019650	1543307859.483151	3.273266	1.899039	2.021245
1.651445	470932.726029	4398789.045088	7.599755	-0.612064	7.575068	1543307859.576875	3.284876	1.823348	2.037130
1.651294	470932.724206	4398789.789975	7.538406	-0.606278	7.513986	1543307859.675366	3.394946	1.960011	2.059183
1.637188	470932.710426	4398790.600104	7.627182	-0.506606	7.610338	1543307859.782467	3.333297	1.899463	2.050818
1.662485	470932.589262	4398791.391735	8.048120	-0.735984	8.014398	1543307859.877257	3.318683	1.919364	2.057214
1.643312	470932.446349	4398792.972149	8.126662	-0.588825	8.105302	1543307860.078008	3.299626	2.139019	1.948997
1.649048	470932.405682	4398793.758659	8.127574	-0.635156	8.102717	1543307860.178403	3.284448	2.009374	1.947764
1.645063	470932.330333	4398794.553600	7.965522	-0.591171	7.943554	1543307860.280619	3.336557	2.002369	1.943210
1.655391	470932.292650	4398795.335069	7.942474	-0.670745	7.914101	1543307860.377829	3.266887	2.036644	2.082265
1.654870	470932.214318	4398796.124593	8.085398	-0.679066	8.056831	1543307860.478317	3.328609	2.109916	1.945174
1.654913	470932.197895	4398796.887762	8.119481	-0.682218	8.090770	1543307860.577544	3.343676	1.981429	1.948901
1.648152	470932.031222	4398798.482335	7.930340	-0.612823	7.906626	1543307860.779438	3.284910	2.039903	1.942190
1.661073	470931.944226	4398799.252325	7.982643	-0.719087	7.950189	1543307860.883085	3.237575	1.948379	2.047858
1.651993	470931.850568	4398800.087377	8.016818	-0.650414	7.990390	1543307860.976748	3.328411	1.812846	2.007591
1.650692	470931.853587	4398800.901575	8.040699	-0.641722	8.015051	1543307861.080701	3.268438	1.974003	2.004444
1.653729	470931.713933	4398801.614364	8.088331	-0.669814	8.060549	1543307861.181881	3.247171	1.919349	2.022817
1.661102	470931.653721	4398802.428022	7.798484	-0.702947	7.766738	1543307861.279608	3.317952	2.030604	2.035728
1.653364	470931.654244	4398803.227644	7.861709	-0.648665	7.834903	1543307861.381778	3.307357	1.964481	2.051650
1.652164	470931.588222	4398804.022243	7.724907	-0.627936	7.699343	1543307861.480313	3.282371	1.891307	2.074762
1.645113	470931.535877	4398804.843522	7.839417	-0.582390	7.817754	1543307861.576909	3.351287	1.924024	2.073351
1.657265	470931.459343	4398805.614074	7.926657	-0.684150	7.897077	1543307861.677440	3.296607	2.058613	2.052923
1.666785	470931.412833	4398806.396904	7.887168	-0.755647	7.850886	1543307861.780188	3.278143	2.047087	2.027340
1.650685	470931.281877	4398807.223674	7.957863	-0.635773	7.932426	1543307861.882222	3.371511	2.112635	2.030754
1.646828	470931.204958	4398808.005979	7.978423	-0.606257	7.955356	1543307861.979192	3.341832	2.021693	2.047594
1.653840	470931.193101	4398808.816522	8.011265	-0.664317	7.983674	1543307862.077127	3.395725	1.911314	2.070303
1.662696	470931.079713	4398809.619233	8.005444	-0.734376	7.971689	1543307862.182841	3.422318	1.998171	2.050428
1.650425	470931.060825	4398810.401826	8.028060	-0.639164	8.002576	1543307862.282558	3.374141	1.919745	2.001383
1.654664	470930.988443	4398811.162548	7.974799	-0.667927	7.946778	1543307862.382453	3.329144	1.967900	2.076832
1.651812	470930.871705	4398811.944108	7.936849	-0.642372	7.910811	1543307862.484419	3.331079	1.830515	2.050706
1.653798	470930.837571	4398812.692218	8.047160	-0.667009	8.019469	1543307862.579707	3.339556	1.949687	2.056857
1.658340	470930.700268	4398813.498187	8.092094	-0.707249	8.061128	1543307862.676945	3.303001	1.934576	2.071775
1.652243	470930.722071	4398814.343861	8.082855	-0.657807	8.056044	1543307862.779987	3.383313	1.941679	1.962626
1.659565	470930.661202	4398815.155263	8.045690	-0.672434	8.017541	1543307862.877371	3.608143	2.098406	1.977246
1.651289	470930.486991	4398816.673498	8.129440	-0.684362	8.100583	1543307863.084542	3.436261	1.942465	2.040924
1.678997	470930.479175	4398817.427761	7.870812	-0.721090	7.837711	1543307863.178656	3.365303	2.046894	2.072446
1.678244	470930.336298	4398818.245139	8.119965	-0.787777	8.081660	1543307863.285108	3.323381	1.803365	1.957104
1.718544	470930.227017	4398819.060383	8.013452	-0.748791	7.978391	1543307863.378710	3.382098	1.863035	2.078502
1.691463	470930.255000	4398819.886492	7.782065	-0.683048	7.752031	1543307863.485537	3.441596	2.045646	2.058240
1.677724	470930.159749	4398820.695004	7.753108	-0.725781	7.719063	1543307863.580528	3.520600	2.071849	2.012754
1.652246	470930.008358	4398821.343976	7.985181	-0.795298	7.945477	1543307863.678601	3.429474	2.051892	2.044408
1.670705	470930.031920	4398822.215071	8.107750	-0.808163	8.067371	1543307863.779587	3.319398	1.924953	2.083248
1.668465	470929.897567	4398823.786231	8.095681	-0.828485	8.053177	1543307863.978164	3.471349	1.961055	2.043099
1.671996	470929.822956	4398824.729366	7.858548	-0.800706	7.817649	1543307864.078935	3.764740	2.060030	1.980170
1.653661	470929.714874	4398825.355081	7.823856	-0.743281	7.788469	1543307864.180144	3.386824	2.049718	1.965111
1.673534	470929.692368	4398826.108345	7.808493	-0.678294	7.778977	1543307864.286181	3.521962	2.048402	2.040151
1.649245	470929.559026	4398826.892633	8.093873	-0.678825	8.065356	1543307864.377622	3.397388	2.036448	2.027487
1.649282	470929.505860	4398827.749508	8.225758	-0.690896	8.196692	1543307864.479338	3.416285	2.030669	2.071330
1.640552	470929.406509	4398829.309006	8.108937	-0.599863	8.086719	1543307864.678871	3.313691	1.851103	2.051209
1.621718	470929.312070	4398830.085011	7.903812	-0.577485	7.882687	1543307864.778871	3.365746	1.844844	2.038206
1.672353	470929.237981	4398830.858261	7.784569	-0.651063	7.757295	1543307864.880573	3.351674	1.823837	1.982823
1.626884	470929.150430	4398831.683519	7.835173	-0.583067	7.813448	1543307864.979893	3.393492	1.914868	2.067002
1.664587	470929.176553	4398832.489129	7.792860	-0.634883	7.766955	1543307865.093066	3.410691	2.022143	2.064845
1.651807	470929.117841	4398833.252135	7.715035	-0.636118	7.688766	1543307865.182533	3.411916	1.965298	1.970369
1.648501	470929.054164	4398833.979134	7.985570	-0.662828	7.958014	1543307865.281380	3.264521	1.946972	2.077438
1.675873	470928.996132	4398834.821002	7.942668	-0.719928	7.909974	1543307865.387031	3.428204	2.004228	2.053771
1.631075	470928.864094	4398835.571704	7.942592	-0.709555	7.910834	1543307865.487876	3.425785	1.989441	2.045101
1.617738	470928.831945	4398836.402060	7.791613	-0.612785	7.767479	1543307865.582127	3.416064	1.934605	2.058211
1.662374	470928.744685	4398837.221613	7.822043	-0.573658	7.800979	1543307865.678699	3.350899	1.805023	1.980168
1.660637	470928.661072	4398838.181319	7.811969	-0.618109	7.787477	1543307865.781274	3.708654	1.830730	1.983307
1.666516	470928.621784	4398838.804951	7.785730	-0.577871	7.764256	1543307865.878958	3.362053	1.801916	2.080533
1.645496	470928.627598	4398839.582512	7.750594	-0.576292	7.729139	1543307865.981487	3.304009	1.931356	2.077649
1.678150	470928.601476	4398840.365020	7.967898	-0.677062	7.939080	1543307866.079936	3.373334	2.011289	1.989040
1.652354	470928.445708	4398841.216131	7.940351	-0.649550	7.913738	1543307866.178459	3.379153	1.830616	1.995368
1.605948	470928.442138	4398841.914073	7.938160	-0.515172	7.921426	1543307866.279508	3.182333	1.804993	1.980636
1.609665	470928.364499	4398842.788369	7.865563	-0.442400	7.853112	1543307866.377148	3.384730	1.900696	2.059043
1.584135	470928.335039	4398843.577308	7.838332	-0.317002	7.831920	1543307866.478994	3.394135	1.813747	2.048341
1.649160	470928.219783	4398844.351401	7.795906	-0.421325	7.784513	1543307866.585152	3.366345	1.825244	2.059557
1.636903	470928.174497	4398845.116731	7.767558	-0.452493	7.754367	1543307866.677478	3.268292	1.825617	2.068692
1.642580	470928.170407	4398845.932246	7.742069	-0.431754	7.730021	1543307866.778670	3.298026	1.941952	1.977454
1.633974	470928.107872	4398846.730339	7.968880	-0.464494	7.955331	1543307866.880967	3.305833	1.899627	2.078889
1.681266	470927.964930	4398847.485418	7.925294	-0.543086	7.906665	1543307866.979745	3.337538	1.843007	1.981453
1.661691	470927.959004	4398848.281781	7.973446	-0.606210	7.950368	1543307867.077706	3.210157	2.099853	2.002840
1.644477	470927.876992	4398849.883033	7.819310	-0.606322	7.795767	1543307867.277651	3.204488	1.928793	2.034737
1.631954	470927.794895	4398850.670483	7.795901	-0.592224	7.773374	1543307867.378711	3.249456	1.920666	2.023077
1.657745	470927.728588	4398851.453284	7.773829	-0.618467	7.749188	1543307867.485111	3.239508	2.059805	1.994372
1.662444	470927.710059	4398852.243063	7.782963	-0.645814	7.756122	1543307867.576480	3.294803	1.953208	2.058022
1.641412	470927.592675	4398853.016774	7.808121	-0.614475	7.783905	1543307867.676635	3.389482	1.825503	2.046091
1.660855	470927.602788	4398853.788028	7.721050	-0.592042	7.698318	1543307867.780053	3.323151	1.979794	2.065213
1.646868	470927.383957	4398855.439483	7.903818	-0.583900	7.882220	1543307867.977126	3.364799	2.006078	2.004193
1.675019	470927.403387	4398856.196425	7.947995	-0.648377	7.921504	1543307868.077842	3.281173	2.004433	2.002189
1.632316	470927.261489	4398856.959597	7.881262	-0.598115	7.858533	1543307868.178292	3.283734	1.967908	1.991746
1.661675	470927.233347	4398857.742830	7.932495	-0.647892	7.905993	1543307868.279559	3.194860	2.056660	1.994004
1.627268	470927.194015	4398858.603983	7.977527	-0.565062	7.957490	1543307868.377775	3.319400	1.967688	2.014005
1.649169	470927.124559	4398859.364220	7.863021	-0.578026	7.841746	1543307868.476948	3.262780	2.061057	2.018242
1.639223	470927.021698	4398860.165527	7.935166	-0.568531	7.914773	1543307868.576646	3.302194	2.064178	2.012803
1.658585	470926.987783	4398860.880416	7.836236	-0.581878	7.814602	1543307868.684391	3.255452	2.061230	1.996463
1.663859	470926.973211	4398861.675271	7.832780	-0.633530	7.807117	1543307868.775714	3.367292	1.949723	1.979267
1.690181	470926.867319	4398862.496603	7.820603	-0.667708	7.792047	1543307868.882907	3.278963	1.908819	1.976659
1.670423	470926.838367	4398863.270883	7.831250	-0.709521	7.799042	1543307868.979547	3.261424	1.956628	1.985081
1.649658	470926.736623	4398864.045837	7.870564	-0.678432	7.841270	1543307869.080697	3.231253	2.064052	1.985598
1.648302	470926.662751	4398864.829317	7.810253	-0.647380	7.783376	1543307869.178209	3.241694	2.064830	1.984168
1.658685	470926.579099	4398866.418190	7.901234	-0.650539	7.874408	1543307869.378824	3.241304	1.978842	1.997994
1.658745	470926.467505	4398867.211911	7.931160	-0.657657	7.903846	1543307869.475897	3.332014	2.014754	2.006875
1.672756	470926.455063	4398868.006480	7.907763	-0.615385	7.883782	1543307869.578768	3.338274	2.020176	2.006460
1.672630	470926.312811	4398869.575062	8.002900	-0.711531	7.971207	1543307869.778534	3.251182	2.017061	2.001935
1.672472	470926.234729	4398870.358484	7.990542	-0.747868	7.955467	1543307869.883272	3.309125	1.992039	2.004851
1.686913	470926.239187	4398871.119266	7.980406	-0.809463	7.939247	1543307869.983522	3.262202	2.013749	1.992095
1.680004	470926.171912	4398871.912207	7.901254	-0.823302	7.858243	1543307870.077994	3.369880	1.970873	1.984264
1.614426	470926.023388	4398872.746547	7.769554	-0.723424	7.735802	1543307870.180609	3.328921	1.883548	2.071146
1.611626	470925.968838	4398873.523393	7.774023	-0.674236	7.744730	1543307870.276004	3.312474	1.898790	2.066197
1.626569	470925.904939	4398874.493495	7.841883	-0.695600	7.810971	1543307870.379664	3.697617	1.864877	1.970581
1.648243	470925.872234	4398875.286252	7.819572	-0.660396	7.791636	1543307870.479320	3.731244	1.901492	1.973649
1.689389	470925.841692	4398875.865345	7.973715	-0.684756	7.944259	1543307870.582093	3.377461	2.004961	1.987457
1.695866	470925.777784	4398876.662967	7.999288	-0.676846	7.970601	1543307870.679048	3.273938	2.052764	2.000209
1.652741	470925.638551	4398877.432464	7.960498	-0.639841	7.934742	1543307870.777985	3.244486	1.948757	1.994290
1.663739	470925.566108	4398878.223871	7.993489	-0.651436	7.966900	1543307870.876970	3.286530	1.962706	1.994862
1.685392	470925.560624	4398879.013436	8.022004	-0.611502	7.998663	1543307870.977561	3.220322	1.955844	2.001721
1.674614	470925.479031	4398879.825204	8.007509	-0.645724	7.981431	1543307871.083081	3.285748	2.025616	2.013111
1.683960	470925.436224	4398880.630787	7.998827	-0.667923	7.970892	1543307871.179785	3.304008	2.003452	2.016294
1.669688	470925.331577	4398881.371478	7.910592	-0.666903	7.882430	1543307871.283347	3.238104	1.968020	2.004073
1.649692	470925.250761	4398882.201227	7.984367	-0.657773	7.957226	1543307871.378505	3.451758	1.820982	1.985619
1.701938	470925.140290	4398883.005013	7.982983	-0.658226	7.955801	1543307871.476329	3.499421	1.826391	1.987085
1.683418	470925.176078	4398883.770647	7.871966	-0.731476	7.837908	1543307871.578442	3.326512	2.014819	1.999815
1.654771	470925.046996	4398884.719239	7.929540	-0.751088	7.893888	1543307871.686519	3.626540	1.942247	2.015689
1.667171	470925.027665	4398885.346143	7.907788	-0.714171	7.875473	1543307871.778056	3.230665	1.990968	2.022161
1.658645	470924.951085	4398886.125303	7.879088	-0.703816	7.847590	1543307871.878703	3.242310	1.993588	2.023294
1.675922	470924.895332	4398887.097920	7.837387	-0.644398	7.810850	1543307871.983549	3.686037	2.011085	2.014889
1.660272	470924.819837	4398887.737370	7.865389	-0.618946	7.840998	1543307872.077609	3.348132	1.921750	2.014268
1.643371	470924.752305	4398888.474067	7.910801	-0.572971	7.890024	1543307872.177720	3.346585	1.886402	2.021481
1.663703	470924.722986	4398889.302691	8.035915	-0.639875	8.010399	1543307872.279929	3.304669	1.955608	2.020546
1.684896	470924.680764	4398890.119228	7.999489	-0.639674	7.973873	1543307872.377200	3.332766	1.986248	2.019475
1.662200	470924.530894	4398890.924870	8.001790	-0.631327	7.976846	1543307872.479932	3.344727	1.853551	2.021652
1.659916	470924.531865	4398891.686291	8.006459	-0.660438	7.979173	1543307872.577653	3.278576	1.927493	2.017773
1.687827	470924.491019	4398892.506675	8.007273	-0.665144	7.979599	1543307872.685015	3.355923	2.034714	2.020351
1.656218	470924.386052	4398893.268979	8.012928	-0.628290	7.988258	1543307872.777337	3.331529	2.067896	2.049585
1.635293	470924.279855	4398894.132864	8.177153	-0.600377	8.155083	1543307872.881223	3.382797	2.076164	2.063476
1.670550	470924.255186	4398894.841411	8.264707	-0.562848	8.245519	1543307872.978919	3.310068	1.920628	2.055532
1.666905	470924.232424	4398895.719677	8.270927	-0.639947	8.246133	1543307873.083728	3.407730	1.946739	2.029425
1.670239	470924.099921	4398896.610081	8.495149	-0.717715	8.464777	1543307873.177987	3.811064	1.823744	1.987697
1.634790	470924.060538	4398897.219195	8.427376	-0.716725	8.396843	1543307873.280978	3.341504	2.053128	1.969929
1.670683	470924.048133	4398897.980041	7.918211	-0.711358	7.886192	1543307873.377372	3.416957	2.056604	1.977790
1.687396	470924.027597	4398898.819319	7.939463	-0.788222	7.900239	1543307873.479007	3.393826	2.068230	1.992563
1.684746	470923.965581	4398899.605086	7.982252	-0.833396	7.938627	1543307873.577884	3.389208	2.054302	1.997320
1.644340	470923.844015	4398900.550591	8.007377	-0.766486	7.970607	1543307873.684404	3.736693	1.949321	2.014327
1.675038	470923.728853	4398901.219985	8.186875	-0.779205	8.149710	1543307873.778680	3.298951	1.858348	2.031981
1.673837	470923.687834	4398902.783929	8.114315	-0.759536	8.078689	1543307873.981606	3.310247	2.031257	2.045632
1.670110	470923.554784	4398903.586317	7.890933	-0.755143	7.854717	1543307874.079783	3.304334	1.866033	2.039121
1.650064	470923.487734	4398905.157686	7.969422	-0.703940	7.938272	1543307874.281935	3.328881	1.973527	2.027708
1.654805	470923.415643	4398906.148406	7.992357	-0.741531	7.957883	1543307874.379529	3.772763	1.910941	2.024708
1.697834	470923.270064	4398906.729822	8.018899	-0.715875	7.986880	1543307874.484004	3.387071	1.818436	2.017031
1.619139	470923.285484	4398907.504760	8.070364	-0.610283	8.047256	1543307874.579153	3.397796	1.893263	2.014328
1.673873	470923.184796	4398908.287533	8.092398	-0.693086	8.062663	1543307874.679449	3.414168	1.880990	2.013580
1.659464	470923.160747	4398909.154781	7.866970	-0.627032	7.841941	1543307874.780367	3.448266	1.918782	2.026682
1.683875	470922.927475	4398911.490511	7.969724	-0.680564	7.940613	1543307875.079885	3.352083	1.891978	2.028932
1.640523	470922.878697	4398912.266791	8.031212	-0.643741	8.005371	1543307875.179434	3.352606	1.903490	2.014446
1.721250	470922.705637	4398913.126087	7.990438	-0.674203	7.961944	1543307875.283930	3.475713	1.811024	2.010178
1.687955	470922.706557	4398914.645178	8.035287	-0.671259	8.007199	1543307875.479019	3.337807	2.015858	2.007342
1.725492	470922.481331	4398915.660264	8.048160	-0.664610	8.020672	1543307875.580280	3.796632	1.839242	2.004672
1.675396	470922.571478	4398916.231718	8.062923	-0.673900	8.034711	1543307875.679315	3.343511	2.011091	1.994831
1.673264	470922.429556	4398916.992399	8.074916	-0.693115	8.045115	1543307875.778838	3.389429	1.809717	1.989621
1.674919	470922.307268	4398919.442365	7.875201	-0.735206	7.840807	1543307876.080241	3.438497	1.973640	2.015724
1.679893	470922.161162	4398920.383458	8.124534	-0.746634	8.090154	1543307876.182617	3.711024	1.856770	2.012198
1.712321	470922.169305	4398920.959343	7.947643	-0.711763	7.915708	1543307876.290220	3.310328	2.025197	2.030654
1.670207	470922.066958	4398921.812105	7.898822	-0.729146	7.865096	1543307876.377338	3.316118	2.020321	2.049228
1.671395	470921.985720	4398922.613559	7.879120	-0.710292	7.847039	1543307876.480862	3.338868	2.049642	2.049117
1.682459	470921.938913	4398923.377054	7.903956	-0.771308	7.866232	1543307876.582495	3.272563	2.042651	2.035682
1.653091	470921.873676	4398924.135402	7.837095	-0.693858	7.806319	1543307876.680002	3.303600	1.878137	2.009536
1.645102	470921.818610	4398925.073327	7.904551	-0.657834	7.877131	1543307876.779353	3.575037	1.950066	2.001297
1.670968	470921.759919	4398925.712720	7.765814	-0.691466	7.734969	1543307876.884375	3.373301	1.952110	2.006633
1.687145	470921.646427	4398926.691647	7.825253	-0.660834	7.797299	1543307876.982073	3.601401	1.970602	2.012623
1.658641	470921.565824	4398927.308545	7.840602	-0.671341	7.811808	1543307877.088621	3.280841	1.832679	1.999604
1.668343	470921.555261	4398928.095937	7.848221	-0.704225	7.816562	1543307877.180331	3.324530	1.949302	1.965883
1.654057	470921.421551	4398928.939769	7.897293	-0.690812	7.867021	1543307877.287837	3.438636	1.828893	2.065125
1.661078	470921.440010	4398929.676820	7.927906	-0.700401	7.896907	1543307877.378449	3.315819	1.958925	1.969832
1.676203	470921.275919	4398931.233349	8.059768	-0.732985	8.026369	1543307877.593666	3.331550	2.016832	2.013569
1.678876	470921.212031	4398932.045808	8.052877	-0.780661	8.014948	1543307877.682877	3.308511	1.951171	1.998460
1.666394	470921.144094	4398932.823116	8.042632	-0.753948	8.007215	1543307877.783784	3.238748	2.033694	1.994652
1.657309	470921.034853	4398933.587138	7.863576	-0.719897	7.830554	1543307877.882377	3.348669	2.032100	1.992968
1.649794	470920.983677	4398934.391470	7.858279	-0.684776	7.828386	1543307877.981986	3.343563	1.978189	1.983048
1.642211	470920.911911	4398935.169854	7.796680	-0.624810	7.771604	1543307878.083611	3.278978	1.829043	1.970442
1.663575	470920.815941	4398936.148809	7.840087	-0.716572	7.807271	1543307878.178116	3.721480	1.829780	1.972185
1.666525	470920.808576	4398936.750865	7.833678	-0.655762	7.806182	1543307878.286433	3.307636	1.925948	1.974735
1.666894	470920.677845	4398937.577859	7.817661	-0.679968	7.788033	1543307878.379070	3.237672	2.012475	1.985717
1.657298	470920.628652	4398938.345774	7.897588	-0.685157	7.867811	1543307878.478982	3.244419	2.065388	1.988863
1.669926	470920.587257	4398939.145202	7.891838	-0.644713	7.865459	1543307878.580288	3.198695	2.003926	1.986140
1.655536	470920.512140	4398939.954197	7.931962	-0.656477	7.904749	1543307878.679325	3.229887	1.970367	1.986531
1.671071	470920.463576	4398940.760140	7.769943	-0.692744	7.739000	1543307878.785424	3.265515	2.056610	1.992233
1.670072	470920.433694	4398941.559488	8.007344	-0.743782	7.972725	1543307878.879138	3.319948	1.984213	1.997231
1.664187	470920.366554	4398942.350400	7.984422	-0.743070	7.949770	1543307878.979359	3.287862	1.981347	1.997729
1.674845	470920.264176	4398943.147353	8.009781	-0.754131	7.974201	1543307879.078650	3.279245	2.054118	2.002541
1.646584	470920.219507	4398943.952992	7.998419	-0.699235	7.967796	1543307879.180359	3.314533	1.958125	1.996243
1.680873	470920.117778	4398944.718584	7.932134	-0.758527	7.895782	1543307879.285533	3.268511	2.047481	1.993297
1.674343	470920.001255	4398945.480309	7.916797	-0.778292	7.878448	1543307879.378250	3.223938	1.888226	2.002635
1.682238	470920.041099	4398946.315895	7.903972	-0.814067	7.861938	1543307879.481266	3.327383	1.996509	1.999399
1.659988	470919.873098	4398947.876690	7.855530	-0.749682	7.819675	1543307879.677764	3.253992	2.033001	1.983920
1.671555	470919.796608	4398948.652680	7.839574	-0.761709	7.802481	1543307879.777930	3.246198	2.022360	2.064199
1.640546	470919.742483	4398949.579555	7.812669	-0.683235	7.782737	1543307879.888702	3.531191	1.985702	2.059234
1.640835	470919.670023	4398950.296175	7.800309	-0.685052	7.770169	1543307879.977802	3.417813	1.972389	2.054787
1.658077	470919.636625	4398951.005692	7.884124	-0.690750	7.853806	1543307880.078132	3.265618	1.973274	2.057571
1.671384	470919.578373	4398951.809013	8.028898	-0.739740	7.994747	1543307880.182827	3.258079	2.021158	2.069868
1.646138	470919.497739	4398952.595138	8.010134	-0.691493	7.980231	1543307880.288057	3.232147	2.019377	1.990622
1.681026	470919.468961	4398953.388365	7.999665	-0.754178	7.964036	1543307880.379570	3.220346	2.102904	2.007689
1.675830	470919.395241	4398954.224726	7.927200	-0.778645	7.888866	1543307880.483954	3.311969	2.015212	2.008504
1.675740	470919.349490	4398955.080446	7.954619	-0.800146	7.914274	1543307880.579079	3.427126	2.125084	2.005091
1.664010	470919.248171	4398955.764737	7.962304	-0.779307	7.924075	1543307880.681806	3.246650	2.070810	2.006796
1.670492	470919.192216	4398956.561754	7.960284	-0.759565	7.923962	1543307880.788516	3.235637	2.070516	2.004964
1.683585	470919.154407	4398957.354936	7.959518	-0.738095	7.925222	1543307880.887524	3.226828	2.070704	2.002628
1.660333	470919.037461	4398958.145416	8.010051	-0.685407	7.980672	1543307880.988377	3.253916	2.019758	1.986765
1.652658	470918.893001	4398959.696018	8.077384	-0.693253	8.047579	1543307881.190617	3.241821	2.014899	2.059801
1.649298	470918.836808	4398960.484745	8.030613	-0.667449	8.002828	1543307881.278844	3.247882	2.012002	2.056920
1.655194	470918.784820	4398961.300875	8.027837	-0.670511	7.999786	1543307881.380479	3.286714	2.073365	1.976576
1.695690	470918.757022	4398962.874889	7.843087	-0.610838	7.819264	1543307881.580866	3.253635	2.093868	1.998924
1.692588	470918.671486	4398963.639470	7.738608	-0.588758	7.716179	1543307881.678548	3.223034	2.068784	2.004074
1.655789	470918.527270	4398964.466132	7.804396	-0.618788	7.779826	1543307881.780325	3.315165	2.098937	2.004188
1.678245	470918.432441	4398965.244928	7.811119	-0.699502	7.779735	1543307881.884796	3.307994	1.870466	2.002719
1.689586	470918.441439	4398966.052077	7.812541	-0.653025	7.785201	1543307881.982503	3.335672	2.068998	2.010903
1.706294	470918.412010	4398966.833328	7.927510	-0.720649	7.894687	1543307882.078034	3.307564	2.094586	2.001884
1.642396	470918.326955	4398967.586521	7.993349	-0.672693	7.964993	1543307882.179500	3.264194	1.944100	1.986514
1.664495	470918.230095	4398968.359359	7.969615	-0.695645	7.939197	1543307882.288658	3.240816	2.011874	2.068908
1.669665	470918.202413	4398969.146026	7.945807	-0.726568	7.912518	1543307882.383171	3.241398	2.011858	2.064464
1.651990	470918.059303	4398969.915320	7.965489	-0.699376	7.934727	1543307882.482149	3.209503	2.014421	2.072353
1.675352	470918.045108	4398970.731179	7.876108	-0.671340	7.847444	1543307882.581285	3.256174	2.022067	1.986813
1.654383	470917.953186	4398971.544664	7.833655	-0.566337	7.813157	1543307882.686014	3.311771	2.073418	2.000814
1.714087	470917.997303	4398972.302397	7.758320	-0.648488	7.731170	1543307882.789225	3.340816	2.118901	2.019940
1.713061	470917.841432	4398973.102001	7.853989	-0.642873	7.827634	1543307882.888994	3.418608	1.917203	2.043259
1.686782	470917.840570	4398973.879344	7.869816	-0.734529	7.835463	1543307882.991511	3.423732	1.990642	2.058788
1.660982	470917.776280	4398974.654438	7.857741	-0.725074	7.824216	1543307883.083593	3.400644	1.924974	2.044114
1.689706	470917.631696	4398975.485951	8.007578	-0.813596	7.966139	1543307883.190479	3.341069	1.871130	2.013513
1.643599	470917.582886	4398976.256984	8.191241	-0.729654	8.158678	1543307883.288263	3.282787	2.099160	1.988475
1.657775	470917.537434	4398977.027745	8.293763	-0.732261	8.261374	1543307883.390717	3.246517	2.099783	2.071002
1.697960	470917.502655	4398977.803664	8.063512	-0.814576	8.022263	1543307883.488626	3.297910	2.004885	2.051324
1.666474	470917.438242	4398978.604805	8.077999	-0.800567	8.038231	1543307883.591160	3.273777	1.968424	2.049127
1.698751	470917.394436	4398979.398027	7.870447	-0.861189	7.823189	1543307883.681121	3.285628	2.073944	2.047575
1.711941	470917.315779	4398980.161183	7.865618	-0.807857	7.824021	1543307883.796207	3.265630	2.006925	2.055501
1.671303	470917.218645	4398980.939170	7.863216	-0.800759	7.822337	1543307883.889990	3.232725	2.013908	2.064100
1.669995	470917.145211	4398981.731763	7.862969	-0.793046	7.822874	1543307883.990434	3.247699	2.021281	1.971232
1.677485	470917.132427	4398982.522572	7.851788	-0.807525	7.810152	1543307884.084308	3.245803	2.102937	1.988009
1.647792	470917.058265	4398983.320709	7.962686	-0.745599	7.927701	1543307884.193998	3.281932	1.912497	1.987710
1.671528	470917.031405	4398984.078248	7.853709	-0.725547	7.820123	1543307884.280838	3.225838	2.018787	1.992085
1.647883	470916.954967	4398984.880536	7.847224	-0.671006	7.818483	1543307884.391121	3.263846	1.961838	1.994892
1.654744	470916.884585	4398985.703167	7.992064	-0.734811	7.958212	1543307884.487046	3.346053	2.010481	1.988549
1.653418	470916.753712	4398986.446128	7.925532	-0.638685	7.899756	1543307884.590880	3.259277	2.073798	1.993056
1.669778	470916.707998	4398987.286056	7.982448	-0.695164	7.952120	1543307884.683640	3.338728	2.074801	2.005796
1.686301	470916.670188	4398988.076933	8.067167	-0.784787	8.028904	1543307884.789704	3.391945	2.075838	2.016298
1.674067	470916.597180	4398988.826834	7.994277	-0.794618	7.954687	1543307884.880628	3.331834	2.018615	2.023296
1.701073	470916.562776	4398989.615723	8.101183	-0.766464	8.064843	1543307884.990710	3.348071	2.090687	2.024904
1.665218	470916.364815	4398991.184368	7.827197	-0.706493	7.795248	1543307885.190781	3.354735	2.019505	2.023627
1.674162	470916.316799	4398992.003147	7.944888	-0.752921	7.909131	1543307885.280311	3.328873	2.077943	2.012328
1.673043	470916.260960	4398992.778236	7.821911	-0.716934	7.788986	1543307885.391222	3.313999	2.019863	2.007964
1.665565	470916.185211	4398993.528772	7.824056	-0.685050	7.794008	1543307885.480319	3.273333	2.079488	1.994599
1.657944	470916.110658	4398994.312948	8.027147	-0.678192	7.998446	1543307885.588925	3.260208	2.081373	1.987917
1.634965	470916.069994	4398995.107346	7.975568	-0.613904	7.951906	1543307885.679093	3.284694	1.902672	1.987377
1.661864	470915.893127	4398996.660762	7.847256	-0.613134	7.823267	1543307885.889623	3.260708	2.030261	1.981848
1.650226	470915.820051	4398997.460598	7.851256	-0.616704	7.826998	1543307885.978139	3.283531	2.060258	1.996732
1.662601	470915.825387	4398998.261248	7.853696	-0.648637	7.826865	1543307886.090020	3.305753	1.945894	2.014254
1.664928	470915.627896	4399000.623501	7.845815	-0.719972	7.812711	1543307886.383878	3.303705	1.946057	2.011172
1.691061	470915.532539	4399001.429019	7.857272	-0.716259	7.824557	1543307886.487466	3.348875	2.085906	2.008183
1.663445	470915.509900	4399002.177513	7.858095	-0.719995	7.825041	1543307886.578631	3.257972	2.004950	2.006274
1.680823	470915.405664	4399002.958296	7.903165	-0.721072	7.870202	1543307886.683309	3.264549	2.087476	2.005811
1.666243	470915.386949	4399003.768627	7.865539	-0.689933	7.835221	1543307886.779355	3.305809	1.954694	2.011514
1.667915	470915.326892	4399004.514379	7.846400	-0.713728	7.813871	1543307886.885567	3.214829	2.016289	2.007075
1.680046	470915.210001	4399005.342521	7.899246	-0.732971	7.865167	1543307886.984388	3.311430	2.031382	2.003967
1.676764	470915.138163	4399006.131173	7.896421	-0.770420	7.858747	1543307887.083539	3.329801	2.089833	2.004596
1.663147	470915.080797	4399006.904219	7.853951	-0.751242	7.817939	1543307887.180323	3.298937	2.032510	2.005528
1.678592	470915.020348	4399007.669503	7.872839	-0.786481	7.833457	1543307887.285534	3.277164	2.115281	2.009059
1.687479	470914.977498	4399008.463649	7.910668	-0.744615	7.875546	1543307887.384520	3.274191	2.087483	2.006990
1.645678	470914.894898	4399009.263930	7.911196	-0.710502	7.879227	1543307887.489696	3.305543	1.924138	1.996424
1.627588	470914.784373	4399010.055940	7.915254	-0.618048	7.891088	1543307887.580613	3.320511	1.888015	1.989185
1.669631	470914.739004	4399010.791711	7.933389	-0.678678	7.904306	1543307887.678941	3.207913	2.029022	1.977559
1.665180	470914.635572	4399011.576492	7.936929	-0.704578	7.905594	1543307887.784727	3.204569	2.029227	1.972455
1.655132	470914.574615	4399012.364353	7.925209	-0.690229	7.895095	1543307887.880181	3.217401	1.942178	1.973997
1.677558	470914.535524	4399013.193473	7.980287	-0.751454	7.944829	1543307887.982406	3.261499	2.008657	1.986515
1.681583	470914.501425	4399013.983271	7.970840	-0.796708	7.930923	1543307888.082992	3.251919	2.007001	1.997517
1.693349	470914.356644	4399015.586287	7.992649	-0.731085	7.959143	1543307888.278826	3.282345	2.087345	2.009387
1.696341	470914.284827	4399016.381011	7.986132	-0.727171	7.952957	1543307888.389531	3.294699	2.117327	2.007925
1.701997	470914.234469	4399017.163853	7.978422	-0.840005	7.934079	1543307888.480459	3.278706	2.116032	2.014074
1.696815	470914.157234	4399017.934114	7.874409	-0.886315	7.824369	1543307888.588227	3.242457	2.032475	2.022733
1.681872	470914.043183	4399018.748456	8.075324	-0.767145	8.038802	1543307888.679759	3.322321	2.088371	2.010895
1.684231	470914.023132	4399019.510765	8.072244	-0.747702	8.037540	1543307888.787427	3.282098	2.089335	2.006902
1.704107	470913.924044	4399021.083109	8.093942	-0.798802	8.054428	1543307888.987360	3.259328	2.089290	2.013421
1.675225	470913.837510	4399021.899855	8.101822	-0.695320	8.071930	1543307889.088221	3.311819	1.990278	2.014311
1.689642	470913.788497	4399022.697001	8.051859	-0.682224	8.022905	1543307889.194405	3.323381	2.001546	2.005507
1.688574	470913.714026	4399023.427731	7.930728	-0.759238	7.894302	1543307889.281811	3.254894	2.036334	1.990958
1.654587	470913.576578	4399024.181306	7.868578	-0.720163	7.835553	1543307889.387466	3.232760	1.944417	1.979494
1.676293	470913.546285	4399024.999328	7.883769	-0.761039	7.846951	1543307889.484499	3.272332	2.029853	1.973436
1.677531	470913.519468	4399025.790691	7.930603	-0.793965	7.890759	1543307889.590135	3.303990	1.946226	2.072432
1.694146	470913.438012	4399026.576926	7.956445	-0.744067	7.921576	1543307889.685968	3.248217	1.983630	1.981526
1.671397	470913.328582	4399027.374528	7.889217	-0.717096	7.856559	1543307889.789907	3.225025	2.038280	2.000464
1.668363	470913.311255	4399028.176697	7.920462	-0.738895	7.885921	1543307889.882759	3.235705	1.974419	2.001038
1.657029	470913.226599	4399028.987655	7.929447	-0.719724	7.896717	1543307889.991275	3.291918	1.965023	1.996737
1.661366	470913.144610	4399029.771816	7.931595	-0.718981	7.898941	1543307890.089020	3.297483	2.037329	1.992850
1.648336	470913.084613	4399030.561635	7.925104	-0.679708	7.895902	1543307890.190630	3.308133	1.923744	1.992517
1.666770	470913.022399	4399031.341348	7.931456	-0.708109	7.899784	1543307890.280122	3.297512	1.966636	2.000220
1.647032	470912.927834	4399032.106512	7.924484	-0.669309	7.896168	1543307890.390867	3.262368	1.925332	2.001715
1.664124	470912.889786	4399032.880060	7.911111	-0.693490	7.880656	1543307890.486802	3.237635	1.941033	2.003401
1.680095	470912.819795	4399033.675918	7.924002	-0.757373	7.887724	1543307890.592536	3.256450	2.013904	2.003418
1.684844	470912.744433	4399034.445520	7.907665	-0.808844	7.866189	1543307890.686287	3.233750	1.971335	2.007298
1.684244	470912.674839	4399035.253325	7.904104	-0.840856	7.859251	1543307890.788755	3.283223	2.049965	2.010061
1.675314	470912.608866	4399036.032224	7.916801	-0.836788	7.872454	1543307890.882048	3.263561	2.020352	1.998681
1.688441	470912.517418	4399036.809640	7.929535	-0.872792	7.881355	1543307890.989854	3.263330	2.048376	1.997668
1.686778	470912.457656	4399037.578533	7.886829	-0.883997	7.837131	1543307891.085773	3.247496	2.007175	1.990745
1.676011	470912.355765	4399038.358083	7.884178	-0.863838	7.836712	1543307891.191615	3.241357	2.037206	1.985136
1.694571	470912.323731	4399039.160998	7.878291	-0.900192	7.826693	1543307891.279235	3.281128	2.072658	2.002898
1.698006	470912.250959	4399039.939738	7.874133	-0.882510	7.824522	1543307891.389912	3.237469	2.093384	2.010881
1.705074	470912.168469	4399040.765130	7.794996	-0.759022	7.757954	1543307891.486513	3.313239	2.095721	2.022213
1.689685	470912.074994	4399041.566357	7.738348	-0.699626	7.706656	1543307891.590146	3.334324	2.125104	2.031377
1.667556	470911.988296	4399042.278919	7.764662	-0.670431	7.735664	1543307891.686392	3.203945	2.036167	2.030297
1.714703	470911.999069	4399043.124212	7.818516	-0.599273	7.795516	1543307891.793252	3.323241	2.067443	2.028305
1.688276	470911.889710	4399043.904436	7.912712	-0.579971	7.891429	1543307891.880998	3.348009	1.897647	2.009712
1.703511	470911.878479	4399044.627851	7.920772	-0.732433	7.886835	1543307891.991076	3.204913	1.996569	1.987326
1.694770	470911.805292	4399045.429816	7.852937	-0.812090	7.810834	1543307892.088298	3.277251	1.968077	2.074480
1.662716	470911.733643	4399046.187096	7.793214	-0.773574	7.754726	1543307892.189104	3.260580	1.989686	2.068810
1.690914	470911.708702	4399047.018203	7.849452	-0.760715	7.812504	1543307892.287319	3.276454	2.040567	1.985547
1.676208	470911.645642	4399047.800027	7.916553	-0.789984	7.877039	1543307892.387738	3.255411	1.986302	1.998394
1.685471	470911.578090	4399048.591764	7.912129	-0.831307	7.868336	1543307892.480649	3.269059	2.010019	1.993929
1.686058	470911.499169	4399049.362946	7.939884	-0.862995	7.892845	1543307892.592892	3.223929	2.044406	1.988972
1.671316	470911.377356	4399050.195553	7.941903	-0.839289	7.897431	1543307892.688243	3.319493	2.048117	1.988371
1.680662	470911.371061	4399050.943280	7.943017	-0.850829	7.897317	1543307892.790080	3.223830	2.047713	1.989360
1.686011	470911.305143	4399051.750122	7.915002	-0.843857	7.869890	1543307892.877830	3.274322	2.047064	1.995796
1.688567	470911.238014	4399052.528426	7.925799	-0.877294	7.877096	1543307892.987045	3.250744	2.049394	1.996520
1.666924	470911.116406	4399053.318091	7.922227	-0.833735	7.878233	1543307893.081438	3.277871	2.051756	1.994498
1.674893	470911.095592	4399054.113144	7.903329	-0.827791	7.859858	1543307893.192327	3.292591	1.999844	2.001409
1.678646	470911.045397	4399054.886559	7.896488	-0.834889	7.852228	1543307893.279270	3.265635	2.002320	2.002804
1.678262	470910.985069	4399055.649993	7.866760	-0.836309	7.822180	1543307893.390046	3.237689	1.987488	2.010978
1.671279	470910.934662	4399056.448003	7.879604	-0.820345	7.836785	1543307893.484450	3.259278	2.025907	2.008986
1.670717	470910.797830	4399057.239564	7.887797	-0.808354	7.846267	1543307893.589519	3.287970	2.056020	2.007024
1.661559	470910.705598	4399058.035243	7.885035	-0.773519	7.847003	1543307893.688586	3.317515	2.055912	2.004845
1.660578	470910.657015	4399058.791626	7.864774	-0.747395	7.829180	1543307893.789823	3.269474	2.051840	1.993559
1.679712	470910.601689	4399059.570603	7.895431	-0.790330	7.855776	1543307893.888069	3.237573	1.996781	1.995224
1.676792	470910.555862	4399060.390378	7.911229	-0.740712	7.876477	1543307893.989214	3.250812	1.999069	1.998899
1.648693	470910.400354	4399061.999091	7.931533	-0.669016	7.903267	1543307894.190002	3.316604	2.002490	2.009234
1.642824	470910.364974	4399062.774570	7.885629	-0.671141	7.857017	1543307894.290175	3.266722	1.913372	2.012251
1.669707	470910.121897	4399065.098907	7.879583	-0.728722	7.845814	1543307894.591206	3.450764	1.812708	2.062900
1.680363	470910.127690	4399065.875882	7.961113	-0.685737	7.931524	1543307894.688543	3.289680	2.005289	2.045957
1.668078	470910.058624	4399066.640830	7.884352	-0.737437	7.849790	1543307894.792662	3.347002	1.977221	2.053722
1.676023	470910.014658	4399067.421428	7.969799	-0.776492	7.931882	1543307894.890776	3.293939	1.973234	1.970623
1.676893	470909.898733	4399068.270348	8.115526	-0.793459	8.076644	1543307894.991478	3.322921	2.072892	1.996642
1.689771	470909.861844	4399069.038159	8.101054	-0.728698	8.068213	1543307895.090813	3.247996	2.071392	2.005211
1.672639	470909.773960	4399069.813566	8.018140	-0.754828	7.982532	1543307895.189857	3.244167	2.068690	1.996240
1.674422	470909.720344	4399070.601851	7.993347	-0.780208	7.955179	1543307895.291664	3.256446	2.068743	1.994818
1.679728	470909.642824	4399071.383876	7.768093	-0.790650	7.727752	1543307895.389345	3.263039	2.013765	1.995343
1.679353	470909.613958	4399072.166305	7.761351	-0.808376	7.719138	1543307895.488577	3.329427	2.069388	2.004528
1.681827	470909.562247	4399072.943333	7.758275	-0.826748	7.714099	1543307895.588208	3.274188	2.068708	2.018494
1.653798	470909.510457	4399073.736372	8.000675	-0.785635	7.962009	1543307895.694698	3.198990	1.952802	2.026741
1.689341	470909.416424	4399074.503545	7.999321	-0.725841	7.966322	1543307895.789062	3.163802	2.069524	2.025030
1.656381	470909.329610	4399075.322546	8.002196	-0.711259	7.970524	1543307895.889363	3.379310	2.020321	2.010956
1.683984	470909.302285	4399076.075018	8.001392	-0.702834	7.970464	1543307895.986022	3.257917	2.016077	1.997105
1.701090	470909.282345	4399076.914800	7.913514	-0.688834	7.883477	1543307896.089053	3.270656	2.071918	1.998338
1.656972	470909.201150	4399077.696548	7.961467	-0.690256	7.931489	1543307896.190110	3.269716	1.965273	2.020881
1.627099	470909.119521	4399078.503747	7.967458	-0.608487	7.944189	1543307896.289332	3.309310	1.881213	2.046204
1.666565	470909.046705	4399079.234452	7.937772	-0.659566	7.910322	1543307896.390781	3.202366	2.079863	2.033423
1.665299	470909.011799	4399080.037826	7.976470	-0.694805	7.946151	1543307896.491538	3.260777	2.023473	2.009212
1.647517	470908.905479	4399080.801491	7.799558	-0.653665	7.772118	1543307896.591918	3.273638	1.865208	1.988479
1.627651	470908.887828	4399081.625404	7.917147	-0.611703	7.893481	1543307896.688534	3.374945	1.886845	1.977836
1.670156	470908.750912	4399083.137130	7.855073	-0.662927	7.827049	1543307896.889412	3.230832	1.936530	2.000408
1.666360	470908.671332	4399083.909182	8.002438	-0.708569	7.971007	1543307896.989135	3.291399	2.028365	2.007349
1.674055	470908.657536	4399084.710080	7.855338	-0.689255	7.825041	1543307897.089635	3.212994	2.027911	2.007217
1.658726	470908.542418	4399085.487177	7.836933	-0.687841	7.806689	1543307897.190894	3.221151	2.032155	2.004539
1.653351	470908.531540	4399086.310654	7.773012	-0.543892	7.753961	1543307897.289420	3.239198	2.029565	2.010360
1.667430	470908.478428	4399087.066401	7.784629	-0.559224	7.764517	1543307897.389843	3.245367	2.001889	2.000796
1.665754	470908.419175	4399087.824054	7.787490	-0.622198	7.762595	1543307897.489121	3.339346	1.974517	1.997914
1.655754	470908.344927	4399088.664503	7.916178	-0.647003	7.889693	1543307897.589797	3.265508	1.946906	1.999284
1.653682	470908.255295	4399089.472291	7.861977	-0.619165	7.837558	1543307897.688188	3.368298	1.907898	1.990043
1.660145	470908.243108	4399090.233743	7.864222	-0.584290	7.842486	1543307897.791095	3.266439	1.955545	1.992393
1.663579	470908.160771	4399091.009936	7.834554	-0.633546	7.808896	1543307897.888036	3.297539	1.935280	1.985920
1.656335	470908.123097	4399091.841929	7.838246	-0.647156	7.811484	1543307897.991279	3.381869	1.964482	1.984218
1.649303	470908.034061	4399092.547559	7.912745	-0.658380	7.885307	1543307898.088407	3.330625	1.896735	1.992394
1.651006	470907.912834	4399093.412624	7.898001	-0.689144	7.867877	1543307898.194616	3.371696	1.832700	1.992323
1.659077	470907.907263	4399094.143135	7.939720	-0.656085	7.912567	1543307898.287020	3.257938	2.035849	2.004800
1.658561	470907.862397	4399094.966099	7.899941	-0.642664	7.873757	1543307898.389070	3.311897	2.007405	2.014038
1.645989	470907.756847	4399095.788607	7.888346	-0.662156	7.860506	1543307898.487277	3.319484	2.069057	2.028214
1.655534	470907.723044	4399096.514475	7.795387	-0.656553	7.767689	1543307898.587807	3.276573	1.956885	2.039196
1.668517	470907.681915	4399097.310342	7.826313	-0.642021	7.799935	1543307898.688703	3.278037	1.960940	2.035010
1.660505	470907.627548	4399098.202248	7.890228	-0.668324	7.861873	1543307898.788206	3.440649	2.058110	2.024774
1.663270	470907.508359	4399098.906453	7.904085	-0.598663	7.881381	1543307898.891498	3.305723	2.046616	2.017552
1.672391	470907.509538	4399099.685467	7.934804	-0.612738	7.911110	1543307898.993128	3.268759	2.036242	2.015879
1.677301	470907.463850	4399100.445613	7.992731	-0.654537	7.965885	1543307899.090241	3.234266	2.006410	2.005358
1.658701	470907.319977	4399101.200903	7.947399	-0.612196	7.923785	1543307899.191075	3.361760	2.035872	2.004941
1.654615	470907.241507	4399102.039155	7.951973	-0.682539	7.922627	1543307899.293063	3.310374	2.041571	2.007207
1.662363	470907.227326	4399102.815750	7.875658	-0.625899	7.850748	1543307899.401744	3.249244	2.002949	1.997854
1.677088	470907.077418	4399104.419453	7.856329	-0.680593	7.826793	1543307899.599766	3.473361	1.908079	1.988806
1.642249	470907.047152	4399105.154918	7.876185	-0.638621	7.850252	1543307899.688214	3.366374	1.910823	1.981574
1.652228	470906.947822	4399105.946162	7.889268	-0.640268	7.863244	1543307899.800931	3.340992	1.881414	1.984001
1.655248	470906.889653	4399106.743554	7.979241	-0.682412	7.950006	1543307899.887956	3.333063	1.907792	1.979737
1.661490	470906.862670	4399107.522728	7.845529	-0.686002	7.815480	1543307900.001750	3.384191	1.926339	1.979151
1.657717	470906.774201	4399108.341978	7.874763	-0.637299	7.848932	1543307900.088801	3.286560	1.915585	1.984412
1.666926	470906.713411	4399109.075728	7.875304	-0.678932	7.845984	1543307900.200498	3.385763	1.935880	1.989852
1.683674	470906.645509	4399109.894181	7.992080	-0.765559	7.955329	1543307900.288264	3.296105	2.009013	1.997499
1.667639	470906.564741	4399110.688758	7.929479	-0.762531	7.892729	1543307900.397754	3.295559	1.934366	1.994449
1.660559	470906.487002	4399111.476290	7.885403	-0.739433	7.850657	1543307900.488818	3.271461	1.934661	1.994444
1.670895	470906.403107	4399112.444212	7.947449	-0.718110	7.914939	1543307900.600263	3.648705	2.022599	1.997983
1.687043	470906.361140	4399113.072707	7.926502	-0.744864	7.891426	1543307900.688339	3.254072	1.999813	2.004628
1.667897	470906.262742	4399113.868793	7.928723	-0.753870	7.892802	1543307900.800630	3.279166	1.997016	2.007921
1.660366	470906.254877	4399114.663405	7.928691	-0.736748	7.894387	1543307900.889305	3.271208	2.024962	2.012258
1.684914	470906.221394	4399115.454280	7.922741	-0.796330	7.882619	1543307900.998988	3.257993	2.022065	2.006648
1.670872	470906.112278	4399116.239649	7.906756	-0.792985	7.866890	1543307901.089330	3.276995	2.025967	2.000132
1.689713	470906.104207	4399117.025626	7.881188	-0.842574	7.836019	1543307901.199749	3.283978	2.026091	2.008259
1.657692	470905.963429	4399117.812168	7.892195	-0.785143	7.853043	1543307901.287548	3.319367	2.022906	2.010350
1.657977	470905.899629	4399118.569168	7.894867	-0.749251	7.859233	1543307901.399408	3.260632	2.076174	2.015453
1.688271	470905.884504	4399119.367662	7.890213	-0.684433	7.860471	1543307901.487542	3.314567	2.083724	2.005200
1.666906	470905.839717	4399120.110862	7.781346	-0.699223	7.749867	1543307901.598669	3.293766	1.955479	1.981946
1.674705	470905.778586	4399120.881815	7.771089	-0.685692	7.740778	1543307901.689428	3.398323	1.984560	1.973102
1.666986	470905.720201	4399121.727426	7.816994	-0.661278	7.788974	1543307901.804935	3.487560	1.921894	1.972737
1.650823	470905.602414	4399122.494264	7.826158	-0.649197	7.799186	1543307901.888366	3.271159	1.950475	1.984723
1.659505	470905.539867	4399123.327053	7.879506	-0.669521	7.851010	1543307902.000894	3.356926	2.069884	2.001883
1.670738	470905.462074	4399124.083019	7.873504	-0.637003	7.847694	1543307902.089319	3.294835	2.072506	1.997310
1.665138	470905.410369	4399124.869083	7.875638	-0.639326	7.849645	1543307902.199194	3.265699	2.011476	1.988508
1.657226	470905.344606	4399125.645822	7.869415	-0.653707	7.842217	1543307902.289671	3.262524	1.977931	1.984655
1.656838	470905.289586	4399126.447460	7.861841	-0.687525	7.831721	1543307902.399687	3.227324	2.008025	1.984797
1.664635	470905.167268	4399127.960426	7.810114	-0.664612	7.781785	1543307902.600718	3.264157	1.945990	1.982640
1.646474	470905.045900	4399128.817829	7.795332	-0.654394	7.767816	1543307902.688986	3.284385	2.073154	1.994889
1.653945	470905.000809	4399129.599616	7.771625	-0.649811	7.744411	1543307902.800804	3.292517	2.076965	2.000577
1.663314	470904.956246	4399130.388772	7.929569	-0.689164	7.899564	1543307902.886961	3.349336	2.022301	1.999839
1.664655	470904.899403	4399131.181074	8.003784	-0.715525	7.971736	1543307902.999688	3.251945	1.986402	1.997489
1.667497	470904.802277	4399131.962082	8.002139	-0.736928	7.968135	1543307903.088219	3.300070	2.023827	1.997162
1.660752	470904.790791	4399132.777361	8.006077	-0.730691	7.972663	1543307903.198403	3.302594	1.992242	2.008882
1.645967	470904.661582	4399133.519079	7.976364	-0.710698	7.944639	1543307903.288898	3.220494	2.079107	2.020159
1.672479	470904.607992	4399134.334728	7.927250	-0.720426	7.894446	1543307903.401275	3.294344	2.029917	2.008385
1.668056	470904.559053	4399135.085819	7.842882	-0.680276	7.813323	1543307903.488006	3.312884	1.928845	1.984800
1.619256	470904.451644	4399135.871531	7.741072	-0.647154	7.713974	1543307903.598376	3.296164	1.898023	1.972853
1.581712	470904.448228	4399135.874759	7.646226	-0.627014	7.620474	1543307903.687538	1.754776	1.844036	2.058946
1.671833	470904.314151	4399137.433543	7.693684	-0.678895	7.663672	1543307903.797986	3.342115	1.835573	2.061090
1.651329	470904.306029	4399138.222670	7.735091	-0.662708	7.706650	1543307903.891041	3.354689	1.884637	1.974473
1.627956	470904.204008	4399139.018927	7.713697	-0.629710	7.687951	1543307903.997553	3.407397	1.896849	1.972139
1.654160	470904.174220	4399139.781418	7.946746	-0.652914	7.919878	1543307904.092102	3.381172	1.976646	1.996533
1.665072	470904.089251	4399140.613864	7.946040	-0.710146	7.914243	1543307904.198754	3.264922	2.010783	2.009618
1.667436	470904.055796	4399141.384745	7.944223	-0.729998	7.910612	1543307904.290025	3.260907	2.039343	2.001332
1.670604	470903.972745	4399142.158974	7.750210	-0.734003	7.715374	1543307904.402029	3.253663	1.980604	2.001289
1.660152	470903.918197	4399142.947268	7.740500	-0.717967	7.707130	1543307904.488464	3.294060	1.985075	1.999842
1.682989	470903.890738	4399143.719499	7.816845	-0.780802	7.777751	1543307904.601072	3.281303	2.043389	2.023143
1.671243	470903.788202	4399144.557270	7.862704	-0.739663	7.827836	1543307904.688541	3.307741	1.965501	2.016231
1.684452	470903.752207	4399145.335368	7.919470	-0.800129	7.878946	1543307904.797996	3.233781	2.047701	2.016617
1.648121	470903.621341	4399146.081735	7.919743	-0.742526	7.884858	1543307904.888839	3.330472	1.891373	2.008350
1.657439	470903.541923	4399147.668162	7.732133	-0.691222	7.701175	1543307905.090747	3.284648	1.924900	1.993926
1.642834	470903.457077	4399148.425590	7.750215	-0.658306	7.722206	1543307905.199445	3.311596	1.914179	1.997280
1.666276	470903.422520	4399149.120786	7.560139	-0.668055	7.530565	1543307905.295664	3.269387	1.942873	1.995091
1.643075	470903.334121	4399149.764083	7.164317	-0.622990	7.137179	1543307905.405173	3.284719	2.039675	1.990823
1.619174	470903.221501	4399150.342868	6.417864	-0.525269	6.396333	1543307905.489674	3.366938	1.962984	1.979765
1.664547	470903.197677	4399151.397138	5.151836	-0.397181	5.136503	1543307905.692235	3.374388	2.038001	2.074229
1.652973	470903.135934	4399151.838405	4.638177	-0.355842	4.624507	1543307905.801795	3.267094	2.081599	1.981431
1.643039	470903.092861	4399152.309802	4.127528	-0.309942	4.115874	1543307905.888067	3.293844	2.096606	1.983542
1.696957	470903.086468	4399152.605789	3.512736	-0.281561	3.501434	1543307906.000445	3.499003	1.880201	2.073066
1.672364	470903.072151	4399152.966851	2.952560	-0.246187	2.942279	1543307906.087331	3.410970	2.051090	2.047348
1.676686	470903.082952	4399153.536343	2.520040	-0.243030	2.508293	1543307906.292016	3.408241	2.076377	2.007424
1.677581	470903.025447	4399153.758421	2.306653	-0.231423	2.295015	1543307906.403315	3.359179	2.063694	2.075455
1.670056	470902.972449	4399153.932393	1.963704	-0.211078	1.952327	1543307906.491670	3.241084	2.042312	2.067418
1.661479	470902.979619	4399154.163418	1.736722	-0.181611	1.727201	1543307906.610868	3.361218	2.015673	2.057278
1.661786	470902.988333	4399154.330074	1.345981	-0.138585	1.338827	1543307906.694715	3.350024	2.029810	2.041885
1.681477	470903.001709	4399154.456060	1.226101	-0.123848	1.219830	1543307906.805708	3.299539	1.996901	2.022104
1.644740	470902.930315	4399154.744891	0.786269	-0.069098	0.783226	1543307907.041159	3.497020	2.039910	2.024116
1.677227	470902.957988	4399154.827978	0.784816	-0.073420	0.781374	1543307907.104366	3.521216	2.022229	2.018235
1.666729	470902.944980	4399154.919232	0.785137	-0.074148	0.781628	1543307907.202138	3.708609	2.002496	2.011890
1.652052	470902.900504	4399154.918676	0.781652	-0.069948	0.778516	1543307907.306437	3.655198	2.081704	2.065771
1.692801	470902.968903	4399154.911788	0.518312	-0.051878	0.515709	1543307907.401386	3.435185	2.065720	2.046288
1.658411	470902.924273	4399155.068497	0.534034	-0.050533	0.531638	1543307907.499833	3.561648	2.088921	2.077479
1.631007	470902.865458	4399155.203570	0.420766	-0.033243	0.419451	1543307907.603665	3.736097	1.996213	2.057729
1.616573	470902.821110	4399155.316064	0.280950	-0.015931	0.280498	1543307907.703372	3.565398	2.052025	2.054994
1.677117	470902.900951	4399155.384358	0.315358	-0.025531	0.314323	1543307907.800221	3.449537	2.089238	2.056625
1.698916	470902.921682	4399155.571866	0.437713	-0.063955	0.433015	1543307907.903531	3.468929	2.086096	2.063528
1.673821	470902.923555	4399155.805726	0.495276	-0.067957	0.490591	1543307907.999538	3.470268	2.075727	2.067565
1.684522	470902.895293	4399156.010278	0.702627	-0.095218	0.696145	1543307908.101604	3.444048	2.054235	2.076049
1.671974	470902.840540	4399156.289079	1.258529	-0.158177	1.248549	1543307908.202607	3.474697	2.032629	2.041527
1.632757	470902.751027	4399156.706330	1.638726	-0.168518	1.630039	1543307908.302235	3.624257	2.048447	2.075196
1.685762	470902.799821	4399157.037298	3.050748	-0.318489	3.034078	1543307908.400768	3.659176	2.059956	2.054542
1.656078	470902.714662	4399157.662662	3.732175	-0.347414	3.715970	1543307908.603270	3.536305	2.093699	2.059915
1.644807	470902.694973	4399157.984441	3.731563	-0.319872	3.717828	1543307908.700261	3.390267	2.041188	2.062730
1.653878	470902.703858	4399158.244630	3.229529	-0.252859	3.219615	1543307908.803348	3.374760	2.002566	2.194159
1.615050	470902.682129	4399158.445288	3.225605	-0.212157	3.218620	1543307908.901538	3.443061	1.888043	2.062243
1.659167	470902.652642	4399158.626132	1.740479	-0.122988	1.736128	1543307909.002961	3.382130	2.034939	2.063645
1.672421	470902.698233	4399158.792185	1.485588	-0.120739	1.480674	1543307909.097865	3.571818	2.112142	2.062191
1.647713	470902.680004	4399158.852103	0.991174	-0.079977	0.987942	1543307909.201387	3.390268	1.961689	2.199516
1.650056	470902.619444	4399158.843207	0.496686	-0.040756	0.495011	1543307909.302543	3.336425	2.083868	2.063308
1.652043	470902.630522	4399158.991075	0.493520	-0.041042	0.491810	1543307909.399872	3.677670	2.065256	2.061422
1.656521	470902.653169	4399158.818211	0.493500	-0.041363	0.491764	1543307909.498860	3.352064	2.002554	2.064205
1.633233	470902.607738	4399159.014207	0.000000	0.000000	0.000000	1543307909.703005	3.676713	2.041358	2.060900
1.658034	470902.633770	4399158.885702	0.000000	0.000000	0.000000	1543307909.802135	3.420115	2.054370	2.063865
1.634747	470902.596223	4399158.882535	0.000000	0.000000	0.000000	1543307909.892551	3.462710	2.074405	2.063842
1.646201	470902.602686	4399158.881229	0.000000	0.000000	0.000000	1543307909.999477	3.501274	2.076299	2.062702
1.657256	470902.635468	4399158.892195	0.000000	0.000000	0.000000	1543307910.087955	3.481706	2.077282	2.064676
1.659630	470902.628822	4399158.987409	0.000000	0.000000	0.000000	1543307910.200960	3.638798	2.045114	2.062752
1.637207	470902.667339	4399158.891158	0.000000	0.000000	0.000000	1543307910.288632	3.474528	1.935344	2.058542
1.694298	470902.688751	4399158.813838	0.000000	0.000000	0.000000	1543307910.401884	3.408583	2.084843	2.059263
1.691451	470902.702236	4399158.940118	0.000000	0.000000	0.000000	1543307910.491206	3.593752	2.123302	2.058043
1.665089	470902.651380	4399158.886607	0.000000	0.000000	0.000000	1543307910.602355	3.417392	2.013921	2.050229
1.643549	470902.608483	4399158.991304	0.000000	0.000000	0.000000	1543307910.687935	3.584662	2.091505	2.047577
1.668389	470902.606606	4399158.927410	0.000000	0.000000	0.000000	1543307910.803753	3.427164	2.036762	2.047713
1.663226	470902.663509	4399158.970254	0.000000	0.000000	0.000000	1543307910.890489	3.532918	2.056982	2.043881
1.684841	470902.642435	4399158.884974	0.000000	0.000000	0.000000	1543307910.996906	3.361316	2.075271	2.043761
1.674292	470902.628605	4399158.875829	0.000000	0.000000	0.000000	1543307911.101112	3.349937	2.047121	2.047547
1.693781	470902.651458	4399158.942497	0.000000	0.000000	0.000000	1543307911.202200	3.484879	2.074370	2.049192
1.672359	470902.627468	4399158.888932	0.000000	0.000000	0.000000	1543307911.303842	3.395721	2.068801	2.044803
1.661466	470902.648176	4399158.883884	0.000000	0.000000	0.000000	1543307911.405659	3.409016	1.998489	2.052762
1.670586	470902.619705	4399158.912136	0.000000	0.000000	0.000000	1543307911.502504	3.378740	2.072590	2.058824
1.658897	470902.605729	4399158.903310	0.000000	0.000000	0.000000	1543307911.606407	3.412661	2.061603	2.060480
1.660440	470902.618178	4399158.883820	0.000000	0.000000	0.000000	1543307911.703964	3.394693	2.016747	2.056520
1.663858	470902.614551	4399158.909031	0.000000	0.000000	0.000000	1543307911.802735	3.498688	2.033089	2.056757
1.667473	470902.624140	4399158.979247	0.000000	0.000000	0.000000	1543307911.907031	3.504632	2.105563	2.061065
1.664373	470902.605358	4399158.903475	0.000000	0.000000	0.000000	1543307912.006615	3.374279	2.075361	2.058690
1.670766	470902.615486	4399158.902425	0.000000	0.000000	0.000000	1543307912.100807	3.380485	2.071205	2.058077
1.671055	470902.624325	4399158.983188	0.000000	0.000000	0.000000	1543307912.202939	3.514697	2.109319	2.062375
1.662976	470902.593424	4399158.987659	0.000000	0.000000	0.000000	1543307912.306940	3.613061	2.043357	2.059564
1.671044	470902.608732	4399158.995403	0.000000	0.000000	0.000000	1543307912.401811	3.540511	2.148169	2.057294
1.659993	470902.586962	4399158.985300	0.000000	0.000000	0.000000	1543307912.501059	3.518390	2.141552	2.058347
1.664617	470902.576370	4399158.909001	0.000000	0.000000	0.000000	1543307912.602714	3.497997	2.091880	2.058466
1.660558	470902.587685	4399158.979895	0.000000	0.000000	0.000000	1543307912.700412	3.601060	2.047318	2.058256
1.670635	470902.605496	4399158.999416	0.000000	0.000000	0.000000	1543307912.800850	3.534966	2.145772	2.062123
1.667324	470902.581924	4399158.984496	0.000000	0.000000	0.000000	1543307912.903875	3.553505	2.074713	2.057301
1.662223	470902.594488	4399158.981179	0.000000	0.000000	0.000000	1543307913.002947	3.618193	2.033584	2.059561
1.665625	470902.599821	4399158.924586	0.000000	0.000000	0.000000	1543307913.099553	3.397100	2.071293	2.057467
1.658709	470902.592084	4399158.893089	0.000000	0.000000	0.000000	1543307913.205262	3.423919	2.040574	2.057768
1.667569	470902.572121	4399158.947660	0.000000	0.000000	0.000000	1543307913.308186	3.426151	2.094013	2.056423
1.667320	470902.574076	4399158.943694	0.000000	0.000000	0.000000	1543307913.400010	3.432125	2.094234	2.058315
1.663652	470902.579416	4399158.999309	0.000000	0.000000	0.000000	1543307913.603874	3.566021	2.091883	2.060035
1.665134	470902.605167	4399159.009914	0.000000	0.000000	0.000000	1543307913.699181	3.541074	2.111437	2.056117
1.663981	470902.567518	4399158.953047	0.000000	0.000000	0.000000	1543307913.804987	3.429152	2.094575	2.055907
1.672696	470902.593720	4399158.908405	0.000000	0.000000	0.000000	1543307913.904149	3.445408	2.079362	2.057325
1.663589	470902.598190	4399158.897410	0.000000	0.000000	0.000000	1543307914.002057	3.404024	2.038415	2.056370
1.664018	470902.581399	4399158.894823	0.000000	0.000000	0.000000	1543307914.101548	3.423387	2.077467	2.062519
1.663164	470902.585858	4399158.997283	0.000000	0.000000	0.000000	1543307914.201453	3.519395	2.141358	2.062448
1.659593	470902.593939	4399158.907800	0.000000	0.000000	0.000000	1543307914.399925	3.412098	2.041704	2.058368
1.669039	470902.604182	4399158.910780	0.000000	0.000000	0.000000	1543307914.502111	3.436888	2.042877	2.056750
1.679139	470902.590265	4399158.947377	0.000000	0.000000	0.000000	1543307914.700550	3.417394	2.094250	2.056741
1.672765	470902.584093	4399158.918633	0.000000	0.000000	0.000000	1543307914.801285	3.488844	2.091675	2.061107
1.658904	470902.596032	4399159.027673	0.000000	0.000000	0.000000	1543307914.903951	3.569810	2.113185	2.056532
1.661508	470902.598498	4399158.983073	0.000000	0.000000	0.000000	1543307915.004965	3.599505	2.047067	2.059125
1.664371	470902.606024	4399159.017434	0.000000	0.000000	0.000000	1543307915.099737	3.540313	2.109195	2.059180
1.662528	470902.601676	4399158.991355	0.000000	0.000000	0.000000	1543307915.201360	3.488827	2.104405	2.057571
1.656703	470902.593103	4399159.033628	0.000000	0.000000	0.000000	1543307915.301821	3.582066	2.113019	2.055676
1.661506	470902.581757	4399158.988045	0.000000	0.000000	0.000000	1543307915.401584	3.533624	2.059246	2.056726
