front	position-x	position-y	speed	speed-x	speed-y	timestamp	v-x	v-y	v-z
1.680775	470796.695881	4399273.240574	0.000000	0.000000	0.000000	1543394753.557062	0.460534	0.444867	1.408858
1.679463	470796.683233	4399273.209818	0.000000	0.000000	0.000000	1543394753.656332	0.390665	0.457504	1.405112
1.696342	470796.671896	4399273.177628	0.185246	-0.078273	-0.167897	1543394753.746627	0.441702	0.403863	1.407894
1.708877	470796.671128	4399273.132695	0.220840	-0.064748	-0.211135	1543394753.850636	0.434023	0.406925	1.404772
-1.557885	470796.680167	4399273.070303	0.462212	0.005257	-0.462182	1543394753.959565	0.473065	0.477121	1.373870
-1.529321	470796.647093	4399273.020333	0.463608	0.019105	-0.463214	1543394754.064889	0.469168	0.506187	1.362867
-1.518016	470796.649274	4399272.967982	0.334171	0.017645	-0.333705	1543394754.147694	0.404791	0.502175	1.469103
-1.510870	470796.603324	4399273.013648	0.449746	0.026986	-0.448935	1543394754.254117	0.652678	0.499716	1.490051
-1.535715	470796.629346	4399272.940749	0.483561	0.017116	-0.483258	1543394754.360260	0.580070	0.425966	1.433414
-1.548843	470796.610109	4399272.895477	0.512534	0.011355	-0.512408	1543394754.454837	0.576557	0.470823	1.425724
-1.540479	470796.598365	4399272.812133	0.502383	0.015166	-0.502154	1543394754.542451	0.506808	0.461239	1.390114
-1.620211	470796.615636	4399272.798143	0.492847	-0.024036	-0.492260	1543394754.659199	0.558963	0.519296	1.383859
-1.616056	470796.587847	4399272.780042	0.261341	-0.010589	-0.261126	1543394754.748140	0.589270	0.508575	1.409728
-1.610384	470796.615145	4399272.751174	0.000000	0.000000	0.000000	1543394754.856554	0.558262	0.491782	1.410776
-1.607528	470796.593322	4399272.818182	0.000000	0.000000	0.000000	1543394754.958896	0.482908	0.493720	1.396476
-1.595049	470796.632955	4399272.818537	0.000000	0.000000	0.000000	1543394755.057306	0.478652	0.446434	1.399434
-1.593188	470796.617224	4399272.842605	0.000000	0.000000	0.000000	1543394755.165390	0.440658	0.520173	1.405106
-1.582369	470796.618697	4399272.866847	0.000000	0.000000	0.000000	1543394755.256908	0.415590	0.516876	1.407635
-1.578842	470796.639483	4399272.866803	0.000000	0.000000	0.000000	1543394755.354438	0.413540	0.474448	1.399974
-1.576519	470796.656971	4399272.893025	0.000000	0.000000	0.000000	1543394755.454581	0.410012	0.479108	1.398760
-1.571850	470796.664676	4399272.852427	0.000000	0.000000	0.000000	1543394755.571096	0.395944	0.511267	1.396948
-1.559436	470796.648746	4399272.842977	0.000000	0.000000	0.000000	1543394755.749192	0.435776	0.502224	1.394026
-1.556556	470796.670610	4399272.791607	0.000000	0.000000	0.000000	1543394755.855006	0.416644	0.504245	1.393448
-1.554794	470796.648020	4399272.774216	0.000000	0.000000	0.000000	1543394755.966343	0.431899	0.508299	1.392540
-1.558732	470796.612985	4399272.715312	0.000000	0.000000	0.000000	1543394756.056373	0.414151	0.461550	1.392595
-1.555896	470796.613301	4399272.659051	0.000000	0.000000	0.000000	1543394756.252759	0.508502	0.463819	1.388924
-1.546865	470796.597345	4399272.600136	0.000000	0.000000	0.000000	1543394756.366812	0.482550	0.457134	1.384699
-1.535564	470796.585485	4399272.566831	0.000000	0.000000	0.000000	1543394756.452644	0.510276	0.473394	1.383095
-1.522789	470796.597334	4399272.534321	0.164073	-0.001622	-0.164065	1543394756.550406	0.477744	0.494754	1.386390
-1.512064	470796.560312	4399272.509587	0.000000	0.000000	0.000000	1543394756.654206	0.508123	0.451990	1.384818
-1.508162	470796.559644	4399272.469300	0.146535	-0.019293	-0.145259	1543394756.769093	0.449489	0.457275	1.383764
-1.500910	470796.582519	4399272.431866	0.133503	-0.018626	-0.132197	1543394756.858370	0.486576	0.414942	1.379521
-1.492881	470796.559881	4399272.412617	0.502379	-0.019158	-0.502014	1543394756.949017	0.510687	0.486109	1.377557
-1.484105	470796.548003	4399272.362395	0.505198	-0.044377	-0.503245	1543394757.055902	0.426775	0.488371	1.376853
-1.478123	470796.579484	4399272.292097	0.505692	-0.035323	-0.504457	1543394757.165430	0.465468	0.515837	1.373400
-1.472342	470796.522097	4399272.253205	0.504355	-0.050822	-0.501787	1543394757.256429	0.486051	0.479621	1.447591
-1.552825	470796.558776	4399272.185709	0.505819	0.008498	-0.505747	1543394757.358406	0.430715	0.463443	1.449552
-1.538923	470796.526466	4399272.146446	0.504947	0.028678	-0.504132	1543394757.456623	0.439950	0.450697	1.450854
-1.553620	470796.498511	4399272.096806	0.505701	0.008917	-0.505623	1543394757.547455	0.491120	0.507632	1.450987
-1.642673	470796.502816	4399272.049573	0.260596	-0.018251	-0.259956	1543394757.665945	0.445702	0.508645	1.458104
-1.634652	470796.483940	4399271.893466	0.332661	-0.021424	-0.331971	1543394757.962430	0.418699	0.463741	1.460809
-1.593389	470796.450916	4399271.860076	0.312876	-0.007669	-0.312782	1543394758.061584	0.417031	0.526856	1.457952
-1.586957	470796.473911	4399271.811872	0.347768	-0.006179	-0.347713	1543394758.149529	0.423270	0.491207	1.458479
-1.923612	470796.435434	4399271.773064	0.579471	-0.199303	-0.544119	1543394758.265433	0.452462	0.578761	1.460956
-1.989336	470796.451500	4399271.720418	0.577145	-0.234342	-0.527428	1543394758.351796	0.489991	0.544966	1.466317
-1.858712	470796.439596	4399271.644085	0.489797	-0.139900	-0.469392	1543394758.456261	0.436970	0.504897	1.460794
-1.795193	470796.466777	4399271.624283	0.454326	-0.101411	-0.442863	1543394758.555564	0.471098	0.494318	1.463182
-1.962801	470796.416960	4399271.573803	0.582686	-0.221930	-0.538767	1543394758.653312	0.469124	0.582322	1.468818
-1.807490	470796.415364	4399271.497948	0.487140	-0.115055	-0.473358	1543394758.757857	0.432018	0.557605	1.454050
-1.762925	470796.414511	4399271.473885	0.449838	-0.086098	-0.441522	1543394758.854963	0.460337	0.524100	1.460148
-1.739967	470796.382308	4399271.420465	0.404705	-0.068138	-0.398927	1543394758.942679	0.473805	0.450568	1.447775
-1.667577	470796.382556	4399271.327582	0.431654	-0.041599	-0.429645	1543394759.148490	0.446672	0.464430	1.444257
-1.600185	470796.361534	4399271.269562	0.428446	-0.012802	-0.428254	1543394759.260210	0.387705	0.453359	1.437009
-1.543274	470796.368806	4399271.231400	0.449139	0.012187	-0.448974	1543394759.356240	0.414363	0.448168	1.447892
-1.509843	470796.354239	4399271.181488	0.425213	0.025851	-0.424426	1543394759.452120	0.417843	0.444907	1.449029
-1.585759	470796.338731	4399271.130905	0.409861	-0.005739	-0.409821	1543394759.562790	0.382936	0.500330	1.442305
-1.560223	470796.317830	4399271.069392	0.413670	0.004289	-0.413648	1543394759.657585	0.399540	0.466881	1.439334
-1.533487	470796.306907	4399271.027828	0.414757	0.015341	-0.414473	1543394759.749578	0.405900	0.455558	1.441247
-1.517156	470796.291558	4399270.928735	0.446116	0.023959	-0.445472	1543394759.968766	0.392567	0.442878	1.429425
-1.535449	470796.277210	4399270.888138	0.453600	0.016109	-0.453313	1543394760.058547	0.387062	0.480728	1.430209
-1.537539	470796.283811	4399270.874118	0.434006	0.014435	-0.433766	1543394760.158791	0.483014	0.491944	1.425380
-1.533176	470796.284399	4399270.747085	0.461388	0.017311	-0.461064	1543394760.372262	0.440358	0.478078	1.423628
-1.497363	470796.237235	4399270.661505	0.454441	0.033190	-0.453227	1543394760.454544	0.437807	0.421069	1.421171
-1.499671	470796.251697	4399270.649647	0.456999	0.032488	-0.455842	1543394760.558568	0.455983	0.471325	1.415922
-1.468951	470796.223833	4399270.583605	0.428097	0.043413	-0.425890	1543394760.651538	0.416306	0.450589	1.413218
-1.445622	470796.259941	4399270.536558	0.481924	0.060117	-0.478159	1543394760.762754	0.555711	0.469052	1.417249
-1.434636	470796.233407	4399270.432015	0.467228	0.063423	-0.462903	1543394760.950027	0.558183	0.404115	1.414432
-1.433577	470796.192922	4399270.380507	0.476794	0.065232	-0.472310	1543394761.056030	0.522967	0.438278	1.408635
-1.425843	470796.211812	4399270.335857	0.468225	0.067620	-0.463316	1543394761.165266	0.499127	0.419143	1.407902
-1.446362	470796.184104	4399270.268362	0.441847	0.054918	-0.438421	1543394761.256637	0.489293	0.413688	1.403926
-1.441863	470796.183755	4399270.235516	0.464426	0.059677	-0.460576	1543394761.361147	0.482161	0.416282	1.479275
-1.546432	470796.134893	4399270.177103	0.460854	0.012048	-0.460696	1543394761.452337	0.465685	0.464901	1.481853
-1.505233	470796.160491	4399270.129179	0.463349	0.030189	-0.462365	1543394761.559156	0.520150	0.454732	1.484936
-1.500782	470796.147225	4399270.128027	0.499834	0.034874	-0.498616	1543394761.771121	0.628459	0.485121	1.483893
-1.518778	470796.117749	4399270.053960	0.433283	0.022624	-0.432692	1543394761.855608	0.612886	0.469606	1.486806
-1.542978	470796.114757	4399270.015297	0.465028	0.013272	-0.464838	1543394761.968235	0.633041	0.470112	1.490471
-1.536109	470796.151287	4399269.972547	0.443599	0.015823	-0.443317	1543394762.060820	0.619712	0.478009	1.491469
-1.585291	470796.120823	4399269.919239	0.440616	-0.006196	-0.440573	1543394762.151587	0.626604	0.470980	1.490400
-1.663309	470796.077239	4399269.814302	0.427741	-0.039532	-0.425911	1543394762.367197	0.637840	0.484735	1.490713
-1.625784	470796.072008	4399269.783202	0.402705	-0.022696	-0.402064	1543394762.457371	0.651304	0.452259	1.493330
-1.603403	470796.062801	4399269.699610	0.427354	-0.014536	-0.427107	1543394762.551380	0.592322	0.510244	1.493430
-1.591698	470796.067537	4399269.664548	0.407542	-0.008587	-0.407452	1543394762.653281	0.598754	0.465882	1.492290
-1.537857	470796.045475	4399269.640512	0.428754	0.013937	-0.428528	1543394762.772681	0.629058	0.471716	1.492738
-1.495572	470796.047261	4399269.583601	0.467519	0.035020	-0.466205	1543394762.856796	0.619948	0.421075	1.495506
-1.548531	470796.035749	4399269.539004	0.415698	0.009517	-0.415589	1543394762.951569	0.579099	0.508194	1.498569
-1.608698	470796.033579	4399269.491925	0.455972	-0.017033	-0.455654	1543394763.054780	0.555284	0.456191	1.491259
-1.655956	470796.028581	4399269.447848	0.438041	-0.037110	-0.436466	1543394763.161005	0.556221	0.456951	1.483075
-1.686068	470796.017479	4399269.391571	0.445594	-0.051210	-0.442641	1543394763.257734	0.563452	0.482491	1.482122
-1.711722	470795.992457	4399269.298884	0.429408	-0.060468	-0.425130	1543394763.451915	0.584610	0.495827	1.463049
-1.752106	470795.977072	4399269.264392	0.403555	-0.072643	-0.396963	1543394763.571198	0.489417	0.499809	1.473774
-1.720199	470795.985133	4399269.195368	0.395974	-0.059070	-0.391543	1543394763.664296	0.547625	0.499760	1.464993
-1.716200	470795.974497	4399269.145830	0.432303	-0.062654	-0.427738	1543394763.758831	0.558511	0.483432	1.455726
-1.703230	470795.962656	4399269.118047	0.442931	-0.058534	-0.439046	1543394763.852998	0.528769	0.520473	1.453465
-1.658455	470795.937438	4399269.081248	0.444020	-0.039036	-0.442301	1543394763.967469	0.506920	0.489853	1.451913
-1.603688	470795.954622	4399269.047420	0.447776	-0.014914	-0.447528	1543394764.056675	0.510607	0.510696	1.453653
-1.601170	470795.927399	4399268.984570	0.459872	-0.013912	-0.459661	1543394764.157557	0.554088	0.503477	1.453948
-1.658219	470795.907819	4399268.936965	0.454191	-0.039390	-0.452479	1543394764.251787	0.528221	0.504772	1.459444
-1.665721	470795.882098	4399268.912234	0.459823	-0.043562	-0.457755	1543394764.369562	0.564078	0.511333	1.450860
-1.626210	470795.886750	4399268.837291	0.467725	-0.026087	-0.466997	1543394764.455971	0.497291	0.479105	1.467028
-1.618524	470795.893628	4399268.786296	0.451296	-0.021047	-0.450805	1543394764.552899	0.544841	0.500732	1.447673
-1.639704	470795.897192	4399268.897162	0.451294	-0.030503	-0.450262	1543394764.655833	0.845682	0.461747	1.444248
-1.591931	470795.871232	4399268.694273	0.462590	-0.009459	-0.462493	1543394764.759159	0.550901	0.517038	1.447378
-1.582017	470795.887322	4399268.647763	0.460730	-0.005097	-0.460702	1543394764.867796	0.535162	0.497705	1.434865
-1.540756	470795.847446	4399268.539530	0.441144	0.013189	-0.440947	1543394765.055839	0.537869	0.468059	1.435166
-1.542048	470795.851850	4399268.508713	0.444778	0.012821	-0.444593	1543394765.168030	0.546287	0.464088	1.428092
-1.544332	470795.818396	4399268.452594	0.446195	0.011830	-0.446039	1543394765.256227	0.546677	0.465662	1.428266
-1.523788	470795.817447	4399268.427480	0.444301	0.020791	-0.443814	1543394765.359044	0.554540	0.553902	1.428794
-1.559066	470795.775198	4399268.360160	0.495404	0.005948	-0.495368	1543394765.453706	0.553409	0.490612	1.508065
-1.532100	470795.785914	4399268.316582	0.501770	0.019272	-0.501400	1543394765.567035	0.563611	0.498904	1.506955
-1.512875	470795.796175	4399268.284045	0.502141	0.028995	-0.501304	1543394765.657488	0.553570	0.551789	1.510135
-1.518421	470795.774859	4399268.214229	0.483947	0.025399	-0.483280	1543394765.762156	0.579420	0.462136	1.514655
-1.529041	470795.768217	4399268.182338	0.464165	0.019439	-0.463758	1543394765.856508	0.529659	0.546344	1.515715
-1.513199	470795.737023	4399268.103946	0.484181	0.027797	-0.483382	1543394765.968127	0.569294	0.491040	1.514981
-1.507600	470795.756477	4399268.087028	0.502979	0.031738	-0.501977	1543394766.056623	0.540233	0.458306	1.519337
-1.524776	470795.735531	4399268.085943	0.505278	0.023335	-0.504739	1543394766.163232	0.572528	0.501989	1.519957
-1.525477	470795.711427	4399267.988020	0.505740	0.022906	-0.505221	1543394766.252557	0.548084	0.439643	1.521821
-1.552764	470795.715650	4399267.919948	0.474994	0.008667	-0.474915	1543394766.370083	0.561028	0.439576	1.521921
-1.556906	470795.679050	4399267.899465	0.425071	0.005521	-0.425035	1543394766.451746	0.596783	0.497146	1.520583
-1.560153	470795.684437	4399267.861945	0.410356	0.004313	-0.410333	1543394766.549534	0.520267	0.493020	1.520639
-1.532230	470795.680682	4399267.792446	0.428519	0.016412	-0.428204	1543394766.650246	0.588840	0.462868	1.522578
-1.522203	470795.665791	4399267.767489	0.421838	0.020857	-0.421322	1543394766.761731	0.575765	0.491815	1.522130
-1.537608	470795.641209	4399267.713295	0.398771	0.013349	-0.398547	1543394766.855765	0.536094	0.478973	1.522852
-1.489620	470795.631522	4399267.661860	0.450653	0.036109	-0.449204	1543394766.953935	0.534243	0.445068	1.521941
-1.474683	470795.635120	4399267.606023	0.448529	0.042550	-0.446506	1543394767.057781	0.545825	0.446342	1.524485
-1.450550	470795.595470	4399267.573218	0.413289	0.049478	-0.410316	1543394767.159473	0.499565	0.457847	1.524636
-1.424189	470795.586046	4399267.492367	0.435338	0.063901	-0.430623	1543394767.255527	0.586246	0.434053	1.526097
-1.409094	470795.547556	4399267.622512	0.459854	0.074498	-0.453780	1543394767.355193	0.880562	0.447586	1.524622
-1.396096	470795.579611	4399267.387029	0.475494	0.082648	-0.468256	1543394767.456518	0.606431	0.403297	1.523580
-1.405057	470795.551211	4399267.366329	0.471548	0.077876	-0.465073	1543394767.570322	0.547237	0.448146	1.519158
-1.402108	470795.573689	4399267.315661	0.473052	0.079416	-0.466338	1543394767.661442	0.583491	0.418336	1.512681
-1.402053	470795.540677	4399267.254111	0.445141	0.074475	-0.438867	1543394767.751466	0.575377	0.453940	1.496895
-1.399567	470795.525967	4399267.217531	0.470313	0.079660	-0.463517	1543394767.853485	0.555668	0.414664	1.502166
-1.416578	470795.538111	4399267.186833	0.485361	0.074110	-0.479669	1543394767.971532	0.590539	0.454592	1.498896
-1.444425	470795.516506	4399267.133985	0.481737	0.060771	-0.477889	1543394768.059344	0.541169	0.450128	1.487795
-1.470470	470795.523441	4399267.058238	0.472433	0.047409	-0.470048	1543394768.153702	0.539081	0.462820	1.487125
-1.523177	470795.469680	4399267.005237	0.447884	0.021850	-0.447351	1543394768.370045	0.567725	0.416768	1.493362
-1.537118	470795.479889	4399266.914505	0.440533	0.014942	-0.440280	1543394768.552564	0.536198	0.420545	1.487824
-1.556810	470795.457840	4399266.875689	0.474106	0.006690	-0.474059	1543394768.658410	0.548146	0.467091	1.482427
-1.546268	470795.473462	4399266.863569	0.510628	0.012453	-0.510476	1543394768.767094	0.609280	0.451387	1.530118
-1.544841	470795.461537	4399266.829508	0.499000	0.012923	-0.498833	1543394768.854135	0.638177	0.470086	1.482275
-1.524202	470795.459840	4399266.731966	0.512204	0.023781	-0.511652	1543394768.951010	0.615738	0.509865	1.529349
-1.523763	470795.417578	4399266.667017	0.500792	0.023571	-0.500237	1543394769.055931	0.525205	0.409112	1.530625
-1.498362	470795.386940	4399266.628546	0.435758	0.031017	-0.434653	1543394769.171320	0.534110	0.413410	1.530616
-1.501450	470795.397322	4399266.575334	0.375190	0.025818	-0.374301	1543394769.255197	0.516359	0.449798	1.537941
-1.506144	470795.373842	4399266.517205	0.383166	0.024387	-0.382389	1543394769.362795	0.479239	0.447279	1.538125
-1.587381	470795.367895	4399266.472213	0.391204	-0.006256	-0.391154	1543394769.455348	0.524139	0.451295	1.536793
-1.579152	470795.377806	4399266.488347	0.348731	-0.003277	-0.348715	1543394769.566366	0.599800	0.503786	1.429009
-1.548435	470795.361442	4399266.370934	0.403881	0.008850	-0.403784	1543394769.662623	0.536642	0.456976	1.431590
-1.541738	470795.354785	4399266.354441	0.578053	-0.222004	-0.533722	1543394769.756484	0.559566	0.539555	1.433753
-1.897553	470795.331611	4399266.362824	0.389574	-0.125577	-0.368779	1543394769.858325	0.674668	0.574884	1.436637
-1.765370	470795.321968	4399266.266108	0.382924	-0.074659	-0.375575	1543394769.970811	0.653426	0.546398	1.434999
-1.441859	470795.304159	4399266.167198	0.408188	-0.014936	-0.407914	1543394770.261510	0.743782	0.542050	1.439213
-1.481563	470795.293506	4399266.101642	0.414066	0.000420	-0.414065	1543394770.370807	0.581017	0.495918	1.430573
-1.542620	470795.270841	4399266.071661	0.421471	0.004127	-0.421450	1543394770.455672	0.658968	0.458189	1.441201
-1.537236	470795.252206	4399266.045020	0.441823	0.008038	-0.441750	1543394770.547766	0.658261	0.448196	1.440831
-1.401474	470795.215506	4399265.929829	0.468904	0.037533	-0.467399	1543394770.768438	0.739329	0.475862	1.440644
-1.404506	470795.233208	4399265.904982	0.436315	0.044649	-0.434025	1543394770.856951	0.753618	0.507299	1.438222
-1.401983	470795.222580	4399265.856052	0.309956	0.031800	-0.308321	1543394770.953665	0.767103	0.479103	1.447690
-1.462704	470795.212071	4399265.798614	0.326202	0.034008	-0.324424	1543394771.053582	0.733963	0.492791	1.429112
-1.420268	470795.139652	4399265.684452	0.385238	0.044972	-0.382604	1543394771.259622	0.687429	0.432395	1.450522
-1.436445	470795.155245	4399265.625536	0.303055	0.036074	-0.300900	1543394771.351073	0.639919	0.452909	1.457173
-1.457933	470795.138139	4399265.570318	0.210016	0.025005	-0.208522	1543394771.454997	0.633437	0.462443	1.456806
-1.499456	470795.127681	4399265.511497	0.204222	0.021686	-0.203067	1543394771.568449	0.585095	0.393354	1.459009
-1.473778	470795.115922	4399265.487991	0.242387	0.024780	-0.241117	1543394771.656259	0.656329	0.464554	1.457944
-1.443657	470795.106717	4399265.403142	0.276117	0.030886	-0.274384	1543394771.751023	0.623371	0.400035	1.458953
-1.524062	470795.099673	4399265.414678	0.276088	0.025725	-0.274887	1543394771.851272	0.658512	0.480092	1.464748
-1.501259	470795.081358	4399265.318641	0.320941	0.026876	-0.319813	1543394771.970185	0.633067	0.433144	1.464141
-1.538317	470795.079959	4399265.271727	0.369513	0.023425	-0.368770	1543394772.056279	0.639518	0.434997	1.464863
-1.621862	470795.059160	4399265.184459	0.377896	0.005732	-0.377852	1543394772.261877	0.674122	0.449297	1.466083
-1.650919	470795.041063	4399265.151963	0.393913	-0.006230	-0.393864	1543394772.367797	0.644647	0.470937	1.468288
-1.650538	470795.058752	4399265.088482	0.411493	-0.016093	-0.411178	1543394772.453070	0.588291	0.425872	1.467760
-1.581009	470795.055851	4399265.043749	0.409170	-0.012224	-0.408987	1543394772.552598	0.597521	0.533265	1.470557
-1.590066	470795.040193	4399264.974596	0.464934	-0.011871	-0.464782	1543394772.651587	0.578509	0.452432	1.471039
-1.464072	470795.035116	4399264.951979	0.443696	0.006231	-0.443653	1543394772.771223	0.567529	0.480586	1.473298
-1.500193	470794.982956	4399264.907862	0.446891	0.014500	-0.446656	1543394772.857226	0.567992	0.425587	1.473524
-1.442619	470795.001640	4399264.864956	0.440383	0.027974	-0.439494	1543394772.954050	0.599610	0.455530	1.473105
-1.407019	470794.992106	4399264.805252	0.443749	0.043515	-0.441611	1543394773.055653	0.563323	0.507667	1.474149
-1.415872	470794.996525	4399264.772706	0.492623	0.058785	-0.489103	1543394773.166734	0.542248	0.504089	1.436845
-1.481970	470794.938047	4399264.715185	0.460868	0.051641	-0.457965	1543394773.257566	0.573267	0.431650	1.473969
-1.544950	470794.902466	4399264.641392	0.479468	0.034233	-0.478244	1543394773.454307	0.561738	0.451110	1.445525
-1.440876	470794.930067	4399264.594949	0.480186	0.041209	-0.478414	1543394773.566807	0.584310	0.496010	1.477173
-1.462457	470794.900164	4399264.539633	0.471833	0.042976	-0.469872	1543394773.654727	0.593227	0.446827	1.425286
-1.505931	470794.877186	4399264.485288	0.489007	0.040696	-0.487310	1543394773.751186	0.558310	0.436259	1.477168
-1.518662	470794.861809	4399264.448769	0.482402	0.035542	-0.481091	1543394773.863117	0.537096	0.428258	1.481164
-1.578479	470794.857121	4399264.411803	0.502435	0.023045	-0.501906	1543394773.968570	0.556032	0.402870	1.481197
-1.567185	470794.874921	4399264.368126	0.497756	0.016237	-0.497491	1543394774.055435	0.536320	0.440855	1.481545
-1.558117	470794.852579	4399264.299502	0.524812	0.013533	-0.524637	1543394774.160704	0.559966	0.447011	1.484006
-1.612190	470794.836713	4399264.238230	0.533801	0.002150	-0.533797	1543394774.254590	0.587018	0.447530	1.486574
-1.562247	470794.865963	4399264.223873	0.499163	0.002476	-0.499157	1543394774.367987	0.559232	0.480993	1.488120
-1.513262	470794.824400	4399264.141756	0.502564	0.011120	-0.502441	1543394774.456385	0.575807	0.490005	1.489253
-1.482192	470794.802712	4399264.244757	0.472562	0.018466	-0.472201	1543394774.554746	0.912974	0.477748	1.489371
-1.531007	470794.783434	4399264.040139	0.455118	0.017925	-0.454765	1543394774.653414	0.619828	0.492225	1.492736
-1.456434	470794.794613	4399264.000155	0.447230	0.028293	-0.446334	1543394774.767179	0.607252	0.509360	1.495694
-1.415368	470794.781278	4399263.955326	0.450145	0.042544	-0.448130	1543394774.860269	0.625654	0.512296	1.494161
-1.310417	470794.760208	4399263.905754	0.459855	0.070267	-0.454455	1543394774.951469	0.667692	0.438735	1.495358
-1.479294	470794.733269	4399263.889270	0.470297	0.062592	-0.466113	1543394775.055050	0.550580	0.499029	1.496326
-1.473335	470794.711247	4399263.802325	0.460572	0.055659	-0.457197	1543394775.168956	0.635303	0.454806	1.496593
-1.497503	470794.667807	4399263.694632	0.474288	0.038486	-0.472724	1543394775.454761	0.533447	0.464026	1.497623
-1.559037	470794.670604	4399263.627872	0.453759	0.027534	-0.452923	1543394775.568053	0.581680	0.453642	1.499259
-1.542229	470794.644296	4399263.580212	0.537265	0.025434	-0.536663	1543394775.653897	0.570427	0.524719	1.503708
-1.514633	470794.641622	4399263.540411	0.528691	0.026333	-0.528034	1543394775.754604	0.577555	0.500838	1.503780
-1.601335	470794.641274	4399263.454653	0.506972	0.014623	-0.506761	1543394775.858541	0.625251	0.427648	1.504573
-1.627146	470794.610754	4399263.422050	0.474340	0.000476	-0.474340	1543394775.970057	0.611486	0.438026	1.504636
-1.646502	470794.592567	4399263.398401	0.527897	-0.015441	-0.527671	1543394776.056366	0.522163	0.465531	1.507273
-1.646254	470794.566306	4399263.339720	0.530893	-0.024143	-0.530344	1543394776.149173	0.558989	0.470082	1.510532
-1.655569	470794.564864	4399263.282376	0.518146	-0.029511	-0.517305	1543394776.255440	0.593050	0.395070	1.510068
-1.570426	470794.558829	4399263.263651	0.497166	-0.020080	-0.496761	1543394776.366106	0.569138	0.447588	1.510706
-1.544201	470794.511476	4399263.197602	0.474552	-0.010164	-0.474443	1543394776.457815	0.613811	0.463692	1.511906
-1.535015	470794.522136	4399263.122092	0.455143	0.001142	-0.455141	1543394776.654915	0.489770	0.439893	1.516361
-1.504586	470794.491732	4399263.076826	0.476957	0.011855	-0.476809	1543394776.765909	0.558208	0.469807	1.516743
-1.546975	470794.475759	4399263.005955	0.452995	0.011199	-0.452856	1543394776.861485	0.558935	0.423409	1.517554
-1.438423	470794.489300	4399262.933319	0.449953	0.029343	-0.448995	1543394777.055081	0.612108	0.480819	1.517497
-1.433157	470794.447524	4399262.878609	0.451060	0.040198	-0.449265	1543394777.168183	0.559423	0.408786	1.518017
-1.507096	470794.425040	4399263.013820	0.408802	0.034516	-0.407342	1543394777.250815	0.824730	0.450840	1.518330
-1.498889	470794.445984	4399262.791839	0.446321	0.035481	-0.444908	1543394777.361766	0.579423	0.476924	1.517848
-1.505772	470794.456911	4399262.750989	0.451323	0.033661	-0.450065	1543394777.452340	0.581353	0.466093	1.519292
-1.541572	470794.416293	4399262.687208	0.467655	0.028647	-0.466776	1543394777.568118	0.643811	0.491039	1.519271
-1.533245	470794.394402	4399262.610112	0.502997	0.026801	-0.502283	1543394777.652865	0.646604	0.510896	1.521279
-1.577307	470794.336109	4399262.565364	0.505126	0.016648	-0.504851	1543394777.761314	0.715305	0.551617	1.522335
-1.625749	470794.324104	4399262.516791	0.546527	0.006764	-0.546485	1543394777.969291	0.696805	0.422871	1.522216
-1.583292	470794.351263	4399262.514752	0.512746	0.002783	-0.512739	1543394778.060369	0.714494	0.429105	1.524883
-1.573646	470794.316574	4399262.426607	0.549213	0.001386	-0.549211	1543394778.160220	0.770554	0.463595	1.528475
-1.575976	470794.312151	4399262.388926	0.530995	0.000224	-0.530995	1543394778.253685	0.609095	0.414103	1.530267
-1.513530	470794.291450	4399262.349230	0.480084	0.005956	-0.480047	1543394778.369332	0.762438	0.434935	1.527967
-1.560840	470794.281980	4399262.269453	0.476794	0.005634	-0.476760	1543394778.460306	0.745383	0.446106	1.529372
-1.554272	470794.268055	4399262.222039	0.475826	0.006380	-0.475783	1543394778.561508	0.714143	0.411859	1.530811
-1.517804	470794.230257	4399262.194067	0.474631	0.012459	-0.474467	1543394778.653729	0.713203	0.441517	1.535479
-1.497553	470794.223002	4399262.122679	0.489911	0.020259	-0.489491	1543394778.773715	0.756107	0.394194	1.533270
-1.495342	470794.195234	4399262.135974	0.494603	0.025362	-0.493952	1543394778.853101	0.881682	0.423573	1.532621
-1.509100	470794.178509	4399261.997358	0.453774	0.022281	-0.453227	1543394779.054003	0.727693	0.464859	1.538618
-1.510513	470794.158852	4399261.968465	0.451171	0.023614	-0.450553	1543394779.173092	0.848849	0.439084	1.537808
-1.536047	470794.165943	4399261.884734	0.458218	0.021420	-0.457717	1543394779.254569	0.706248	0.450474	1.537895
-1.648458	470794.168789	4399261.859554	0.466492	0.003284	-0.466480	1543394779.363611	0.692631	0.427643	1.453374
-1.602370	470794.138999	4399261.799309	0.475589	-0.001578	-0.475587	1543394779.458244	0.678331	0.457877	1.461231
-1.631873	470794.130534	4399261.764775	0.484230	-0.010344	-0.484119	1543394779.570368	0.726688	0.460850	1.457952
-1.657655	470794.124063	4399261.733150	0.486349	-0.020234	-0.485928	1543394779.652217	0.715202	0.430852	1.461145
-1.676211	470794.116706	4399261.723900	0.471918	-0.026380	-0.471180	1543394779.758934	0.723666	0.430560	1.462957
-1.697131	470794.095206	4399261.632954	0.539822	-0.044570	-0.537979	1543394779.852104	0.615320	0.424132	1.462219
-1.746187	470794.077962	4399261.609734	0.537694	-0.060356	-0.534296	1543394779.968879	0.611487	0.432100	1.466064
-1.735564	470794.074220	4399261.544260	0.522087	-0.067420	-0.517715	1543394780.059242	0.639667	0.419459	1.466685
-1.708273	470794.056650	4399261.511452	0.517753	-0.068286	-0.513230	1543394780.160547	0.643622	0.431218	1.466871
-1.566463	470794.010075	4399261.504018	0.455127	-0.048410	-0.452545	1543394780.253095	0.669635	0.420859	1.467591
-1.510446	470793.996519	4399261.425750	0.445183	-0.025606	-0.444446	1543394780.373821	0.605515	0.408903	1.466904
-1.497940	470793.969579	4399261.356989	0.444274	-0.008370	-0.444195	1543394780.459884	0.646742	0.476151	1.473406
-1.577061	470793.967211	4399261.349770	0.432286	-0.006485	-0.432238	1543394780.558864	0.657496	0.414521	1.471232
-1.415017	470793.944972	4399261.255210	0.432153	0.022991	-0.431541	1543394780.770057	0.708658	0.414142	1.476909
-1.424508	470793.940965	4399261.197025	0.425599	0.035809	-0.424090	1543394780.856749	0.698173	0.409339	1.478641
-1.399119	470793.906878	4399261.080368	0.390665	0.050075	-0.387443	1543394781.061706	0.667168	0.392016	1.478887
-1.480298	470793.883604	4399261.038007	0.393026	0.046962	-0.390210	1543394781.171858	0.664463	0.409652	1.482216
-1.503985	470793.883523	4399260.988496	0.359709	0.038668	-0.357625	1543394781.254264	0.646815	0.419444	1.481387
-1.427057	470793.852751	4399260.935094	0.345685	0.040731	-0.343277	1543394781.360923	0.636566	0.408424	1.478634
-1.468976	470793.910350	4399260.900780	0.321572	0.036910	-0.319446	1543394781.457230	0.661791	0.536777	1.486508
-1.517541	470793.849152	4399260.849463	0.339554	0.032155	-0.338028	1543394781.568580	0.645973	0.421846	1.486212
-1.585949	470793.801391	4399260.765363	0.198511	0.016051	-0.197861	1543394781.760336	0.625853	0.447134	1.486519
-1.501587	470793.769286	4399260.836988	0.000000	0.000000	0.000000	1543394781.857918	0.868790	0.404677	1.491388
-1.605577	470793.770227	4399260.661238	0.284522	0.008066	-0.284407	1543394781.970483	0.613248	0.419610	1.492986
-1.585386	470793.765195	4399260.633176	0.286000	0.004549	-0.285964	1543394782.062850	0.613328	0.397135	1.492314
-1.549006	470793.765038	4399260.602271	0.296196	0.005311	-0.296148	1543394782.160905	0.609857	0.429051	1.494264
-1.589825	470793.741413	4399260.545562	0.357094	0.000926	-0.357093	1543394782.257872	0.640640	0.450244	1.494947
-1.462252	470793.740948	4399260.495932	0.351715	0.011763	-0.351518	1543394782.375726	0.629076	0.480551	1.499226
-1.479027	470793.712878	4399260.476471	0.334910	0.016352	-0.334510	1543394782.460264	0.705883	0.461351	1.500054
-1.469880	470793.668935	4399260.352717	0.368449	0.034519	-0.366828	1543394782.661124	0.610043	0.398652	1.501111
-1.399425	470793.667511	4399260.288484	0.372332	0.043245	-0.369812	1543394782.768774	0.592614	0.415832	1.500841
-1.142380	470793.605535	4399260.341675	0.358344	0.073063	-0.350817	1543394782.861316	0.831222	0.439176	1.502906
-1.356527	470793.612611	4399260.234988	0.414479	0.086192	-0.405418	1543394782.963110	0.746544	0.401235	1.500757
-1.554643	470793.619998	4399260.186292	0.420151	0.061118	-0.415682	1543394783.058928	0.657951	0.426386	1.502648
-1.585506	470793.611221	4399260.118801	0.408627	0.039087	-0.406753	1543394783.170744	0.663217	0.408400	1.504139
-1.605987	470793.599746	4399260.054904	0.411983	0.021851	-0.411403	1543394783.262187	0.607677	0.411288	1.504920
-1.592481	470793.584248	4399260.023623	0.426738	0.011894	-0.426573	1543394783.360335	0.631144	0.398352	1.507349
-1.608710	470793.589470	4399259.985249	0.417231	0.002801	-0.417221	1543394783.462577	0.665297	0.416550	1.508457
-1.572435	470793.575571	4399260.109066	0.399885	0.001748	-0.399881	1543394783.569527	0.924721	0.497416	1.508277
-1.569314	470793.535805	4399259.869116	0.408069	0.001423	-0.408066	1543394783.665214	0.625117	0.401591	1.508308
-1.646972	470793.505207	4399259.807253	0.378735	-0.008163	-0.378647	1543394783.860316	0.613348	0.433261	1.507997
-1.573163	470793.480316	4399259.746108	0.382909	-0.005962	-0.382863	1543394783.971640	0.603573	0.426100	1.512587
-1.555738	470793.485149	4399259.698945	0.415512	-0.002289	-0.415506	1543394784.065456	0.674220	0.401217	1.510575
-1.631298	470793.475723	4399259.645718	0.396310	-0.009004	-0.396207	1543394784.164348	0.637760	0.390988	1.512736
-1.491003	470793.394280	4399259.598481	0.381466	0.001168	-0.381464	1543394784.369752	0.735472	0.505969	1.516487
-1.525132	470793.409785	4399259.564292	0.350236	0.005262	-0.350196	1543394784.465477	0.736649	0.434432	1.515941
-1.546286	470793.393270	4399259.537638	0.399929	0.007600	-0.399857	1543394784.559975	0.782137	0.448464	1.515566
-1.487293	470793.376118	4399259.464207	0.448641	0.020196	-0.448187	1543394784.658322	0.703596	0.419305	1.517319
-1.450918	470793.363620	4399259.398281	0.447160	0.031334	-0.446061	1543394784.774838	0.676013	0.384187	1.522545
-1.493619	470793.342007	4399259.379671	0.416685	0.029967	-0.415606	1543394784.862562	0.683746	0.433293	1.523449
-1.417592	470793.328030	4399259.341204	0.407902	0.038305	-0.406100	1543394784.962280	0.731312	0.428903	1.524612
-1.444250	470793.320273	4399259.324635	0.401312	0.042174	-0.399090	1543394785.068297	0.735343	0.425390	1.521487
-1.499836	470793.325118	4399259.249145	0.398721	0.037357	-0.396967	1543394785.161916	0.633787	0.419445	1.523940
-1.477175	470793.296193	4399259.201222	0.284179	0.026586	-0.282933	1543394785.260397	0.658207	0.414754	1.529130
-1.479203	470793.280901	4399259.084092	0.299301	0.022139	-0.298481	1543394785.460432	0.608900	0.427852	1.527270
-1.500387	470793.245068	4399259.046469	0.313675	0.022801	-0.312845	1543394785.567280	0.592979	0.438671	1.530642
-1.535757	470793.209540	4399258.953820	0.348524	0.023874	-0.347705	1543394785.760039	0.610084	0.398188	1.518685
-1.497660	470793.195113	4399258.918247	0.369081	0.025868	-0.368173	1543394785.866934	0.621998	0.466240	1.535697
-1.589418	470793.171430	4399258.865603	0.434712	0.015494	-0.434436	1543394785.967745	0.577432	0.434959	1.459013
-1.603750	470793.169864	4399258.827278	0.417007	0.008841	-0.416913	1543394786.058978	0.593027	0.460568	1.460559
-1.536469	470793.144556	4399258.837168	0.449683	0.011427	-0.449538	1543394786.166771	0.751869	0.417876	1.460220
-1.452313	470793.127932	4399258.734735	0.437954	0.023914	-0.437300	1543394786.261647	0.641164	0.384163	1.459839
-1.410132	470793.115239	4399258.688690	0.445973	0.040964	-0.444088	1543394786.370516	0.624999	0.412411	1.461634
-1.380948	470793.072773	4399258.661419	0.481727	0.062696	-0.477630	1543394786.461935	0.698588	0.413857	1.463110
-1.386704	470793.078786	4399258.626673	0.465386	0.068353	-0.460339	1543394786.554772	0.704509	0.400910	1.464841
-1.387519	470793.039654	4399258.562596	0.487498	0.077208	-0.481346	1543394786.661581	0.698543	0.410057	1.425025
-1.399043	470793.067441	4399258.559624	0.454011	0.073778	-0.447977	1543394786.769348	0.736758	0.482817	1.459642
-1.461170	470793.048846	4399258.522173	0.455658	0.065801	-0.450882	1543394786.862560	0.751884	0.441233	1.440739
-1.428852	470793.008421	4399258.571187	0.444044	0.064192	-0.439380	1543394786.960301	0.945757	0.441403	1.414546
-1.573343	470793.013284	4399258.380088	0.439385	0.046398	-0.436928	1543394787.060714	0.651637	0.407249	1.415138
-1.656312	470793.009486	4399258.342143	0.455299	0.016899	-0.454985	1543394787.171686	0.610540	0.443087	1.411147
-1.691222	470792.963334	4399258.251613	0.445316	-0.022997	-0.444722	1543394787.372463	0.599926	0.429067	1.408353
-1.650186	470792.958184	4399258.183043	0.491296	-0.029692	-0.490398	1543394787.460187	0.574934	0.405346	1.470596
-1.578973	470792.913672	4399258.176717	0.487046	-0.022874	-0.486509	1543394787.575929	0.667410	0.435568	1.470956
-1.621213	470792.922670	4399258.093809	0.536034	-0.026050	-0.535401	1543394787.676437	0.571370	0.410168	1.474897
-1.550796	470792.889766	4399258.069318	0.478138	-0.015355	-0.477892	1543394787.772290	0.628910	0.409076	1.474611
-1.591848	470792.874791	4399258.051540	0.457384	-0.013004	-0.457200	1543394787.861527	0.631083	0.417273	1.475639
-1.589652	470792.865335	4399257.983280	0.444459	-0.011189	-0.444318	1543394787.971086	0.607420	0.422138	1.474432
-1.620417	470792.849877	4399257.892531	0.473602	-0.016107	-0.473328	1543394788.062146	0.668437	0.446603	1.476664
-1.574158	470792.818034	4399257.887857	0.434298	-0.011502	-0.434146	1543394788.168401	0.672857	0.431293	1.481365
-1.538061	470792.809654	4399257.795280	0.425059	-0.002819	-0.425050	1543394788.260179	0.658270	0.414620	1.480442
-1.533429	470792.759848	4399257.762114	0.411274	0.003346	-0.411260	1543394788.376072	0.691349	0.455218	1.479840
-1.558419	470792.764300	4399257.702195	0.406324	0.004143	-0.406303	1543394788.461405	0.673743	0.418966	1.482631
-1.479822	470792.739993	4399257.674472	0.401485	0.013235	-0.401266	1543394788.572989	0.659994	0.419918	1.486620
-1.300683	470792.716429	4399257.626576	0.396367	0.044545	-0.393856	1543394788.664240	0.667360	0.412388	1.486638
-1.411403	470792.706925	4399257.563422	0.367606	0.045707	-0.364754	1543394788.780010	0.675527	0.397950	1.485900
-1.405377	470792.725536	4399257.527524	0.257911	0.035714	-0.255427	1543394788.868264	0.682278	0.470812	1.488298
-1.430515	470792.653750	4399257.631896	0.394169	0.054755	-0.390348	1543394788.971397	0.941564	0.406575	1.487909
-1.440039	470792.654000	4399257.424668	0.421100	0.057469	-0.417160	1543394789.064643	0.685864	0.410087	1.488137
-1.450146	470792.645418	4399257.402860	0.426833	0.056406	-0.423089	1543394789.173724	0.690011	0.398196	1.494688
-1.474743	470792.597236	4399257.534857	0.402240	0.050248	-0.399089	1543394789.261827	0.973486	0.419220	1.493976
2.974016	470792.587654	4399257.326587	0.406656	0.017137	-0.406295	1543394789.372238	0.513799	0.591299	1.494156
-1.666544	470792.593793	4399257.252143	0.000000	0.000000	0.000000	1543394789.468665	0.661508	0.413245	1.495234
-1.648086	470792.586616	4399257.207715	0.412721	-0.009305	-0.412616	1543394789.578242	0.663650	0.420969	1.499012
-1.615908	470792.570170	4399257.176790	0.417872	-0.012681	-0.417680	1543394789.661564	0.660498	0.379670	1.497695
-1.511048	470792.541085	4399257.097673	0.399182	-0.002120	-0.399176	1543394789.776618	0.640790	0.407293	1.497868
-1.500618	470792.535306	4399257.054564	0.399880	0.007677	-0.399807	1543394789.863317	0.630515	0.401023	1.499625
-1.353831	470792.460881	4399256.954869	0.405363	0.055662	-0.401523	1543394790.174979	0.717016	0.407669	1.502231
-1.350959	470792.464738	4399256.876798	0.395060	0.064170	-0.389813	1543394790.260222	0.655221	0.405716	1.501135
-1.340308	470792.452999	4399256.836001	0.373364	0.067089	-0.367287	1543394790.373492	0.645203	0.428982	1.504692
-1.363351	470792.430374	4399256.790169	0.366083	0.069123	-0.359498	1543394790.463042	0.670957	0.393179	1.505512
-1.436361	470792.408943	4399256.746127	0.369652	0.062979	-0.364247	1543394790.571985	0.619346	0.400870	1.506837
-1.456220	470792.382613	4399256.705745	0.376666	0.056917	-0.372341	1543394790.660905	0.661850	0.398946	1.506225
-1.412166	470792.377564	4399256.667867	0.384023	0.058859	-0.379485	1543394790.774754	0.665177	0.377463	1.507330
-1.433869	470792.358978	4399256.631963	0.384791	0.056821	-0.380573	1543394790.860330	0.678412	0.377321	1.509340
-1.471840	470792.345070	4399256.584123	0.381744	0.049922	-0.378466	1543394790.972255	0.686255	0.374373	1.509197
-1.563814	470792.330495	4399256.528044	0.388940	0.034080	-0.387444	1543394791.064563	0.647182	0.399193	1.511395
-1.534588	470792.306803	4399256.481457	0.406309	0.028617	-0.405300	1543394791.172801	0.659753	0.410878	1.511227
-1.506130	470792.268879	4399256.436009	0.419679	0.028779	-0.418692	1543394791.262517	0.665270	0.433681	1.510290
-1.502876	470792.271209	4399256.398720	0.416518	0.028455	-0.415545	1543394791.371899	0.660181	0.383907	1.511686
-1.512978	470792.256805	4399256.349483	0.400813	0.026113	-0.399962	1543394791.461760	0.665021	0.392504	1.513464
-1.433071	470792.242934	4399256.302373	0.404345	0.035583	-0.402776	1543394791.572553	0.672040	0.367630	1.512740
-1.432798	470792.216738	4399256.250308	0.393829	0.040549	-0.391736	1543394791.661795	0.675533	0.387058	1.517000
-1.443566	470792.205653	4399256.203698	0.394641	0.043854	-0.392197	1543394791.776772	0.693547	0.394954	1.519527
-1.506677	470792.178021	4399256.166412	0.398513	0.038003	-0.396697	1543394791.860160	0.643063	0.405302	1.519289
-1.349639	470792.168529	4399256.108098	0.428716	0.059078	-0.424626	1543394791.973463	0.648796	0.376074	1.474150
-1.241504	470792.142073	4399256.084298	0.431409	0.086177	-0.422714	1543394792.060775	0.646635	0.431123	1.467120
-1.115641	470792.164814	4399256.061281	0.296852	0.059492	-0.290829	1543394792.172016	0.659379	0.461751	1.500789
-0.976165	470792.148884	4399255.994375	0.201801	0.040463	-0.197703	1543394792.263648	0.603382	0.435606	1.482678
-1.235107	470792.081777	4399255.892839	0.149630	0.034299	-0.145646	1543394792.461323	0.635156	0.393921	1.528861
-1.319896	470792.070260	4399255.860239	0.126742	0.029507	-0.123259	1543394792.571047	0.637721	0.340128	1.528432
-1.450157	470792.053032	4399255.838163	0.126487	0.025266	-0.123938	1543394792.663563	0.622707	0.369678	1.526788
-1.358030	470792.014864	4399255.781166	0.130189	0.026434	-0.127477	1543394792.773098	0.663239	0.383771	1.529622
-1.494781	470792.021236	4399255.725545	0.262886	0.032265	-0.260898	1543394792.860425	0.607642	0.382817	1.534292
-1.794841	470792.000423	4399255.693904	0.238084	0.008755	-0.237923	1543394792.976334	0.632657	0.443275	1.517529
-1.930363	470792.006099	4399255.666283	0.222511	-0.012678	-0.222150	1543394793.064485	0.566023	0.470302	1.481813
-1.912429	470791.952109	4399255.618607	0.153203	-0.008912	-0.152944	1543394793.177563	0.548920	0.566081	1.482035
-2.105810	470791.973613	4399255.601530	0.243218	-0.078072	-0.230347	1543394793.261749	0.534082	0.503988	1.490119
-2.271182	470791.957733	4399255.541801	0.225098	-0.096712	-0.203263	1543394793.374993	0.490547	0.547303	1.491448
-1.653512	470791.932421	4399255.491023	0.212818	-0.069964	-0.200989	1543394793.459683	0.561637	0.379836	1.488976
-1.661899	470791.904526	4399255.412531	0.224118	-0.053563	-0.217624	1543394793.576484	0.581118	0.368734	1.489282
-1.679643	470791.904253	4399255.376985	0.264125	-0.048850	-0.259569	1543394793.664692	0.566994	0.438509	1.491602
-1.588552	470791.875996	4399255.327481	0.347032	-0.035466	-0.345215	1543394793.770703	0.615650	0.420140	1.492756
-1.472627	470791.839264	4399255.368874	0.334294	-0.014473	-0.333980	1543394793.863086	0.764023	0.527902	1.492880
3.081166	470791.826718	4399255.198872	0.387206	-0.019101	-0.386734	1543394793.974850	0.398162	0.629496	1.493108
-2.792709	470791.847024	4399255.203849	0.000000	0.000000	0.000000	1543394794.084558	0.496293	0.644338	1.492222
-1.483893	470791.705469	4399255.100442	0.371398	0.038852	-0.369360	1543394794.282309	0.651697	0.508085	1.494482
-1.486495	470791.715228	4399255.036622	0.420506	0.040537	-0.418547	1543394794.374984	0.629276	0.410933	1.493474
-1.212961	470791.716625	4399254.980740	0.283472	0.027275	-0.282156	1543394794.486692	0.611286	0.447418	1.496578
-1.506531	470791.681749	4399254.933306	0.352180	0.028697	-0.351009	1543394794.574229	0.641219	0.416156	1.498481
2.618509	470791.695261	4399254.942204	0.310952	-0.024645	-0.309973	1543394794.671778	0.478825	0.565524	1.501034
-1.188579	470791.664344	4399254.877957	0.000000	0.000000	0.000000	1543394794.777053	0.588141	0.449675	1.501566
3.070364	470791.624442	4399254.850291	0.141553	-0.011493	-0.141085	1543394794.887537	0.361321	0.641183	1.500275
2.961101	470791.595628	4399254.820959	0.000000	0.000000	0.000000	1543394794.971974	0.409417	0.623686	1.497126
-1.204631	470791.586312	4399254.749721	0.268934	-0.174651	-0.204505	1543394795.067319	0.585806	0.441055	1.500817
-1.239981	470791.554454	4399254.710858	0.000000	0.000000	0.000000	1543394795.173957	0.585345	0.451210	1.498568
-1.297462	470791.528731	4399254.671343	0.306120	-0.267702	-0.148475	1543394795.288751	0.544592	0.457902	1.497871
-1.256944	470791.532013	4399254.680092	0.000000	0.000000	0.000000	1543394795.371801	0.571611	0.476135	1.494277
-1.270778	470791.525204	4399254.673481	0.189837	-0.170526	-0.083420	1543394795.473899	0.574680	0.483954	1.495284
-1.206262	470791.530834	4399254.673453	0.000000	0.000000	0.000000	1543394795.580724	0.532077	0.506612	1.495227
-1.307368	470791.520299	4399254.687044	0.000000	0.000000	0.000000	1543394795.691921	0.595576	0.448649	1.496732
-1.553333	470791.505162	4399254.673637	0.000000	0.000000	0.000000	1543394795.772321	0.626219	0.366094	1.497511
-1.752672	470791.535971	4399254.696599	0.000000	0.000000	0.000000	1543394795.870664	0.584526	0.436071	1.545611
-1.823394	470791.558903	4399254.672080	0.000000	0.000000	0.000000	1543394795.973308	0.516397	0.443484	1.549676
-1.699789	470791.554747	4399254.620276	0.000000	0.000000	0.000000	1543394796.086183	0.589794	0.436173	1.553962
-1.872944	470791.526835	4399254.594226	0.000000	0.000000	0.000000	1543394796.171432	0.536673	0.445182	1.548886
-1.851811	470791.514140	4399254.585219	0.000000	0.000000	0.000000	1543394796.275694	0.454802	0.461418	1.546497
-2.310303	470791.509743	4399254.562144	0.140920	-0.094970	-0.104112	1543394796.375413	0.383442	0.485975	1.509962
-2.140758	470791.503859	4399254.510633	0.143738	-0.091249	-0.111060	1543394796.488438	0.464295	0.470231	1.545249
-1.879126	470791.431691	4399254.456670	0.000000	0.000000	0.000000	1543394796.573169	0.538185	0.423913	1.484724
-1.456537	470791.377699	4399254.344364	0.000000	0.000000	0.000000	1543394796.773547	0.559414	0.416460	1.502601
-1.474436	470791.372383	4399254.285279	0.000000	0.000000	0.000000	1543394796.888412	0.631947	0.414497	1.506169
-1.366796	470791.375724	4399254.240202	0.000000	0.000000	0.000000	1543394796.974032	0.613421	0.385203	1.505543
-1.454361	470791.357791	4399254.223098	0.000000	0.000000	0.000000	1543394797.172059	0.588228	0.442764	1.445272
-1.371328	470791.362017	4399254.172611	0.000000	0.000000	0.000000	1543394797.289129	0.615072	0.452615	1.507640
-1.270768	470791.363748	4399254.201076	0.000000	0.000000	0.000000	1543394797.373009	0.604029	0.451417	1.510858
-1.260603	470791.401221	4399254.169666	0.000000	0.000000	0.000000	1543394797.472536	0.549125	0.427838	1.513500
-1.734802	470791.450389	4399254.135065	0.000000	0.000000	0.000000	1543394797.575803	0.432342	0.464718	1.516080
-1.426656	470791.448587	4399254.085854	0.000000	0.000000	0.000000	1543394797.689118	0.486415	0.477394	1.516035
-3.036170	470791.481505	4399254.053781	0.000000	0.000000	0.000000	1543394797.772034	0.448139	0.506914	1.517421
-0.894734	470791.474211	4399253.996376	0.000000	0.000000	0.000000	1543394797.872660	0.578064	0.386405	1.523837
-1.429937	470791.494152	4399253.994051	0.000000	0.000000	0.000000	1543394797.976549	0.546631	0.429342	1.461541
-1.467662	470791.395253	4399254.028676	0.000000	0.000000	0.000000	1543394798.072739	0.709924	0.593942	1.464890
-1.498211	470791.491296	4399253.983726	0.000000	0.000000	0.000000	1543394798.174716	0.568292	0.417835	1.462611
-1.464175	470791.449855	4399253.983422	0.000000	0.000000	0.000000	1543394798.371798	0.545590	0.444730	1.459617
-1.677506	470791.455301	4399253.998313	0.000000	0.000000	0.000000	1543394798.487014	0.505446	0.451558	1.519239
-1.469700	470791.431523	4399254.000546	0.000000	0.000000	0.000000	1543394798.575467	0.479006	0.425061	1.519628
-1.026901	470791.455771	4399253.974218	0.000000	0.000000	0.000000	1543394798.672881	0.510061	0.421081	1.520630
-1.160046	470791.481158	4399253.930784	0.000000	0.000000	0.000000	1543394798.891375	0.468015	0.409514	1.569989
-1.481288	470791.485207	4399253.906661	0.000000	0.000000	0.000000	1543394798.975358	0.410380	0.414047	1.570864
-1.061583	470791.489877	4399253.865766	0.000000	0.000000	0.000000	1543394799.065910	0.483047	0.398636	1.571231
-2.001225	470791.490155	4399253.847230	0.000000	0.000000	0.000000	1543394799.177290	0.381168	0.495585	1.574198
-2.224315	470791.507821	4399253.773006	0.000000	0.000000	0.000000	1543394799.293957	0.384472	0.481563	1.526490
-2.341012	470791.507596	4399253.703298	0.155707	-0.108228	-0.111944	1543394799.373780	0.395760	0.484902	1.527799
-2.270370	470791.489330	4399253.632823	0.148994	-0.101952	-0.108650	1543394799.473291	0.405032	0.479882	1.529103
-2.433000	470791.482332	4399253.581909	0.000000	0.000000	0.000000	1543394799.574736	0.399260	0.482367	1.531776
-1.574756	470791.474397	4399253.459491	0.136465	-0.053469	-0.125553	1543394799.773465	0.480643	0.427832	1.534230
-1.316702	470791.465285	4399253.389217	0.000000	0.000000	0.000000	1543394799.872164	0.505968	0.430355	1.517861
-1.413427	470791.457819	4399253.345038	0.144493	0.022649	-0.142707	1543394799.975597	0.501253	0.438323	1.480326
-1.451358	470791.457058	4399253.296869	0.503736	0.069288	-0.498948	1543394800.086520	0.475394	0.437089	1.482358
-1.306476	470791.449487	4399253.250576	0.297602	0.061366	-0.291207	1543394800.171129	0.518615	0.418521	1.482983
-1.409374	470791.459752	4399253.213269	0.500705	0.096263	-0.491364	1543394800.270918	0.474173	0.418736	1.483597
-1.432280	470791.466537	4399253.174627	0.507077	0.085429	-0.499829	1543394800.371908	0.470664	0.418428	1.485424
-1.374592	470791.463211	4399253.141412	0.504410	0.090456	-0.496233	1543394800.490370	0.534137	0.431619	1.490917
-1.302386	470791.461609	4399253.071569	0.423600	0.088291	-0.414296	1543394800.569588	0.493061	0.420021	1.495555
-1.159417	470791.458043	4399253.027204	0.400575	0.107857	-0.385781	1543394800.671247	0.495278	0.392165	1.498189
-1.295518	470791.467300	4399252.991335	0.384952	0.104138	-0.370599	1543394800.773387	0.510438	0.409025	1.498061
2.593042	470791.485502	4399252.957316	0.365488	0.011419	-0.365310	1543394800.887359	0.513612	0.449129	1.498930
-1.502787	470791.483175	4399252.905685	0.000000	0.000000	0.000000	1543394800.974314	0.578947	0.434178	1.502401
2.661837	470791.493593	4399252.847438	0.441646	-0.090803	-0.432211	1543394801.069470	0.505853	0.422104	1.503964
2.942537	470791.492738	4399252.834399	0.000000	0.000000	0.000000	1543394801.172667	0.457553	0.527496	1.506086
-3.128807	470791.485986	4399252.743697	0.254800	-0.032254	-0.252750	1543394801.290142	0.417567	0.463460	1.507267
-2.920736	470791.473082	4399252.682835	0.000000	0.000000	0.000000	1543394801.373666	0.415582	0.476077	1.508376
-2.909748	470791.471112	4399252.620295	0.260584	0.019237	-0.259873	1543394801.468930	0.416649	0.501423	1.510243
-2.108052	470791.495602	4399252.606014	0.000000	0.000000	0.000000	1543394801.574931	0.444264	0.490514	1.512030
-2.388625	470791.469490	4399252.572946	0.507200	0.012718	-0.507041	1543394801.689336	0.447639	0.559840	1.513079
-2.237284	470791.470376	4399252.533385	0.000000	0.000000	0.000000	1543394801.771922	0.460431	0.653819	1.515054
-2.562701	470791.472836	4399252.417236	0.354095	0.128393	-0.329998	1543394801.869173	0.395705	0.521235	1.515240
-2.557973	470791.451489	4399252.418135	0.000000	0.000000	0.000000	1543394801.973843	0.404276	0.644919	1.518956
2.685106	470791.483456	4399252.375502	0.305839	0.056321	-0.300609	1543394802.080809	0.519121	0.473354	1.519252
2.781351	470791.498393	4399252.339657	0.000000	0.000000	0.000000	1543394802.171764	0.483293	0.492140	1.517481
-1.216837	470791.466254	4399252.263870	0.410908	0.052186	-0.407581	1543394802.272062	0.570402	0.389975	1.515932
-1.178495	470791.473981	4399252.201935	0.418862	0.089084	-0.409279	1543394802.372691	0.522353	0.393252	1.525603
-1.559133	470791.487223	4399252.172614	0.508346	0.071176	-0.503338	1543394802.483674	0.502628	0.430549	1.526770
-1.308422	470791.455943	4399252.158278	0.505266	0.091114	-0.496983	1543394802.569294	0.635541	0.433618	1.523209
-1.379036	470791.458983	4399252.187588	0.506137	0.092936	-0.497532	1543394802.673006	0.756716	0.414099	1.526304
-1.500945	470791.481181	4399251.913756	0.511297	0.019806	-0.510913	1543394802.972554	0.596474	0.425169	1.529427
-1.461645	470791.490857	4399251.867899	0.511349	0.030387	-0.510445	1543394803.071222	0.605171	0.410965	1.533437
-1.443852	470791.480706	4399251.831283	0.440904	0.036214	-0.439414	1543394803.177278	0.602579	0.416139	1.532694
-1.509641	470791.480087	4399251.761512	0.462899	0.021160	-0.462415	1543394803.372956	0.568161	0.435952	1.537687
-1.168211	470791.488935	4399251.667111	0.505687	0.083450	-0.498754	1543394803.470184	0.554964	0.384091	1.497988
-1.453322	470791.517824	4399251.680732	0.497984	0.074522	-0.492377	1543394803.579541	0.606929	0.447941	1.499276
-1.653877	470791.528114	4399251.625059	0.507678	0.049854	-0.505224	1543394803.686985	0.519606	0.429401	1.499041
-1.858765	470791.540207	4399251.572443	0.457886	-0.008605	-0.457805	1543394803.775056	0.510925	0.449610	1.502152
-2.530661	470791.474137	4399251.510502	0.395385	0.052334	-0.391906	1543394803.871595	0.414483	0.638945	1.504710
-2.408707	470791.515779	4399251.445610	0.000000	0.000000	0.000000	1543394803.976151	0.417615	0.566585	1.508121
-2.366148	470791.493474	4399251.405603	0.354673	-0.020213	-0.354097	1543394804.085860	0.446632	0.594872	1.508589
-2.272122	470791.509894	4399251.305126	0.279416	-0.006314	-0.279344	1543394804.282244	0.466736	0.605151	1.515974
-2.347379	470791.517888	4399251.255973	0.000000	0.000000	0.000000	1543394804.370995	0.439472	0.608113	1.520445
-2.556577	470791.471285	4399251.229385	0.261578	0.090508	-0.245421	1543394804.487035	0.427670	0.655072	1.517316
-1.427661	470791.452591	4399251.267679	0.000000	0.000000	0.000000	1543394804.579545	0.747320	0.479108	1.521131
-1.094492	470791.461591	4399251.191659	0.190598	0.065976	-0.178815	1543394804.670887	0.710625	0.403643	1.523907
-1.256278	470791.505003	4399251.079888	0.225777	0.074815	-0.213022	1543394804.773543	0.516128	0.424335	1.523341
-1.383812	470791.521376	4399251.009473	0.190427	0.051858	-0.183230	1543394804.974243	0.541433	0.465913	1.528096
-1.338066	470791.528472	4399250.952075	0.130668	0.035547	-0.125740	1543394805.073755	0.509599	0.438678	1.532518
-1.257494	470791.506277	4399250.910889	0.266471	0.078504	-0.254644	1543394805.182166	0.550947	0.456037	1.532815
-1.199840	470791.529423	4399250.840870	0.304497	0.098572	-0.288100	1543394805.288290	0.494368	0.431499	1.537838
-1.175750	470791.501988	4399250.817181	0.319590	0.110508	-0.299876	1543394805.377526	0.512362	0.429314	1.535939
-1.059097	470791.487509	4399250.720886	0.348530	0.140536	-0.318940	1543394805.582677	0.583233	0.416559	1.562481
-0.755512	470791.504232	4399250.660429	0.247703	0.100004	-0.226619	1543394805.691972	0.582080	0.424885	1.563594
-0.964949	470791.545201	4399250.510519	0.186914	0.075462	-0.171003	1543394805.774738	0.703053	0.429420	1.555993
-0.920620	470791.569421	4399250.483146	0.130664	0.052740	-0.119548	1543394805.872861	0.670823	0.409652	1.528406
-1.160439	470791.559477	4399250.414851	0.223342	0.089524	-0.204614	1543394805.974238	0.695471	0.410500	1.539005
-1.241824	470791.540994	4399250.373768	0.229141	0.086660	-0.212121	1543394806.077914	0.673150	0.451477	1.492396
-1.488478	470791.566386	4399250.351389	0.300284	0.071533	-0.291640	1543394806.181067	0.707058	0.478775	1.504620
-3.093944	470791.541214	4399250.349483	0.504333	0.086480	-0.496864	1543394806.272935	0.432267	0.617697	1.497724
-2.669788	470791.553667	4399250.242685	0.000000	0.000000	0.000000	1543394806.377288	0.418470	0.676336	1.505885
-2.521866	470791.577696	4399250.189831	0.395913	0.154557	-0.364499	1543394806.483802	0.431419	0.641366	1.478542
-2.538609	470791.575463	4399250.104244	0.433965	0.211573	-0.378896	1543394806.670887	0.403088	0.743720	1.505494
-2.711836	470791.576923	4399249.984623	0.438361	0.185530	-0.397163	1543394806.878102	0.449814	0.635278	1.501255
-2.393946	470791.629363	4399249.928707	0.000000	0.000000	0.000000	1543394806.974847	0.392780	0.587556	1.185324
-2.249376	470791.677701	4399249.870973	0.348500	0.083871	-0.338257	1543394807.070626	0.432108	0.623178	1.163452
-2.546252	470791.617141	4399249.825945	0.000000	0.000000	0.000000	1543394807.179878	0.408178	0.602146	1.156155
-2.175120	470791.655288	4399249.815565	0.305142	0.052966	-0.300510	1543394807.289780	0.410401	0.588316	1.173180
-2.071895	470791.687215	4399249.774821	0.326454	-0.035195	-0.324552	1543394807.373033	0.422376	0.516957	1.158267
-1.467222	470791.613648	4399249.713909	0.507441	-0.019230	-0.507076	1543394807.472394	0.606349	0.431191	1.029336
-1.496458	470791.616188	4399249.663531	0.512865	0.005101	-0.512840	1543394807.577220	0.607645	0.452779	1.012405
-1.406019	470791.605508	4399249.611846	0.512781	0.033885	-0.511660	1543394807.687550	0.590902	0.426895	1.005917
-1.433617	470791.599931	4399249.577662	0.512208	0.046357	-0.510106	1543394807.780699	0.578298	0.418422	1.003333
