front	position-x	position-y	speed	speed-x	speed-y	timestamp	v-x	v-y	v-z
-1.471431	470912.719391	4399004.380423	0.568184	-0.058814	0.565132	1543372466.250500	1.360763	0.484000	1.071813
-1.471192	470912.631399	4399005.229013	0.951292	-0.098303	0.946199	1543372466.347078	1.181790	0.486100	1.172350
0.081998	470912.545560	4399006.089331	1.355194	-0.138153	1.348134	1543372466.449505	1.116709	0.486864	1.208909
0.096520	470912.411331	4399007.410169	1.769356	-0.179774	1.760200	1543372466.550998	1.062475	0.487500	1.239375
0.096445	470912.333500	4399008.220244	1.995629	-0.200435	1.985538	1543372466.651511	1.016585	0.488038	1.265154
0.382104	470911.859719	4399012.953970	2.000062	-0.199896	1.990048	1543372466.852698	0.874980	0.489700	1.344700
-0.182810	470911.510947	4399016.459287	2.000183	-0.199049	1.990254	1543372467.061355	0.738620	0.491300	1.421300
0.146705	470911.141136	4399020.216871	2.000125	-0.197483	1.990352	1543372467.154626	0.602260	0.492900	1.497900
0.123421	470910.978420	4399021.887738	2.000064	-0.196527	1.990385	1543372467.257444	0.602260	0.492900	1.497900
0.362911	470910.815527	4399023.565319	2.000063	-0.195706	1.990465	1543372467.361417	0.602260	0.492900	1.497900
0.365776	470910.547024	4399026.321742	2.000123	-0.195097	1.990586	1543372467.460912	0.534517	0.494164	1.537678
0.202405	470910.251455	4399029.335435	2.000124	-0.195203	1.990576	1543372467.551023	0.466519	0.495157	1.576593
0.141422	470909.969567	4399032.200689	2.000063	-0.195439	1.990491	1543372467.749166	0.466519	0.495157	1.576593
0.115781	470909.731926	4399034.587368	2.000123	-0.196233	1.990474	1543372467.854179	0.466519	0.495157	1.576593
0.104309	470909.487504	4399037.047658	2.000124	-0.196674	1.990431	1543372467.947387	0.466519	0.495157	1.576593
0.099315	470908.926942	4399042.591803	2.000389	-0.199218	1.990444	1543372468.456624	0.466519	0.495157	1.576593
0.097986	470908.749238	4399044.333311	2.000067	-0.199916	1.990050	1543372468.555909	0.466519	0.495157	1.576593
0.096432	470908.483830	4399046.910452	2.000120	-0.201141	1.989980	1543372468.658881	0.469786	0.498624	1.587646
0.095695	470908.226847	4399049.447918	2.000120	-0.201319	1.989963	1543372468.752544	0.473053	0.502091	1.598700
0.095498	470908.132398	4399050.379268	2.000062	-0.201368	1.989899	1543372468.853231	0.473053	0.502091	1.598700
0.095365	470908.087912	4399050.848009	2.000061	-0.200659	1.989969	1543372468.944852	0.473120	0.502163	1.598929
0.095189	470908.048987	4399051.360347	1.995445	-0.197075	1.985689	1543372469.053993	0.473865	0.502953	1.601446
0.095072	470908.038924	4399051.555042	1.942889	-0.189383	1.933637	1543372469.146771	0.473865	0.502953	1.601446
0.095036	470908.035937	4399051.583606	1.885788	-0.184029	1.876787	1543372469.249410	0.470599	0.499486	1.590392
0.094927	470908.047851	4399051.538913	1.780572	-0.171899	1.772255	1543372469.346996	0.473019	0.502055	1.598579
0.094916	470908.034564	4399051.699972	1.759618	-0.169258	1.751458	1543372469.451154	0.473876	0.502964	1.601481
0.094965	470908.009970	4399052.011080	1.778523	-0.169695	1.770409	1543372469.549581	0.474694	0.503832	1.604252
0.095281	470907.990581	4399052.357756	1.776387	-0.166025	1.768612	1543372469.650610	0.477005	0.506285	1.612078
0.095894	470907.920003	4399053.161126	1.891520	-0.175577	1.883353	1543372469.745405	0.473739	0.502819	1.601025
0.096679	470907.859961	4399053.795111	1.988924	-0.184857	1.980315	1543372469.949497	0.473840	0.502926	1.601367
0.097499	470907.826347	4399054.269873	1.999906	-0.183177	1.991500	1543372470.048680	0.475319	0.504495	1.606371
0.098176	470907.801952	4399054.637657	1.991867	-0.180034	1.983714	1543372470.149280	0.479065	0.508471	1.619046
0.098424	470907.794958	4399054.772059	1.992312	-0.178731	1.984279	1543372470.252128	0.480270	0.509750	1.623124
0.098602	470907.776185	4399055.016979	2.000000	-0.178579	1.992012	1543372470.346791	0.481744	0.511314	1.628112
0.098713	470907.707778	4399055.764794	1.999998	-0.178961	1.991976	1543372470.448744	0.481239	0.510778	1.626405
0.098620	470907.606384	4399056.769255	2.000000	-0.181627	1.991736	1543372470.549094	0.481671	0.511236	1.627866
0.098472	470907.542634	4399057.430549	2.000000	-0.182485	1.991657	1543372470.649289	0.480814	0.510327	1.624964
0.098312	470907.459523	4399058.300288	2.000000	-0.183317	1.991581	1543372470.751597	0.480814	0.510327	1.624964
0.097982	470907.361863	4399059.339003	2.000000	-0.183801	1.991536	1543372470.851300	0.487347	0.517261	1.647070
0.105007	470907.253858	4399060.359484	2.000000	-0.187272	1.991213	1543372470.944779	0.490614	0.520727	1.658124
0.101275	470907.173216	4399061.053346	2.000000	-0.191008	1.990858	1543372471.056433	0.496715	0.527202	1.678770
0.103916	470907.031319	4399062.356207	2.000000	-0.195046	1.990467	1543372471.147048	0.497534	0.528071	1.681543
0.094177	470906.944865	4399063.185625	2.000000	-0.196331	1.990340	1543372471.257323	0.497534	0.528071	1.681543
0.102514	470906.798663	4399064.536610	2.000000	-0.199421	1.990033	1543372471.348239	0.497534	0.528071	1.681543
0.105059	470906.763791	4399064.890138	2.000000	-0.199288	1.990046	1543372471.453630	0.497411	0.527940	1.681126
0.245327	470906.743983	4399065.101445	1.995095	-0.198453	1.985200	1543372471.548082	0.497052	0.527560	1.679916
0.214731	470906.781186	4399064.828795	1.848823	-0.181241	1.839918	1543372471.658458	0.498693	0.529300	1.685466
0.239281	470906.730841	4399065.330609	1.064640	-0.076565	1.061883	1543372471.746643	0.496314	0.526776	1.677414
0.543812	470906.726790	4399065.473762	0.811599	-0.040469	0.810589	1543372471.851638	0.496314	0.526776	1.677414
0.117765	470906.698793	4399065.858062	0.820195	-0.037536	0.819336	1543372471.949424	0.493541	0.523833	1.668028
1.202188	470906.654782	4399066.322107	0.966274	-0.053299	0.964803	1543372472.068356	0.493541	0.523833	1.668028
1.467830	470906.542745	4399067.384342	1.205722	-0.079571	1.203094	1543372472.148453	0.494432	0.524779	1.671038
0.094116	470906.463282	4399068.161127	1.364740	-0.098265	1.361197	1543372472.354030	0.496406	0.526874	1.677717
0.105884	470906.431030	4399068.425450	1.418864	-0.106159	1.414887	1543372472.451813	0.496406	0.526874	1.677717
0.102452	470906.423673	4399068.518389	1.418836	-0.106291	1.414849	1543372472.548399	0.494837	0.525209	1.672409
0.103724	470906.375791	4399068.947935	1.491097	-0.116363	1.486550	1543372472.657513	0.500371	0.531081	1.691129
0.109774	470906.347490	4399069.189949	1.535099	-0.122664	1.530191	1543372472.747438	0.503637	0.534548	1.702183
0.104409	470906.215693	4399070.344195	1.762775	-0.152731	1.756146	1543372472.946692	0.505500	0.536525	1.708486
0.106127	470906.146383	4399070.973089	1.889957	-0.168431	1.882437	1543372473.151560	0.504255	0.535204	1.704272
0.103321	470906.096525	4399071.462677	1.965091	-0.176983	1.957105	1543372473.257142	0.504255	0.535204	1.704272
0.105248	470906.035509	4399071.982013	2.000024	-0.184552	1.991491	1543372473.351874	0.506800	0.537904	1.712885
0.105379	470906.073282	4399071.673721	0.000000	0.000000	0.000000	1543372473.451544	0.506648	0.537743	1.712372
0.105088	470906.086642	4399071.536218	0.000000	0.000000	0.000000	1543372473.550787	0.506648	0.537743	1.712372
0.104855	470906.123691	4399071.182930	0.000000	0.000000	0.000000	1543372473.656644	0.506648	0.537743	1.712372
0.110083	470906.185835	4399070.513827	0.000000	0.000000	0.000000	1543372473.758722	0.506648	0.537743	1.712372
0.101943	470906.229475	4399070.111155	0.000000	0.000000	0.000000	1543372473.855107	0.508217	0.539408	1.717680
0.103319	470906.204970	4399070.317492	0.000000	0.000000	0.000000	1543372473.949272	0.510530	0.541863	1.725513
0.103423	470906.230248	4399070.079102	0.000000	0.000000	0.000000	1543372474.055744	0.512106	0.543535	1.730843
1.717554	470906.685444	4399066.471520	0.000000	0.000000	0.000000	1543372474.145272	0.203751	0.597274	0.534154
1.717554	470906.685444	4399066.471520	0.000000	0.000000	0.000000	1543372474.255524	0.203751	0.597274	0.534154
1.619304	470906.651527	4399066.470212	0.000000	0.000000	0.000000	1543372474.356251	0.207213	0.308048	0.958041
-0.125776	470906.774633	4399066.479741	0.000000	0.000000	0.000000	1543372474.452240	0.423504	0.098503	0.943540
-0.160011	470906.660063	4399066.496755	0.000000	0.000000	0.000000	1543372474.558373	0.452393	0.166178	0.932947
-0.202564	470906.672477	4399066.475629	0.000000	0.000000	0.000000	1543372474.657375	0.276726	0.191007	0.920443
-0.234687	470906.684368	4399066.475113	0.000000	0.000000	0.000000	1543372474.749376	0.299360	0.085867	1.163382
-0.271528	470906.745291	4399066.475347	0.000000	0.000000	0.000000	1543372474.854891	0.402925	0.138256	1.148443
-0.310068	470906.742363	4399066.506364	0.000000	0.000000	0.000000	1543372474.954832	0.387766	0.202642	1.537789
-0.343703	470906.698592	4399066.425551	0.000000	0.000000	0.000000	1543372475.053384	0.531160	0.248013	1.111181
-0.379801	470906.753205	4399066.479119	0.000000	0.000000	0.000000	1543372475.146138	0.368122	0.153593	1.096032
-0.436791	470906.779239	4399066.432537	0.000000	0.000000	0.000000	1543372475.255752	0.356242	0.130887	1.078281
-0.497142	470906.679525	4399066.468453	0.000000	0.000000	0.000000	1543372475.349314	0.573789	0.245470	1.061320
1.686974	470906.724611	4399066.450871	0.000000	0.000000	0.000000	1543372475.449081	0.099536	0.600006	1.043959
1.680132	470906.708493	4399066.430505	0.000000	0.000000	0.000000	1543372475.655955	0.136094	0.348974	1.372945
1.692070	470906.659378	4399066.434944	0.000000	0.000000	0.000000	1543372475.747878	0.212569	0.341255	1.342740
1.707285	470906.740069	4399066.411801	0.000000	0.000000	0.000000	1543372476.148338	0.073883	0.527867	1.289474
1.681373	470906.756799	4399066.450251	0.000000	0.000000	0.000000	1543372476.450894	0.187867	0.395411	1.221105
1.688842	470906.729282	4399066.432894	0.000000	0.000000	0.000000	1543372476.547195	0.175179	0.368902	1.196526
1.649346	470906.698302	4399066.402886	0.000000	0.000000	0.000000	1543372476.658335	0.223609	0.388677	1.467586
1.673537	470906.774119	4399066.405764	0.000000	0.000000	0.000000	1543372476.749085	0.321630	0.558789	1.434639
1.678664	470906.671297	4399066.457807	0.000000	0.000000	0.000000	1543372476.858655	0.279873	0.545088	1.404756
1.697108	470906.774605	4399066.410539	0.000000	0.000000	0.000000	1543372476.954431	0.279628	0.375540	1.374676
1.713383	470906.770788	4399066.412393	0.000000	0.000000	0.000000	1543372477.055096	0.173985	0.395631	1.363833
1.739428	470906.828007	4399066.425710	0.000000	0.000000	0.000000	1543372477.159636	0.233249	0.496668	1.594234
1.734677	470906.735403	4399066.447574	0.000000	0.000000	0.000000	1543372477.255900	0.269396	0.483977	1.308909
1.729802	470906.741326	4399066.428721	0.000000	0.000000	0.000000	1543372477.360127	0.218352	0.471961	1.273410
1.717131	470906.776995	4399066.446082	0.000000	0.000000	0.000000	1543372477.453990	0.244551	0.557311	1.243087
1.722338	470906.706834	4399066.462600	0.000000	0.000000	0.000000	1543372477.552440	0.251261	0.543051	1.510909
1.701848	470906.723367	4399066.452972	0.000000	0.000000	0.000000	1543372477.658154	0.230975	0.532715	1.470845
1.710506	470906.748041	4399066.447215	0.000000	0.000000	0.000000	1543372477.759532	0.211936	0.516733	1.661155
1.719342	470906.698993	4399066.444586	0.000000	0.000000	0.000000	1543372477.860320	0.255325	0.502551	1.388613
1.757749	470906.766081	4399066.400098	0.000000	0.000000	0.000000	1543372477.959260	0.328003	0.485509	1.570932
1.762857	470906.786989	4399066.419652	0.000000	0.000000	0.000000	1543372478.159444	0.216392	0.500725	1.483179
1.759629	470906.783502	4399066.436286	0.000000	0.000000	0.000000	1543372478.258165	0.317759	0.507667	1.439473
1.757550	470906.738464	4399066.442830	0.000000	0.000000	0.000000	1543372478.360875	0.367836	0.515889	1.390617
1.752720	470906.755508	4399066.420673	0.000000	0.000000	0.000000	1543372478.450937	0.318837	0.497346	1.533048
1.680668	470906.759275	4399066.419909	0.000000	0.000000	0.000000	1543372478.555169	0.254371	0.574631	1.545943
1.678887	470906.737468	4399066.441216	0.000000	0.000000	0.000000	1543372478.656883	0.381428	0.510328	1.488022
1.685375	470906.765692	4399066.403840	0.000000	0.000000	0.000000	1543372478.765387	0.306589	0.487265	1.626773
1.659461	470906.737263	4399066.423166	0.000000	0.000000	0.000000	1543372478.861882	0.332207	0.467729	1.560490
1.653146	470906.708084	4399066.401303	0.000000	0.000000	0.000000	1543372479.056214	0.316100	0.539049	1.650949
1.647037	470906.715326	4399066.355006	0.000000	0.000000	0.000000	1543372479.161053	0.361915	0.470120	1.564500
1.636438	470906.721499	4399066.427012	0.000000	0.000000	0.000000	1543372479.259084	0.252215	0.521741	1.662245
1.649884	470906.737652	4399066.410303	0.000000	0.000000	0.000000	1543372479.359312	0.312174	0.521142	1.709213
1.652369	470906.761708	4399066.385673	0.000000	0.000000	0.000000	1543372479.462332	0.363948	0.498896	1.640406
1.661606	470906.738182	4399066.436567	0.000000	0.000000	0.000000	1543372479.555413	0.266297	0.576230	1.685332
1.713092	470906.752734	4399066.412494	0.000000	0.000000	0.000000	1543372479.655698	0.230749	0.528675	1.602096
1.753494	470906.696166	4399066.442397	0.000000	0.000000	0.000000	1543372479.759916	0.344991	0.524420	1.653440
1.133670	470906.702411	4399066.488968	0.000000	0.000000	0.000000	1543372479.861366	0.440075	0.483185	1.580634
0.924732	470906.697151	4399066.477565	0.000000	0.000000	0.000000	1543372479.949236	0.381057	0.437356	1.591814
1.447392	470906.628070	4399066.419300	0.000000	0.000000	0.000000	1543372480.052163	0.347357	0.578397	1.641362
1.629517	470906.694729	4399066.395536	0.000000	0.000000	0.000000	1543372480.148608	0.395162	0.508097	1.698100
1.626750	470906.646235	4399066.447345	0.000000	0.000000	0.000000	1543372480.259110	0.437184	0.547765	1.625858
1.954806	470906.723399	4399066.394283	0.000000	0.000000	0.000000	1543372480.357866	0.443105	0.486668	1.656906
1.561780	470906.690730	4399066.405620	0.000000	0.000000	0.000000	1543372480.458910	0.429753	0.496075	1.677890
1.664929	470906.691449	4399066.404188	0.000000	0.000000	0.000000	1543372480.552003	0.360486	0.498162	1.639604
1.200354	470906.679737	4399066.473726	0.000000	0.000000	0.000000	1543372480.652350	0.391883	0.536693	1.685525
1.486176	470906.679678	4399066.454440	0.000000	0.000000	0.000000	1543372480.757947	0.350277	0.501817	1.708769
1.868345	470906.694087	4399066.438284	0.000000	0.000000	0.000000	1543372480.858273	0.347508	0.495127	1.751094
1.636293	470906.679038	4399066.410349	0.000000	0.000000	0.000000	1543372480.961779	0.440028	0.495806	1.708826
1.505128	470906.716180	4399066.497485	0.000000	0.000000	0.000000	1543372481.157396	0.514772	0.534638	1.675970
1.391114	470906.694301	4399066.503526	0.000000	0.000000	0.000000	1543372481.263994	0.495062	0.578369	1.709087
1.611922	470906.690886	4399066.503902	0.000000	0.000000	0.000000	1543372481.359024	0.519940	0.513607	1.457236
1.454693	470906.664073	4399066.522688	0.000000	0.000000	0.000000	1543372481.459011	0.533464	0.563467	1.510126
1.198348	470906.663856	4399066.534897	0.000000	0.000000	0.000000	1543372481.559248	0.485470	0.562962	1.589080
0.405077	470906.674876	4399066.481601	0.000000	0.000000	0.000000	1543372481.654067	0.575493	0.532212	1.710426
1.627125	470906.595231	4399066.503465	0.000000	0.000000	0.000000	1543372481.859171	0.503798	0.601328	1.671261
1.400271	470906.589325	4399066.528764	0.000000	0.000000	0.000000	1543372481.961996	0.411439	0.584679	1.701444
1.387700	470906.577622	4399066.564018	0.000000	0.000000	0.000000	1543372482.062603	0.484322	0.544411	1.705077
1.304929	470906.583157	4399066.574481	0.000000	0.000000	0.000000	1543372482.167876	0.363342	0.566412	1.701219
1.559800	470906.567103	4399066.578146	0.000000	0.000000	0.000000	1543372482.259844	0.350660	0.565797	1.718349
1.891798	470906.579033	4399066.566305	0.000000	0.000000	0.000000	1543372482.363170	0.385549	0.536186	1.678303
1.541215	470906.581160	4399066.567134	0.000000	0.000000	0.000000	1543372482.461689	0.305501	0.566777	1.639802
1.412223	470906.576016	4399066.567757	0.000000	0.000000	0.000000	1543372482.562001	0.275990	0.551058	1.732808
1.310889	470906.572204	4399066.583237	0.000000	0.000000	0.000000	1543372482.661528	0.302098	0.589361	1.609747
1.408908	470906.562870	4399066.582649	0.000000	0.000000	0.000000	1543372482.758342	0.280838	0.597774	1.728282
0.934766	470906.605036	4399066.571670	0.000000	0.000000	0.000000	1543372482.862934	0.359162	0.504804	1.648484
0.981348	470906.604504	4399066.551616	0.000000	0.000000	0.000000	1543372482.961469	0.336954	0.518033	1.663000
1.024641	470906.605952	4399066.543013	0.000000	0.000000	0.000000	1543372483.058862	0.316661	0.532531	1.635239
1.049963	470906.598420	4399066.549206	0.000000	0.000000	0.000000	1543372483.161142	0.280982	0.569660	1.570850
1.079116	470906.598720	4399066.563296	0.000000	0.000000	0.000000	1543372483.263152	0.271866	0.604649	1.656788
1.136461	470906.570221	4399066.573106	0.000000	0.000000	0.000000	1543372483.358301	0.256790	0.565221	1.605023
1.200150	470906.597974	4399066.570366	0.000000	0.000000	0.000000	1543372483.558800	0.246319	0.593306	1.633889
1.247143	470906.558689	4399066.610238	0.000000	0.000000	0.000000	1543372483.653465	0.257904	0.582923	1.715455
1.270507	470906.592748	4399066.585462	0.000000	0.000000	0.000000	1543372483.760528	0.328499	0.471923	1.612699
1.313481	470906.563117	4399066.602690	0.000000	0.000000	0.000000	1543372483.860838	0.235291	0.517125	1.670447
1.329136	470906.579801	4399066.578600	0.000000	0.000000	0.000000	1543372483.965333	0.262033	0.457010	1.551370
1.319371	470906.623376	4399066.587952	0.000000	0.000000	0.000000	1543372484.059967	0.279662	0.525856	1.609998
1.302868	470906.531070	4399066.618333	0.000000	0.000000	0.000000	1543372484.162583	0.231819	0.543303	1.667522
1.304292	470906.573083	4399066.591157	0.000000	0.000000	0.000000	1543372484.363245	0.296876	0.451156	1.410254
1.327098	470906.542845	4399066.602540	0.000000	0.000000	0.000000	1543372484.459812	0.254980	0.617845	1.453307
1.355204	470906.581049	4399066.615117	0.000000	0.000000	0.000000	1543372484.562124	0.238095	0.513309	1.514642
1.389487	470906.545443	4399066.614329	0.000000	0.000000	0.000000	1543372484.652661	0.249492	0.467008	1.577198
1.416795	470906.541917	4399066.608436	0.000000	0.000000	0.000000	1543372484.762558	0.329358	0.540019	1.214516
1.443274	470906.544515	4399066.604006	0.000000	0.000000	0.000000	1543372484.856775	0.270570	0.487171	1.643151
1.477670	470906.580607	4399066.613713	0.000000	0.000000	0.000000	1543372484.960911	0.330571	0.494057	1.287682
1.496689	470906.569150	4399066.598872	0.000000	0.000000	0.000000	1543372485.055748	0.340569	0.520516	1.386291
1.505709	470906.505775	4399066.603252	0.000000	0.000000	0.000000	1543372485.157838	0.306710	0.528055	1.446253
1.523569	470906.529739	4399066.590288	0.000000	0.000000	0.000000	1543372485.254217	0.314709	0.537598	1.458018
1.536115	470906.530284	4399066.601416	0.000000	0.000000	0.000000	1543372485.359593	0.345106	0.471798	1.087499
1.543981	470906.557730	4399066.616587	0.000000	0.000000	0.000000	1543372485.457178	0.338249	0.483511	1.111348
1.549497	470906.575347	4399066.596918	0.000000	0.000000	0.000000	1543372485.558043	0.244680	0.487676	1.134325
1.554591	470906.520005	4399066.620878	0.000000	0.000000	0.000000	1543372485.650939	0.265707	0.495332	1.155186
1.551178	470906.582625	4399066.588683	0.000000	0.000000	0.000000	1543372485.760747	0.306044	0.595589	1.181449
1.548537	470906.564265	4399066.598195	0.000000	0.000000	0.000000	1543372485.857525	0.321745	0.527676	1.203087
1.561247	470906.543268	4399066.669407	0.000000	0.000000	0.000000	1543372485.959349	0.310218	0.442956	1.220503
1.570004	470906.608733	4399066.679843	0.000000	0.000000	0.000000	1543372486.057477	0.326036	0.527935	1.237611
1.576197	470906.537398	4399066.672844	0.000000	0.000000	0.000000	1543372486.160333	0.350767	0.367082	0.988805
1.584922	470906.577096	4399066.682309	0.000000	0.000000	0.000000	1543372486.261797	0.253797	0.465388	1.005298
1.588953	470906.630247	4399066.699384	0.000000	0.000000	0.000000	1543372486.358420	0.290038	0.471731	1.021425
1.584295	470906.564111	4399066.723086	0.000000	0.000000	0.000000	1543372486.660253	0.229610	0.495947	1.069143
1.594658	470906.599177	4399066.739327	0.000000	0.000000	0.000000	1543372486.758915	0.183651	0.400662	1.079326
1.591998	470906.540030	4399066.704611	0.000000	0.000000	0.000000	1543372486.858798	0.208950	0.508816	1.093727
1.600111	470906.576681	4399066.710868	0.000000	0.000000	0.000000	1543372487.059937	0.221545	0.312375	1.129593
1.619984	470906.576158	4399066.701697	0.000000	0.000000	0.000000	1543372487.159669	0.211133	0.207218	1.144061
1.652111	470906.589173	4399066.698647	0.000000	0.000000	0.000000	1543372487.358360	0.233399	0.210669	1.273506
1.693906	470906.515556	4399066.721164	0.000000	0.000000	0.000000	1543372487.555345	0.238669	0.244965	1.326747
1.692881	470906.561450	4399066.720266	0.000000	0.000000	0.000000	1543372487.658024	0.217550	0.552688	1.311245
1.732416	470906.526783	4399066.766886	0.000000	0.000000	0.000000	1543372487.971266	0.215420	0.219685	1.419183
1.741291	470906.514725	4399066.772240	0.000000	0.000000	0.000000	1543372488.060062	0.227034	0.337818	1.395691
1.742125	470906.444917	4399066.731262	0.000000	0.000000	0.000000	1543372488.173216	0.214758	0.272390	1.434560
1.742612	470906.505269	4399066.777593	0.000000	0.000000	0.000000	1543372488.259544	0.240133	0.390347	1.422581
1.744107	470906.501515	4399066.741893	0.000000	0.000000	0.000000	1543372488.372802	0.205085	0.427249	1.384709
1.755502	470906.483967	4399066.744874	0.000000	0.000000	0.000000	1543372488.461169	0.234090	0.232884	1.430103
1.747954	470906.544047	4399066.758325	0.000000	0.000000	0.000000	1543372488.567315	0.189624	0.238210	1.016088
1.747465	470906.529839	4399066.731023	0.000000	0.000000	0.000000	1543372488.658844	0.219455	0.325301	1.024233
1.744005	470906.505818	4399066.703647	0.000000	0.000000	0.000000	1543372488.772384	0.136927	0.361774	1.012071
1.745298	470906.482367	4399066.692158	0.000000	0.000000	0.000000	1543372488.860340	0.203292	0.607358	1.073398
1.756791	470906.477703	4399066.696392	0.000000	0.000000	0.000000	1543372488.968343	0.140771	0.375887	1.069747
1.741287	470906.454871	4399066.682345	0.000000	0.000000	0.000000	1543372489.058745	0.169372	0.430675	1.042491
1.746145	470906.529412	4399066.682805	0.000000	0.000000	0.000000	1543372489.173604	0.150013	0.284254	1.073987
1.752377	470906.550882	4399066.697339	0.000000	0.000000	0.000000	1543372489.259453	0.112903	0.247461	1.143462
1.737299	470906.512676	4399066.703124	0.000000	0.000000	0.000000	1543372489.358662	0.242946	0.626108	1.106321
1.734743	470906.605524	4399066.686843	0.000000	0.000000	0.000000	1543372489.554330	0.137699	0.382905	1.165050
1.743140	470906.512601	4399066.694009	0.000000	0.000000	0.000000	1543372489.658462	0.078881	0.325080	1.226639
1.743140	470906.512601	4399066.694009	0.000000	0.000000	0.000000	1543372489.762342	0.078881	0.325080	1.226639
1.755632	470906.597846	4399066.732600	0.000000	0.000000	0.000000	1543372489.857136	0.119160	0.268209	1.160623
1.755558	470906.462827	4399066.721028	0.000000	0.000000	0.000000	1543372489.963583	0.081087	0.474513	1.140976
1.766999	470906.554502	4399066.714480	0.000000	0.000000	0.000000	1543372490.061570	0.171700	0.472696	1.138391
1.770361	470906.432960	4399066.697923	0.000000	0.000000	0.000000	1543372490.160654	0.036349	0.418934	1.136763
1.770714	470906.664817	4399066.724618	0.000000	0.000000	0.000000	1543372490.257306	0.110892	0.299553	1.161489
1.772489	470906.620255	4399066.727886	0.000000	0.000000	0.000000	1543372490.356742	0.123591	0.433103	1.128739
1.771133	470906.590592	4399066.711718	0.000000	0.000000	0.000000	1543372490.457216	0.099381	0.270153	1.161186
1.771133	470906.590592	4399066.711718	0.000000	0.000000	0.000000	1543372490.572029	0.099381	0.270153	1.161186
1.771133	470906.590592	4399066.711718	0.084288	0.084139	-0.005001	1543372490.661004	0.099381	0.270153	1.161186
1.766340	470906.564386	4399066.702341	0.365942	0.365513	-0.017713	1543372490.857094	0.034310	0.282965	1.200615
1.766340	470906.564386	4399066.702341	0.464598	0.464592	-0.002275	1543372490.971094	0.034310	0.282965	1.200615
1.912336	470906.468912	4399066.712500	0.614913	0.614669	0.017325	1543372491.059742	0.106569	0.312630	1.275480
1.900140	470906.434993	4399066.658194	0.616013	0.613934	0.050566	1543372491.170488	0.113925	0.278621	1.300968
1.919424	470906.477267	4399066.642073	0.000000	0.000000	0.000000	1543372491.259742	0.168718	0.406586	1.292109
1.902485	470906.621871	4399066.703885	0.000000	0.000000	0.000000	1543372491.370663	0.208773	0.200300	1.286185
1.912021	470906.556282	4399066.693115	0.000000	0.000000	0.000000	1543372491.460102	0.163186	0.059615	1.244442
1.912021	470906.556282	4399066.693115	0.000000	0.000000	0.000000	1543372491.571774	0.163186	0.059615	1.244442
1.979667	470906.584916	4399066.780014	0.000000	0.000000	0.000000	1543372491.658636	0.151294	0.311794	1.275109
1.980371	470906.472845	4399066.760978	0.000000	0.000000	0.000000	1543372491.769981	0.240137	0.299117	1.256654
1.964037	470906.486881	4399066.662975	0.000000	0.000000	0.000000	1543372491.857416	0.242080	0.394571	1.244008
1.952290	470906.503143	4399066.690555	0.000000	0.000000	0.000000	1543372491.970561	0.207016	0.247931	1.216101
1.926849	470906.606448	4399066.801412	0.000000	0.000000	0.000000	1543372492.059776	0.099008	0.280909	1.239661
1.909693	470906.487415	4399066.727020	0.000000	0.000000	0.000000	1543372492.166315	0.149438	0.385065	1.320039
1.940588	470906.464099	4399066.762261	0.000000	0.000000	0.000000	1543372492.259220	0.142837	0.107578	1.271254
1.905673	470906.530499	4399066.743574	0.000000	0.000000	0.000000	1543372492.372411	0.224799	0.314673	1.241821
1.886016	470906.496128	4399066.735076	0.000000	0.000000	0.000000	1543372492.457545	0.112102	0.287999	1.253016
1.845717	470906.529358	4399066.725421	0.000000	0.000000	0.000000	1543372492.657208	0.109870	0.296618	1.281775
1.810598	470906.463056	4399066.754163	0.000000	0.000000	0.000000	1543372492.775301	0.153768	0.309975	1.264894
1.779457	470906.683216	4399066.771990	0.000000	0.000000	0.000000	1543372492.858721	0.105435	0.302949	1.307518
1.737205	470906.459162	4399066.757593	0.000000	0.000000	0.000000	1543372492.976075	0.092801	0.304002	1.300081
1.705556	470906.450747	4399066.799071	0.000000	0.000000	0.000000	1543372493.170519	0.010000	0.010000	1.264613
1.705556	470906.450747	4399066.799071	0.000000	0.000000	0.000000	1543372493.260974	0.010000	0.010000	1.264613
1.705556	470906.450747	4399066.799071	0.101996	-0.101835	-0.005736	1543372493.370212	0.010000	0.010000	1.264613
1.705556	470906.450747	4399066.799071	0.118412	-0.118293	0.005308	1543372493.461708	0.010000	0.010000	1.264613
-1.493327	470905.793682	4399066.975244	0.109361	-0.107880	0.017939	1543372493.573590	1.000000	1.000000	2.000000
-1.492602	470905.863631	4399066.948724	0.089607	-0.071923	0.053447	1543372493.664673	1.000000	1.000000	2.000000
-1.492262	470905.706319	4399066.818343	0.093098	-0.054486	0.075489	1543372493.776336	1.000000	1.000000	2.000000
-1.491840	470905.743518	4399066.899557	0.110362	-0.055622	0.095320	1543372493.858206	1.000000	1.000000	2.000000
-1.491266	470905.808487	4399066.846725	0.115838	-0.067756	0.093955	1543372493.966452	1.000000	1.000000	2.000000
-1.491087	470905.822688	4399066.917129	0.084152	-0.053636	0.064845	1543372494.057644	1.000000	1.000000	2.000000
-1.490596	470905.673342	4399066.833021	0.000000	0.000000	0.000000	1543372494.172822	1.000000	1.000000	2.000000
-1.490539	470905.676686	4399066.896806	0.000000	0.000000	0.000000	1543372494.258814	1.000000	1.000000	2.000000
-1.490459	470905.682622	4399066.953423	0.000000	0.000000	0.000000	1543372494.374029	1.000000	1.000000	2.000000
-1.490191	470905.721860	4399066.863521	0.000000	0.000000	0.000000	1543372494.458781	1.000000	1.000000	2.000000
-1.490172	470905.722787	4399066.908282	0.062068	0.060969	0.011630	1543372494.568209	1.000000	1.000000	2.000000
-1.490147	470905.722074	4399066.949442	0.134344	0.132418	0.022668	1543372494.658480	1.000000	1.000000	2.000000
-1.489859	470905.742289	4399067.020912	0.294256	0.294240	0.003066	1543372494.767956	1.000000	1.000000	2.000000
-1.489823	470905.761053	4399066.850366	0.361802	0.361600	-0.012098	1543372494.855908	1.000000	1.000000	2.000000
-1.489781	470905.963782	4399066.907828	0.462314	0.461027	-0.034473	1543372494.970373	1.000000	1.000000	2.000000
-1.489761	470905.965340	4399066.920911	0.485338	0.483446	-0.042816	1543372495.057415	1.000000	1.000000	2.000000
-1.489742	470905.966893	4399066.927415	0.517470	0.515500	-0.045103	1543372495.168132	1.000000	1.000000	2.000000
-1.489670	470905.970136	4399066.929938	0.210774	0.210648	-0.007271	1543372495.261598	1.000000	1.000000	2.000000
-1.489663	470905.971777	4399066.927397	0.260931	0.259978	0.022279	1543372495.369584	1.000000	1.000000	2.000000
-1.489666	470905.972143	4399066.927014	0.307176	0.297547	0.076304	1543372495.457943	1.000000	1.000000	2.000000
-1.489707	470906.167857	4399066.946281	0.363339	0.306160	0.195657	1543372495.572195	1.000000	1.000000	2.000000
-1.489710	470906.165406	4399066.947019	0.388152	0.320135	0.219489	1543372495.658759	1.000000	1.000000	2.000000
-1.489703	470906.163789	4399066.945234	0.477195	0.416825	0.232320	1543372495.770254	1.000000	1.000000	2.000000
-1.489703	470906.163900	4399066.944247	0.517959	0.472102	0.213077	1543372495.859374	1.000000	1.000000	2.000000
-1.489690	470905.965865	4399066.927243	0.569394	0.514380	0.244178	1543372495.969947	1.000000	1.000000	2.000000
-1.489684	470905.966540	4399066.926463	0.585942	0.527191	0.255730	1543372496.059675	1.000000	1.000000	2.000000
-1.489727	470906.156662	4399066.941537	0.604249	0.563283	0.218699	1543372496.257856	1.000000	1.000000	2.000000
-1.489739	470906.156185	4399066.938868	0.602260	0.570567	0.192795	1543372496.368471	1.000000	1.000000	2.000000
-1.489736	470906.156795	4399066.937419	0.602096	0.572086	0.187713	1543372496.457729	1.000000	1.000000	2.000000
