front	position-x	position-y	speed	speed-x	speed-y	timestamp	v-x	v-y	v-z
1.613219	470937.777514	4398730.404505	0.000000	0.000000	0.000000	1543307398.746578	3.202821	1.907110	1.983712
1.609169	470937.772900	4398730.418119	0.000000	0.000000	0.000000	1543307398.850267	3.238082	1.904566	1.988398
1.611152	470937.752978	4398730.406979	0.000000	0.000000	0.000000	1543307398.948558	3.201835	1.947071	1.982434
1.614695	470937.721703	4398730.411509	0.000000	0.000000	0.000000	1543307399.047584	3.201633	1.877689	1.983056
1.613808	470937.754942	4398730.420281	0.000000	0.000000	0.000000	1543307399.145829	3.209544	1.949069	1.990612
1.611937	470937.720503	4398730.418548	0.000000	0.000000	0.000000	1543307399.248680	3.217163	1.883037	1.980730
1.611610	470937.754682	4398730.417648	0.000000	0.000000	0.000000	1543307399.348551	3.202118	1.947362	1.989380
1.612418	470937.721421	4398730.420038	0.000000	0.000000	0.000000	1543307399.454998	3.199737	1.882100	1.983155
1.613382	470937.779365	4398730.410226	0.000000	0.000000	0.000000	1543307399.548190	3.192013	1.902824	1.983047
1.615435	470937.729422	4398730.422075	0.000000	0.000000	0.000000	1543307399.647199	3.207695	1.789253	1.984251
1.613734	470937.776462	4398730.077266	0.000000	0.000000	0.000000	1543307399.748077	2.520968	1.746702	1.982323
1.618561	470937.745599	4398730.417875	0.000000	0.000000	0.000000	1543307399.849777	3.158885	1.862543	1.989337
1.622870	470937.760869	4398730.440599	0.000000	0.000000	0.000000	1543307399.948221	3.197714	1.973480	2.004399
1.629179	470937.677032	4398730.439112	0.000000	0.000000	0.000000	1543307400.052368	3.185828	1.789398	2.027297
1.633977	470937.715941	4398730.462844	0.000000	0.000000	0.000000	1543307400.158582	3.189980	1.885081	2.046340
1.633132	470937.733990	4398730.550544	0.000000	0.000000	0.000000	1543307400.250560	3.276446	2.029666	2.061518
1.634085	470937.788838	4398730.535866	0.000000	0.000000	0.000000	1543307400.356869	3.387028	2.030800	1.894379
1.631011	470937.737835	4398730.623405	0.000000	0.000000	0.000000	1543307400.448925	3.384013	2.031941	1.899696
1.631573	470937.816399	4398730.632903	0.000000	0.000000	0.000000	1543307400.552610	3.349398	1.950847	1.906772
1.636846	470937.631620	4398730.669298	0.899435	-0.057977	0.897565	1543307400.649542	3.342823	1.922058	1.915061
1.640234	470937.632757	4398730.834761	1.053234	-0.120048	1.046370	1543307400.757098	3.333384	1.834998	1.920737
1.636067	470937.763980	4398730.961421	1.132313	0.045056	1.131417	1543307400.849262	3.349059	1.941666	1.925119
1.634535	470937.733657	4398731.102862	1.448267	-0.087916	1.445596	1543307400.957970	3.327444	1.895463	1.931781
1.640701	470937.566166	4398731.245016	1.589376	-0.205684	1.576011	1543307401.049224	3.343999	1.844831	1.922259
1.644201	470937.725517	4398731.617219	1.991209	-0.136140	1.986550	1543307401.250620	3.344074	1.928699	1.924408
1.646781	470937.615658	4398731.809545	2.140607	-0.162723	2.134413	1543307401.359634	3.414994	2.063199	1.924146
1.647390	470937.632323	4398732.046469	2.450621	-0.187588	2.443430	1543307401.450056	3.407571	1.922998	1.917298
1.651059	470937.579015	4398732.325428	2.520119	-0.201907	2.512018	1543307401.551518	3.272789	1.927433	1.917829
1.669085	470937.603798	4398732.550643	2.652578	-0.260009	2.639804	1543307401.648896	3.306042	2.031320	1.916820
1.690087	470937.453398	4398732.809053	2.707003	-0.321818	2.687806	1543307401.759834	3.296538	1.781883	1.919095
1.664684	470937.536683	4398733.087267	2.771212	-0.260119	2.758977	1543307401.853001	3.278555	1.942024	1.908720
1.632433	470937.483847	4398733.349076	2.901592	-0.179150	2.896056	1543307401.956956	3.276620	1.751365	1.900388
1.589269	470937.526212	4398733.075963	2.955116	-0.055153	2.954602	1543307402.052224	2.158187	1.779766	2.077074
1.671683	470937.444098	4398733.374733	3.002735	-0.301214	2.987589	1543307402.160016	2.198388	1.646987	2.083124
1.662776	470937.402060	4398734.179543	3.058819	-0.281093	3.045876	1543307402.249809	3.202936	1.752952	1.893442
1.634963	470937.369954	4398734.509356	3.164675	-0.203385	3.158132	1543307402.360912	3.259212	1.811717	1.896455
1.632564	470937.383583	4398734.827595	3.212341	-0.198308	3.206214	1543307402.452183	3.264568	1.856022	1.897746
1.670961	470937.323450	4398735.083217	3.295045	-0.328855	3.278594	1543307402.555889	3.178049	1.796089	1.889901
1.612474	470937.370354	4398734.920833	3.351401	-0.140576	3.348452	1543307402.651252	2.141460	1.766815	1.894608
1.609994	470937.296653	4398735.549922	3.391295	-0.133189	3.388678	1543307402.756390	2.834376	1.790151	1.917860
1.651133	470937.232521	4398736.154389	3.452825	-0.276750	3.441716	1543307402.848453	3.279120	1.695196	1.927008
1.641198	470937.251577	4398736.500133	3.554932	-0.250509	3.546094	1543307402.963033	3.254797	1.809614	1.924110
1.647192	470937.194345	4398736.861543	3.864741	-0.294934	3.853470	1543307403.053041	3.244136	1.758163	1.928841
1.645442	470937.180104	4398737.230721	3.930961	-0.293510	3.919988	1543307403.156835	3.247019	2.024697	1.949570
1.634990	470937.176946	4398737.648123	4.051453	-0.260343	4.043080	1543307403.250321	3.297122	2.085179	1.974688
1.647690	470937.159147	4398738.036062	4.136417	-0.317789	4.124191	1543307403.359108	3.281466	1.936608	1.968085
1.631550	470937.121567	4398738.425050	4.204293	-0.255334	4.196532	1543307403.451184	3.281886	2.045129	1.968463
1.653817	470937.087191	4398738.849072	4.400123	-0.364159	4.385028	1543307403.553410	3.290868	2.056180	1.990952
1.654227	470936.971799	4398739.224006	4.493407	-0.374173	4.477801	1543307403.650802	3.224120	1.854835	2.001975
1.649991	470936.907555	4398739.639276	4.587657	-0.363087	4.573266	1543307403.756427	3.197899	1.877596	2.014194
1.660165	470936.940108	4398740.090397	4.563161	-0.407071	4.544968	1543307403.850431	3.242831	1.852202	2.009965
1.651931	470936.925215	4398740.563509	4.649744	-0.377071	4.634429	1543307403.956697	3.291646	1.769728	2.012015
1.641692	470936.962769	4398741.012621	4.763065	-0.337657	4.751081	1543307404.050025	3.269779	1.903356	1.999421
1.633557	470936.924024	4398741.494714	4.975336	-0.312105	4.965537	1543307404.155788	3.330029	1.899573	1.995727
1.635455	470936.921878	4398741.939774	4.825215	-0.311472	4.815151	1543307404.248419	3.271161	1.961746	2.001161
1.633556	470936.866984	4398742.403277	4.932223	-0.309123	4.922527	1543307404.359313	3.253892	1.906665	2.016225
1.658498	470936.856420	4398742.883965	5.040567	-0.440947	5.021243	1543307404.447888	3.265969	1.948816	2.003033
1.662031	470936.768679	4398743.371017	4.983400	-0.454067	4.962671	1543307404.555377	3.258522	1.945773	1.999463
1.671983	470936.606846	4398743.843935	5.077008	-0.512698	5.051055	1543307404.648796	3.279449	1.772342	2.011679
1.640204	470936.684489	4398743.717827	5.180487	-0.360036	5.167961	1543307404.757066	1.976723	1.772349	2.015818
1.655895	470936.535362	4398744.852365	5.368863	-0.455880	5.349473	1543307404.848671	3.281235	1.825230	2.028838
1.656803	470936.591560	4398745.362659	5.226950	-0.448930	5.207636	1543307404.960347	3.274673	2.008254	2.005219
1.645770	470936.486683	4398745.848801	5.322284	-0.398957	5.307311	1543307405.050018	3.227463	1.897711	1.981222
1.648686	470936.495929	4398745.890941	5.246321	-0.408132	5.230422	1543307405.155980	2.362363	1.756148	1.961942
1.656130	470936.466761	4398746.386545	5.341425	-0.454982	5.322012	1543307405.248703	2.320589	1.751823	1.942914
1.644729	470936.261576	4398748.402364	5.486826	-0.405788	5.471800	1543307405.553812	3.331659	1.762086	1.959076
1.669793	470936.260152	4398748.432826	4.831140	-0.476971	4.807537	1543307405.647141	2.435483	1.797339	1.950862
1.644673	470936.259386	4398748.647892	4.882686	-0.361126	4.869313	1543307405.757120	1.734617	1.763761	1.958514
1.650555	470936.053722	4398750.473371	5.464076	-0.435811	5.446669	1543307405.958308	3.251276	1.913660	2.009339
1.652957	470936.030835	4398750.992270	5.335384	-0.438059	5.317370	1543307406.051403	3.302274	1.729380	2.011873
1.659206	470935.971597	4398751.498765	4.762257	-0.420455	4.743659	1543307406.156670	3.280070	1.783159	2.025040
1.655465	470935.911442	4398752.499927	4.626075	-0.391923	4.609444	1543307406.357141	3.267455	1.850710	2.005567
1.668549	470935.912609	4398753.009111	4.731332	-0.461211	4.708799	1543307406.447467	3.289938	2.044434	2.014652
1.668830	470935.755961	4398753.474741	4.820979	-0.471389	4.797878	1543307406.550119	3.242231	1.852605	1.980221
1.657089	470935.732294	4398753.986021	4.875958	-0.420203	4.857818	1543307406.647426	3.247491	1.841746	1.954728
1.668400	470935.655814	4398754.494065	5.259954	-0.512266	5.234950	1543307406.758721	3.269203	1.830661	1.958609
1.666714	470935.599095	4398755.483017	4.980995	-0.476760	4.958126	1543307406.959082	3.298172	1.921415	1.993344
1.662191	470935.571710	4398755.954869	5.334254	-0.486870	5.311989	1543307407.060626	3.375955	1.831780	2.007388
1.676061	470935.486856	4398756.463474	5.144363	-0.540139	5.115928	1543307407.157131	3.400248	1.761947	2.002746
1.661613	470935.446971	4398756.974711	5.216854	-0.473522	5.195320	1543307407.261153	3.345196	1.705277	1.969300
1.665139	470935.342229	4398757.476403	5.090535	-0.479480	5.067904	1543307407.359900	3.360225	1.923931	1.943465
1.659351	470935.408060	4398758.003560	5.132851	-0.454095	5.112725	1543307407.459873	3.332055	2.000734	1.949623
1.659015	470935.262472	4398758.495495	5.217636	-0.459774	5.197339	1543307407.556020	3.426297	1.939500	1.936697
1.646641	470935.342736	4398759.049762	5.336743	-0.404805	5.321368	1543307407.656536	3.311111	1.931682	1.955491
1.670933	470935.292677	4398759.601793	5.390222	-0.538334	5.363273	1543307407.756051	3.288160	1.918979	1.965664
1.665812	470935.204944	4398760.114866	5.439987	-0.516613	5.415401	1543307407.858819	3.282748	1.975984	1.973437
1.670611	470935.056532	4398761.135670	5.179111	-0.515847	5.153357	1543307408.060415	3.167606	1.761507	1.994591
1.660112	470935.022259	4398761.975545	5.359652	-0.477982	5.338296	1543307408.254967	2.725034	1.751530	1.967062
1.645882	470934.957641	4398762.771614	5.411419	-0.406308	5.396144	1543307408.355298	3.214079	1.837438	1.944336
1.658657	470934.864106	4398763.316261	5.434509	-0.476541	5.413575	1543307408.459937	3.271375	1.875068	1.930595
1.651028	470934.880334	4398763.873064	5.451723	-0.437112	5.434171	1543307408.555017	3.278163	2.019807	2.073207
1.667039	470934.785575	4398764.445592	5.479368	-0.526123	5.454051	1543307408.657482	3.240752	1.869681	2.055033
1.638823	470934.709152	4398765.010945	5.737412	-0.390717	5.724092	1543307408.756095	3.288999	1.889344	2.042420
1.654598	470934.811867	4398765.546022	5.755867	-0.481347	5.735704	1543307408.858018	3.363918	1.958060	2.024812
1.648734	470934.753871	4398766.088764	5.774151	-0.449675	5.756614	1543307408.956772	3.396787	1.938539	2.024480
1.655637	470934.600039	4398766.674081	5.595418	-0.473913	5.575313	1543307409.056821	3.302955	1.846897	2.046701
1.654024	470934.561444	4398767.191330	5.638691	-0.468422	5.619201	1543307409.156035	3.265924	1.976459	2.065286
1.657405	470934.543144	4398767.794943	5.788460	-0.500545	5.766778	1543307409.256259	3.350695	2.080777	2.074846
1.651519	470934.442378	4398768.953846	5.744389	-0.463747	5.725639	1543307409.458894	3.310360	2.033117	2.069946
1.652240	470934.438756	4398769.499159	5.818311	-0.472916	5.799059	1543307409.553521	3.359556	2.088693	2.065444
1.644548	470934.341030	4398770.095440	5.873108	-0.432672	5.857149	1543307409.656417	3.334444	2.066432	2.039554
1.663045	470934.248310	4398770.644871	5.931882	-0.545576	5.906739	1543307409.755914	3.253075	1.967077	1.995043
1.659276	470934.233485	4398771.219487	5.853075	-0.517583	5.830145	1543307409.859224	3.283987	1.939265	1.968559
1.660134	470934.235748	4398771.765623	5.727538	-0.511254	5.704675	1543307409.956413	3.308625	1.994306	1.975210
1.652597	470934.101226	4398772.387222	5.837511	-0.477435	5.817955	1543307410.065418	3.352273	2.049065	1.985007
1.658116	470934.103633	4398772.937033	5.711229	-0.497908	5.689484	1543307410.152504	3.316688	2.023725	1.991381
1.661176	470934.051387	4398773.487251	5.683691	-0.512911	5.660501	1543307410.255466	3.302413	2.105499	1.980859
1.680377	470934.076209	4398774.139695	5.662477	-0.497246	5.640603	1543307410.356614	3.599646	2.101744	1.980335
1.720218	470934.063225	4398774.609800	5.605235	-0.474993	5.585073	1543307410.457695	3.534498	2.133057	1.991540
1.640163	470933.970660	4398775.258529	5.609705	-0.447710	5.591810	1543307410.553211	3.598985	1.947095	1.993537
1.686407	470933.906839	4398775.862022	5.594370	-0.515782	5.570543	1543307410.655139	3.693772	2.012318	1.981948
1.671953	470933.837656	4398776.479302	5.563801	-0.530186	5.538482	1543307410.756037	3.741663	2.063114	1.980012
1.660530	470933.792719	4398776.865139	5.804653	-0.543010	5.779199	1543307410.855890	3.387936	2.028188	1.980574
1.699136	470933.801326	4398777.426062	5.493807	-0.503927	5.470646	1543307410.958990	3.338224	2.089450	1.988272
1.659858	470933.738861	4398777.995130	5.462012	-0.495813	5.439462	1543307411.058813	3.331129	1.973775	1.989331
1.667440	470933.644060	4398778.587851	5.749921	-0.533045	5.725160	1543307411.157202	3.359002	2.078081	2.082582
1.634971	470933.587023	4398779.239865	5.748670	-0.606708	5.716565	1543307411.258549	3.584672	2.041073	2.062356
1.659485	470933.559668	4398779.688131	5.738316	-0.571354	5.709801	1543307411.359395	3.343502	1.976730	2.033788
1.670506	470933.501900	4398780.441960	5.441120	-0.541621	5.414096	1543307411.458280	3.685739	2.045528	2.028265
1.676045	470933.489676	4398780.970824	5.644281	-0.571034	5.615321	1543307411.565408	3.733548	2.033471	2.028275
1.636096	470933.432870	4398781.357021	5.594007	-0.495859	5.571987	1543307411.655534	3.360799	1.956190	2.034133
1.643068	470933.335259	4398781.947801	5.707181	-0.502489	5.685018	1543307411.759500	3.306509	1.819512	2.042009
1.666093	470933.290287	4398782.576675	5.732788	-0.519396	5.709210	1543307411.856664	3.423505	1.821387	2.027747
1.660843	470933.248292	4398783.095010	5.680106	-0.459956	5.661452	1543307411.958897	3.253319	1.814013	2.034058
1.663265	470933.263000	4398783.646621	5.680223	-0.493151	5.658775	1543307412.057721	3.345919	1.960703	2.053132
1.654075	470933.156899	4398784.260715	5.873255	-0.501771	5.851782	1543307412.158002	3.210824	1.961031	2.065089
1.652714	470933.082007	4398784.827309	5.743277	-0.500809	5.721401	1543307412.260259	3.235827	2.072439	2.067392
1.671979	470933.075005	4398785.430351	5.660638	-0.527223	5.636033	1543307412.359856	3.306247	1.973726	2.060704
1.635296	470932.991168	4398786.014532	5.499417	-0.460485	5.480104	1543307412.458291	3.350093	2.009960	2.059819
1.672763	470932.994968	4398786.544840	5.698452	-0.512437	5.675364	1543307412.562582	3.301274	2.075892	2.054857
1.703498	470932.992867	4398787.120764	5.657008	-0.437119	5.640095	1543307412.658259	3.405989	2.064845	2.060504
1.701471	470932.954858	4398787.643113	5.542947	-0.462480	5.523620	1543307412.758449	3.305942	2.105313	2.067922
1.677180	470932.802434	4398788.776603	5.488707	-0.475850	5.468040	1543307412.961066	3.406209	2.016788	2.009292
1.655750	470932.734960	4398789.289341	5.604142	-0.488448	5.582816	1543307413.061463	3.360022	2.043261	1.987728
1.647828	470932.697122	4398789.875292	5.636609	-0.473099	5.616720	1543307413.157845	3.397780	1.984728	2.065074
1.642041	470932.646072	4398790.428945	5.636672	-0.463265	5.617603	1543307413.260328	3.403862	2.013565	2.052374
1.662125	470932.582053	4398790.966421	5.517021	-0.471282	5.496855	1543307413.364164	3.391002	2.048700	2.032773
1.654747	470932.551536	4398791.571306	5.463689	-0.440885	5.445872	1543307413.459217	3.403011	1.983219	2.034607
1.656955	470932.500097	4398792.124086	5.421112	-0.425782	5.404365	1543307413.559921	3.371244	2.029958	2.052415
1.684215	470932.476098	4398792.655802	5.731843	-0.475772	5.712063	1543307413.659162	3.351746	2.018268	2.050905
1.669703	470932.393232	4398793.220185	5.742987	-0.509905	5.720306	1543307413.757859	3.348769	2.020604	2.046228
1.668473	470932.365109	4398793.830872	5.661836	-0.523333	5.637598	1543307413.857747	3.319520	2.051568	2.051088
1.676957	470932.291758	4398794.903040	5.406309	-0.497126	5.383404	1543307414.060520	3.436063	1.992300	2.056111
1.645664	470932.201493	4398795.482697	5.314481	-0.463355	5.294243	1543307414.158079	3.287086	1.987149	2.049249
1.676343	470932.181474	4398796.039939	5.366886	-0.502527	5.343307	1543307414.260241	3.290199	2.035623	2.041920
1.677202	470932.146387	4398796.555098	5.292584	-0.403002	5.277219	1543307414.359725	3.367244	2.025506	2.031668
1.659119	470932.077155	4398797.098570	5.662686	-0.455602	5.644328	1543307414.459362	3.439535	2.075969	2.027243
1.659467	470931.964251	4398798.250030	5.564860	-0.452908	5.546399	1543307414.657173	3.389237	2.015119	2.033781
1.656435	470931.973561	4398798.814749	5.617917	-0.466012	5.598556	1543307414.760575	3.299246	1.939966	2.038883
1.660598	470931.911500	4398799.335971	5.630077	-0.480935	5.609498	1543307414.858322	3.230347	2.001187	2.046169
1.651538	470931.898674	4398799.861188	5.351202	-0.448056	5.332411	1543307414.956357	3.167732	1.951554	2.055871
1.660514	470931.852083	4398800.421408	5.606625	-0.468265	5.587036	1543307415.058465	3.203064	1.963459	2.069218
1.631065	470931.765485	4398800.957671	5.601434	-0.489016	5.580048	1543307415.155990	3.194020	1.946316	2.071111
1.622368	470931.735640	4398801.504279	5.590639	-0.413931	5.575294	1543307415.256333	3.184179	1.872740	2.075758
1.663273	470931.707703	4398802.052316	5.498866	-0.444745	5.480851	1543307415.360676	3.191526	1.951840	2.068386
1.657265	470931.625583	4398802.553678	5.471542	-0.428347	5.454750	1543307415.457192	3.285661	1.976852	2.046505
1.658110	470931.567770	4398803.135230	5.456691	-0.459347	5.437323	1543307415.551406	3.401161	2.022120	2.040693
1.667282	470931.550688	4398803.668906	5.441241	-0.482844	5.419775	1543307415.660458	3.421265	1.959982	2.042969
1.673649	470931.501260	4398804.256609	5.418323	-0.477954	5.397201	1543307415.757094	3.327019	1.995285	2.036365
1.690410	470931.418628	4398805.316210	5.394914	-0.561839	5.365579	1543307415.958603	3.349399	2.027244	2.031632
1.635604	470931.088772	4398808.537716	5.345518	-0.512071	5.320934	1543307416.562694	3.371242	1.925777	2.075360
1.645182	470931.051549	4398809.072347	5.340724	-0.455225	5.321288	1543307416.666099	3.361584	1.901604	2.006390
1.674914	470930.957825	4398809.529581	5.334898	-0.461378	5.314910	1543307416.760043	3.388011	1.840204	2.027350
1.671179	470930.932482	4398810.130297	5.329336	-0.509784	5.304898	1543307416.861201	3.598767	2.049193	2.034596
1.669715	470930.918257	4398810.522672	5.438799	-0.526423	5.413263	1543307416.957333	3.291769	1.985958	2.045682
1.679859	470930.901423	4398811.098301	5.419626	-0.548950	5.391753	1543307417.057776	3.387708	2.016262	2.057179
1.667075	470930.787623	4398812.174425	5.395684	-0.536412	5.368954	1543307417.257510	3.349708	1.996779	2.069441
1.658738	470930.724907	4398812.687572	5.313805	-0.506559	5.289605	1543307417.362422	3.355750	1.998278	2.059934
1.659761	470930.675882	4398813.238997	5.302472	-0.492650	5.279536	1543307417.459565	3.392817	2.002774	2.066352
1.665399	470930.641232	4398813.768875	5.301459	-0.495585	5.278244	1543307417.562129	3.348228	1.967765	2.068779
1.638976	470930.544040	4398814.291513	5.287813	-0.491925	5.264882	1543307417.667722	3.413605	2.008849	2.056084
1.685260	470930.503354	4398814.802750	5.245815	-0.494332	5.222472	1543307417.759258	3.199811	1.811491	2.021866
1.681535	470930.438658	4398816.410529	5.185524	-0.413792	5.168988	1543307418.060404	3.383006	2.098694	2.019000
1.658470	470930.375019	4398816.895878	5.152624	-0.461812	5.131887	1543307418.157958	3.343893	2.026582	2.072236
1.663410	470930.333067	4398817.425633	5.375999	-0.487522	5.353848	1543307418.267183	3.387178	2.033937	2.075183
1.638107	470930.267122	4398817.965738	5.377086	-0.495060	5.354248	1543307418.359559	3.326007	2.041899	2.076489
1.638885	470930.219286	4398818.558491	5.287816	-0.452009	5.268462	1543307418.466107	3.474731	2.046669	2.023134
1.641046	470930.155504	4398819.077775	5.188751	-0.414458	5.172172	1543307418.558877	3.359195	2.004760	2.044554
1.672583	470930.176681	4398819.631756	5.321397	-0.413566	5.305302	1543307418.667562	3.429357	2.089924	2.040796
1.679407	470930.083894	4398820.142822	5.334282	-0.470915	5.313455	1543307418.757437	3.312604	1.860212	2.015905
1.658867	470930.061033	4398820.713283	5.401125	-0.462975	5.381246	1543307418.869233	3.338627	2.034345	2.076694
1.690975	470930.018960	4398821.762514	5.384994	-0.486110	5.363008	1543307419.065108	3.335898	1.981089	2.010798
1.657116	470929.953778	4398822.327522	5.385033	-0.478770	5.363708	1543307419.159971	3.365690	2.010431	2.081689
1.658578	470929.943704	4398822.829372	5.208521	-0.486371	5.185763	1543307419.268765	3.431421	1.970530	2.005073
1.647007	470929.856251	4398823.408961	5.187244	-0.452372	5.167481	1543307419.359281	3.371424	2.036544	2.018929
1.683686	470929.898951	4398823.876299	5.419330	-0.518069	5.394511	1543307419.470786	3.353158	2.052176	2.054625
1.670505	470929.835437	4398824.437875	5.508026	-0.533960	5.482083	1543307419.559136	3.285493	1.994529	1.997670
1.674047	470929.688234	4398824.998916	5.507623	-0.546174	5.480475	1543307419.668682	3.379584	1.895326	2.008723
1.636666	470929.642021	4398826.024389	5.312806	-0.441961	5.294391	1543307419.866530	3.396314	2.020253	2.019886
1.655371	470929.619393	4398826.578072	5.282968	-0.441272	5.264507	1543307419.958140	3.283010	2.035578	2.020275
1.656144	470929.571121	4398827.073902	5.260141	-0.337368	5.249311	1543307420.067720	3.354249	2.048675	2.032573
1.670489	470929.555900	4398827.620858	5.239417	-0.400882	5.224059	1543307420.160340	3.304621	2.094669	2.031538
1.679143	470929.560885	4398828.233543	5.444825	-0.421947	5.428451	1543307420.269687	3.253378	2.004761	2.019537
1.634368	470929.411378	4398828.788172	5.635162	-0.411081	5.620148	1543307420.358207	3.328041	2.038885	1.999362
1.663254	470929.428441	4398829.280925	5.411444	-0.427182	5.394557	1543307420.467703	3.242451	1.900069	1.982817
1.653961	470929.346811	4398830.298150	5.208752	-0.409680	5.192616	1543307420.666217	3.336815	1.919848	1.995434
1.653042	470929.318383	4398830.877265	5.330255	-0.428014	5.313043	1543307420.762208	3.283985	1.941064	1.993289
1.665049	470929.281243	4398831.410742	5.324762	-0.452971	5.305460	1543307420.856629	3.295431	1.982241	1.986563
1.646614	470929.176288	4398831.969144	5.321707	-0.435316	5.303873	1543307420.955323	3.344702	1.828416	1.988802
1.661422	470929.200387	4398832.524982	5.402416	-0.457912	5.382974	1543307421.056729	3.330448	1.966278	1.989465
1.634913	470929.150799	4398833.053586	5.388668	-0.502560	5.365182	1543307421.157540	3.350058	1.899394	2.002898
1.651338	470929.107909	4398833.573022	5.391523	-0.453724	5.372397	1543307421.255763	3.279678	1.957392	2.010638
1.638432	470928.993980	4398834.104311	5.298532	-0.418471	5.281981	1543307421.361977	3.385985	1.874358	1.985495
1.630886	470928.982555	4398834.660336	5.308461	-0.386836	5.294347	1543307421.466004	3.308079	1.989291	2.078417
1.651622	470928.928896	4398835.198909	5.345070	-0.335048	5.334559	1543307421.559836	3.314854	1.915933	1.970712
1.640386	470928.876497	4398835.716733	5.431930	-0.462804	5.412179	1543307421.669353	3.282425	1.965237	1.970812
1.646641	470928.827551	4398836.274733	5.366513	-0.434555	5.348890	1543307421.769030	3.325272	1.833545	1.984172
1.632588	470928.846144	4398836.794071	5.387133	-0.398636	5.372364	1543307421.868065	3.285295	1.949787	1.997414
1.620952	470928.792059	4398837.315464	5.419068	-0.359869	5.407106	1543307421.957359	3.264477	1.998529	1.995231
1.627711	470928.715372	4398837.859367	5.462896	-0.343593	5.452080	1543307422.067544	3.279757	2.091653	2.004473
1.652236	470928.613069	4398838.987127	5.592360	-0.358950	5.580828	1543307422.268992	3.344342	1.820097	2.049620
1.690056	470928.582749	4398839.534303	5.643128	-0.361970	5.631507	1543307422.357818	3.335005	1.865400	2.060045
1.649999	470928.552532	4398840.075578	5.435892	-0.376549	5.422834	1543307422.467322	3.327965	1.808678	2.050107
1.673932	470928.583927	4398840.667671	5.481689	-0.350643	5.470463	1543307422.558667	3.416487	2.056097	2.060001
1.663860	470928.479419	4398841.144910	5.499595	-0.381050	5.486379	1543307422.667337	3.341038	1.881152	2.069068
1.667832	470928.468050	4398841.696616	5.739311	-0.454946	5.721251	1543307422.758389	3.328110	2.109360	2.074021
1.692083	470928.374534	4398842.274800	5.802411	-0.531535	5.778014	1543307422.867808	3.370253	1.879932	2.072539
1.656686	470928.338658	4398842.841029	5.623340	-0.504073	5.600702	1543307422.958470	3.475143	1.884562	2.080359
1.603589	470928.350204	4398843.379450	5.341758	-0.375187	5.328566	1543307423.062021	3.372129	1.897226	1.968314
1.678904	470928.254069	4398843.950523	5.383525	-0.423380	5.366851	1543307423.169477	3.318901	1.855904	1.978809
1.638880	470928.261027	4398844.485423	5.382637	-0.366455	5.370149	1543307423.269285	3.382772	1.933676	1.972379
1.635475	470928.262227	4398845.050131	5.432416	-0.351141	5.421056	1543307423.371038	3.375783	1.972569	1.953315
1.640206	470928.147789	4398845.591022	5.827143	-0.403976	5.813123	1543307423.470517	3.332030	2.057073	2.078503
1.655011	470928.112182	4398846.127140	5.647826	-0.474630	5.627848	1543307423.570697	3.361328	2.099151	2.069237
1.633083	470928.026227	4398846.738168	5.779538	-0.360395	5.768291	1543307423.667933	3.430319	2.101867	2.057983
1.647740	470928.018868	4398847.285155	5.469896	-0.420048	5.453743	1543307423.767699	3.419709	2.067838	2.063545
1.642900	470927.929371	4398848.331573	5.515383	-0.398003	5.501004	1543307423.972162	3.378590	2.071452	1.943791
1.646409	470927.847065	4398848.905541	5.526600	-0.417431	5.510813	1543307424.068150	3.342080	1.923006	1.949057
1.646508	470927.856326	4398849.456305	5.517925	-0.417024	5.502144	1543307424.170393	3.336371	2.106593	1.961920
1.648768	470927.828124	4398850.052119	5.746157	-0.447176	5.728731	1543307424.269222	3.429991	2.070071	1.956349
1.642723	470927.760402	4398850.511042	5.437178	-0.390653	5.423126	1543307424.365487	3.399837	2.102359	1.943284
1.648891	470927.735785	4398851.156731	5.604596	-0.437092	5.587526	1543307424.468741	3.429490	2.062925	1.953528
1.638404	470927.740399	4398851.657751	5.774197	-0.390270	5.760993	1543307424.571702	3.364713	1.946254	1.976576
1.671654	470927.616572	4398852.228243	5.767032	-0.579782	5.737814	1543307424.669583	3.324373	1.899649	1.993119
1.653111	470927.629161	4398852.766990	5.698293	-0.469107	5.678951	1543307424.770113	3.277806	1.951298	2.008106
1.697714	470927.614091	4398853.320559	5.755632	-0.448186	5.738155	1543307424.869850	3.327718	2.032305	2.014667
1.710042	470927.517027	4398853.896795	5.628678	-0.491421	5.607185	1543307424.968950	3.341892	1.966634	2.010654
1.633364	470927.532171	4398854.398058	5.550887	-0.436586	5.533691	1543307425.064227	3.298491	1.899090	1.990752
1.681527	470927.425537	4398854.947707	5.511652	-0.488781	5.489936	1543307425.169770	3.371528	1.841684	1.956959
1.700456	470927.466887	4398855.537409	5.519590	-0.562431	5.490860	1543307425.270010	3.404646	2.101838	2.054400
1.751076	470927.268287	4398856.035839	5.397144	-0.528758	5.371181	1543307425.379077	3.390098	1.820797	2.039882
1.703573	470927.407916	4398856.599187	5.389318	-0.593733	5.356513	1543307425.468028	3.394716	2.096080	2.034803
1.692997	470927.350892	4398857.127685	5.414491	-0.618331	5.379068	1543307425.568724	3.362105	2.082741	2.045251
1.668204	470927.292508	4398857.724090	5.522532	-0.599318	5.489916	1543307425.670199	3.412773	2.002273	2.063406
1.624685	470927.199465	4398858.207339	5.523057	-0.502100	5.500186	1543307425.769670	3.279827	1.836320	2.074904
1.578838	470927.194289	4398858.764441	5.593528	-0.511109	5.570128	1543307425.870065	3.324453	1.825094	2.072438
1.660623	470927.102323	4398859.285787	5.383565	-0.488685	5.361339	1543307425.965995	3.273684	1.816138	2.056031
1.662770	470927.051947	4398859.832414	5.284012	-0.499559	5.260344	1543307426.064308	3.294890	1.799696	2.040681
1.630659	470927.067146	4398860.373844	5.386342	-0.430137	5.369140	1543307426.170066	3.278846	1.944088	2.056232
1.625519	470927.011873	4398860.872342	5.489047	-0.395649	5.474770	1543307426.272403	3.312070	1.860670	2.065451
1.659334	470926.967159	4398861.972371	5.519551	-0.415684	5.503876	1543307426.469399	3.382062	1.967622	2.048419
1.619712	470926.875183	4398862.535646	5.353256	-0.411388	5.337426	1543307426.573352	3.404903	1.863427	2.031939
1.624684	470926.854554	4398863.071905	5.549955	-0.379873	5.536939	1543307426.668613	3.376895	1.939076	2.006829
1.629542	470926.814290	4398863.628266	5.562817	-0.403888	5.548136	1543307426.770539	3.327471	1.924442	2.000934
1.655207	470926.735661	4398864.739514	5.588301	-0.446185	5.570460	1543307426.966844	3.283067	1.953359	2.009404
1.656434	470926.695993	4398865.307300	5.597526	-0.458153	5.578744	1543307427.069084	3.284910	1.940463	2.004183
1.667699	470926.664630	4398865.820837	5.602845	-0.484463	5.581861	1543307427.169426	3.360176	1.940725	2.006901
1.632337	470926.515711	4398866.395404	5.462870	-0.458984	5.443554	1543307427.268694	3.264660	1.941100	2.006452
1.668789	470926.521525	4398866.902115	5.589706	-0.441855	5.572215	1543307427.366858	3.268865	1.954517	2.012069
1.647819	470926.485563	4398867.526340	5.347008	-0.432749	5.329468	1543307427.469853	3.257134	2.029059	2.013667
1.659312	470926.433427	4398868.070706	5.334239	-0.445638	5.315592	1543307427.569471	3.329627	2.079356	2.012261
1.626285	470926.438265	4398868.638723	5.321733	-0.391417	5.307319	1543307427.667403	3.324997	1.957639	2.007223
1.635470	470926.328976	4398869.134642	5.310405	-0.374627	5.297174	1543307427.768892	3.209552	2.035326	2.008550
1.641662	470926.286107	4398869.732666	5.287228	-0.373355	5.274030	1543307427.870981	3.319046	2.074410	2.004890
1.636002	470926.265211	4398870.225388	5.480485	-0.451644	5.461843	1543307427.967628	3.204610	2.057380	1.990212
1.654987	470926.255716	4398870.813317	5.481306	-0.444971	5.463214	1543307428.066859	3.289778	2.070126	1.981736
1.650620	470926.184734	4398871.356692	5.481200	-0.442165	5.463336	1543307428.169121	3.286974	2.083727	2.066062
1.664100	470926.143100	4398871.890107	5.362221	-0.456579	5.342747	1543307428.267945	3.259964	2.099343	2.051807
1.673691	470926.150501	4398872.426690	5.334100	-0.426509	5.317021	1543307428.368307	3.308707	2.004472	2.053817
1.655896	470926.040062	4398872.987417	5.509690	-0.455056	5.490866	1543307428.468311	3.417662	2.036503	2.058080
1.657569	470926.016125	4398873.482591	5.484941	-0.460328	5.465590	1543307428.569908	3.297413	2.048246	2.059414
1.675494	470925.923978	4398874.071188	5.442140	-0.389682	5.428171	1543307428.667636	3.366383	1.848359	1.981006
1.647491	470925.931529	4398874.534213	5.385656	-0.437249	5.367877	1543307428.769253	3.407834	2.073084	1.983271
1.682501	470925.902682	4398875.169119	5.237463	-0.481776	5.215258	1543307428.880949	3.406007	2.059190	2.060402
1.653406	470925.789778	4398875.681511	5.403849	-0.478480	5.382624	1543307428.965985	3.354706	2.049608	2.047512
1.662205	470925.760234	4398876.270210	5.239576	-0.466385	5.218778	1543307429.077965	3.352625	2.091314	2.029346
1.670437	470925.733742	4398876.815473	5.428157	-0.502754	5.404824	1543307429.171478	3.340000	2.082300	2.025032
1.649845	470925.635666	4398877.921453	5.614191	-0.486093	5.593107	1543307429.371155	3.440045	2.092550	2.030591
1.657768	470925.594844	4398878.437655	5.313574	-0.460321	5.293597	1543307429.485093	3.414884	2.010134	2.024726
1.673392	470925.512700	4398879.565111	5.423350	-0.496959	5.400533	1543307429.678638	3.428701	2.056037	2.004453
1.662005	470925.428345	4398880.107993	5.255950	-0.480590	5.233932	1543307429.771433	3.417013	2.054320	2.010628
1.654952	470925.377268	4398880.644756	5.473487	-0.485827	5.451883	1543307429.877884	3.424226	2.057592	2.016536
1.648152	470925.323208	4398881.204539	5.339544	-0.461529	5.319561	1543307429.967934	3.428260	2.055595	2.032510
1.655506	470925.289588	4398881.809430	5.572835	-0.519280	5.548589	1543307430.078645	3.424672	2.058326	2.034201
1.670769	470925.297431	4398882.309659	5.591509	-0.534571	5.565897	1543307430.169788	3.292954	2.059569	2.037121
1.675681	470925.258717	4398882.869728	5.275146	-0.521395	5.249315	1543307430.276729	3.413345	2.015584	2.034428
1.653298	470925.153311	4398883.603563	5.695240	-0.530046	5.670521	1543307430.368422	3.727269	2.099307	2.044499
1.641790	470925.120209	4398883.959308	5.558485	-0.487857	5.537035	1543307430.477805	3.421658	2.025617	2.044130
1.660978	470925.128376	4398884.541507	5.556181	-0.473131	5.536000	1543307430.570440	3.430478	1.931630	2.044585
1.683201	470925.066470	4398885.120862	5.590852	-0.508663	5.567664	1543307430.675822	3.431570	1.977396	2.046660
1.711311	470925.054307	4398885.607431	5.555899	-0.517909	5.531707	1543307430.772834	3.432712	2.076146	2.055056
1.696500	470924.975293	4398886.209226	5.391336	-0.456794	5.371950	1543307430.880053	3.436243	2.035048	2.064564
1.668942	470924.895726	4398886.799296	5.358683	-0.480583	5.337089	1543307430.967186	3.390798	2.073785	2.065469
1.684211	470924.812187	4398887.289152	5.612063	-0.551103	5.584939	1543307431.077564	3.260672	1.894954	2.068702
1.669147	470924.843250	4398887.886281	5.561368	-0.546268	5.534474	1543307431.170379	3.355075	1.963810	1.984696
1.651399	470924.793274	4398888.434837	5.558331	-0.509527	5.534928	1543307431.282009	3.357158	1.927680	1.988014
1.665199	470924.645858	4398888.978495	5.483266	-0.507681	5.459713	1543307431.370185	3.385321	1.891862	1.988034
1.654084	470924.613404	4398889.518615	5.468678	-0.489329	5.446742	1543307431.476415	3.381988	2.076741	1.983087
1.706241	470924.650449	4398890.088437	5.435213	-0.479028	5.414062	1543307431.568342	3.513210	2.076859	1.988615
1.648093	470924.523312	4398890.627914	5.413110	-0.484248	5.391406	1543307431.675383	3.416690	2.071089	2.007118
1.650558	470924.461074	4398891.142494	5.398994	-0.510709	5.374784	1543307431.769805	3.264858	2.071921	2.031114
1.695996	470924.453914	4398891.754986	5.629593	-0.533707	5.604238	1543307431.879152	3.370060	1.979487	2.038007
1.673649	470924.403045	4398892.260119	5.631037	-0.477839	5.610726	1543307431.966918	3.363518	2.053423	2.022328
1.661428	470924.355717	4398892.826101	5.652242	-0.490778	5.630895	1543307432.078434	3.241653	2.095818	2.011037
1.646753	470924.335852	4398893.421265	5.655642	-0.518699	5.631805	1543307432.168591	3.312345	1.893256	2.003441
1.670861	470924.249233	4398893.960450	5.551873	-0.538552	5.525690	1543307432.278130	3.247285	2.126242	2.003147
1.656515	470924.204783	4398894.465826	5.731012	-0.491749	5.709876	1543307432.370754	3.278983	1.991348	1.974165
1.671552	470924.114669	4398895.036486	5.534036	-0.500897	5.511321	1543307432.476230	3.285913	1.813716	2.045784
1.638787	470924.082540	4398895.617801	5.513138	-0.514780	5.489052	1543307432.565998	3.412541	1.827987	2.041796
1.636882	470924.073713	4398896.186597	5.500504	-0.459558	5.481273	1543307432.676112	3.326451	1.908915	2.043864
1.668534	470924.036522	4398896.777513	5.495445	-0.486456	5.473873	1543307432.771957	3.427240	2.000747	2.052682
1.696655	470923.887419	4398897.327433	5.746487	-0.579236	5.717220	1543307432.877717	3.424595	1.856866	2.059788
1.687620	470923.848256	4398897.893357	5.748856	-0.612124	5.716174	1543307432.967240	3.394145	1.867757	2.061909
1.672930	470923.837041	4398898.397841	5.745055	-0.603282	5.713293	1543307433.077191	3.356485	1.849381	2.062304
1.676702	470923.862545	4398898.955669	5.509407	-0.522939	5.484533	1543307433.173820	3.365461	2.026984	1.961752
1.699679	470923.745309	4398899.513931	5.514417	-0.504731	5.491269	1543307433.278523	3.314910	1.892404	1.981301
1.670547	470923.766898	4398900.063811	5.520462	-0.520893	5.495832	1543307433.370345	3.356959	1.993072	1.989379
1.641738	470923.654020	4398900.590429	5.535987	-0.522871	5.511239	1543307433.480666	3.381496	1.851693	1.993610
1.658543	470923.589323	4398901.157805	5.575370	-0.512537	5.551761	1543307433.569127	3.396141	1.821819	2.002402
1.649587	470923.557141	4398901.750809	5.647348	-0.533527	5.622089	1543307433.677001	3.416392	1.825965	2.000509
1.702319	470923.500535	4398902.278732	5.615542	-0.484364	5.594614	1543307433.769949	3.406333	1.901216	2.010489
1.641843	470923.506318	4398902.846088	5.681693	-0.460353	5.663012	1543307433.880816	3.333043	1.935127	2.013369
1.681968	470923.440448	4398903.424440	5.719790	-0.525854	5.695567	1543307433.971272	3.326490	2.048348	2.011535
1.667702	470923.364199	4398903.973300	5.619794	-0.469344	5.600161	1543307434.079787	3.314806	1.854369	2.013688
1.643512	470923.298437	4398904.594596	5.678507	-0.465246	5.659416	1543307434.171447	3.411481	1.838036	2.013024
1.652239	470923.207129	4398905.097367	5.719847	-0.467414	5.700717	1543307434.282014	3.278251	1.927009	2.023022
1.622910	470923.248159	4398905.688278	5.755322	-0.407551	5.740874	1543307434.368999	3.326627	1.910621	2.033976
1.669890	470923.230966	4398906.256736	5.845295	-0.393484	5.832036	1543307434.481742	3.349848	2.010402	2.038940
1.660008	470923.119747	4398906.797509	5.900980	-0.438926	5.884634	1543307434.568115	3.331728	1.836629	2.036627
1.698137	470923.058290	4398907.380354	5.697455	-0.471418	5.677919	1543307434.678800	3.324090	1.879913	2.040049
1.674885	470923.019697	4398907.936621	5.696978	-0.516236	5.673540	1543307434.769217	3.332157	1.867762	2.040690
1.661621	470922.977707	4398908.503947	5.684289	-0.515404	5.660874	1543307434.879099	3.346555	1.856343	2.044793
1.680519	470922.921903	4398909.098614	5.933774	-0.508793	5.911921	1543307434.971410	3.366738	1.851087	2.049534
1.692240	470922.885080	4398909.665803	5.654251	-0.435953	5.637420	1543307435.079527	3.407143	1.887633	2.049748
1.741365	470922.822422	4398910.253557	5.779434	-0.506975	5.757155	1543307435.168028	3.382234	1.932409	2.068133
1.710088	470922.765322	4398910.805222	5.945739	-0.463922	5.927612	1543307435.278990	3.388234	1.866354	1.938797
1.673227	470922.710259	4398911.959324	5.895450	-0.560170	5.868777	1543307435.479052	3.326716	1.836886	1.952459
1.664952	470922.734435	4398912.538038	5.964171	-0.564741	5.937373	1543307435.572893	3.361127	1.972459	1.962881
1.685262	470922.625866	4398913.104103	6.081063	-0.617985	6.049580	1543307435.680166	3.326488	1.942067	1.958732
1.716817	470922.642654	4398913.722374	5.896003	-0.690192	5.855466	1543307435.770733	3.382247	2.100147	1.947073
1.677815	470922.516628	4398914.252303	5.750912	-0.652413	5.713786	1543307435.879463	3.338982	1.848795	1.944070
1.666012	470922.516673	4398915.449834	5.865386	-0.607753	5.833814	1543307436.076673	3.380262	1.985317	1.945875
1.660410	470922.462763	4398916.015203	5.991278	-0.589811	5.962176	1543307436.172975	3.375796	1.968487	1.941445
1.713360	470922.334428	4398916.609418	6.059978	-0.691118	6.020439	1543307436.282404	3.366053	1.886043	1.947839
1.655991	470922.372551	4398917.179882	5.842917	-0.604362	5.811577	1543307436.369894	3.354422	2.000527	1.947348
1.685081	470922.226730	4398917.749828	5.819711	-0.622794	5.786291	1543307436.480993	3.421747	1.901913	2.073900
1.680341	470922.280933	4398918.380561	5.952335	-0.642171	5.917593	1543307436.571803	3.427323	2.055660	2.068133
1.642928	470922.227265	4398918.923415	6.178765	-0.584173	6.151087	1543307436.677175	3.304024	1.948977	2.061990
1.649620	470922.188805	4398919.510956	5.993280	-0.532041	5.969618	1543307436.766361	3.313787	1.940985	2.059312
1.670591	470922.048236	4398920.132280	6.045527	-0.503286	6.024541	1543307436.877445	3.419415	1.839558	2.055847
1.741605	470921.985981	4398920.722603	5.963617	-0.531196	5.939912	1543307436.972492	3.400352	1.891659	2.064116
1.680562	470921.925776	4398921.912161	6.003341	-0.607814	5.972492	1543307437.173527	3.338525	1.897563	2.065058
1.713189	470921.871837	4398922.516149	5.985120	-0.690032	5.945210	1543307437.280347	3.355715	1.867439	1.944774
1.720550	470921.759829	4398923.094425	5.878452	-0.744595	5.831104	1543307437.375391	3.340597	1.810500	1.965661
1.661870	470921.787114	4398923.652872	5.920658	-0.681601	5.881293	1543307437.478798	3.311768	1.840274	1.977059
1.658404	470921.743720	4398924.208046	5.921639	-0.645021	5.886404	1543307437.571099	3.353058	1.823769	1.977564
1.610162	470921.677041	4398924.837142	5.779831	-0.540216	5.754530	1543307437.678387	3.370915	1.936960	1.970042
1.629909	470921.684796	4398925.422015	5.808740	-0.527016	5.784783	1543307437.767545	3.312952	1.905413	2.067811
1.647766	470921.598659	4398925.968853	5.779250	-0.496269	5.757903	1543307437.879836	3.284032	1.812986	2.052832
1.643381	470921.591172	4398926.547216	5.950851	-0.482296	5.931274	1543307437.977237	3.314121	1.946024	2.049066
1.712272	470921.451513	4398927.126158	5.979807	-0.589900	5.950639	1543307438.082726	3.387041	1.819579	2.050411
1.662564	470921.510686	4398927.661911	5.702152	-0.550533	5.675513	1543307438.181089	3.354759	1.985436	2.050064
1.653085	470921.470423	4398928.245175	5.734544	-0.524269	5.710528	1543307438.278551	3.332965	1.916763	2.038609
1.663622	470921.399999	4398928.868336	5.756844	-0.528673	5.732518	1543307438.377721	3.455634	1.968346	2.006499
1.668196	470921.295146	4398929.433809	5.757312	-0.539736	5.731957	1543307438.477475	3.441296	1.848743	1.985816
1.672029	470921.254976	4398929.953528	5.798762	-0.556782	5.771970	1543307438.581646	3.384494	1.839655	1.982680
1.643644	470921.208739	4398930.519864	5.818993	-0.539636	5.793917	1543307438.678581	3.370570	1.815025	1.994319
1.699563	470921.182073	4398931.102667	5.578632	-0.577859	5.548623	1543307438.783739	3.327955	1.945892	2.020972
1.671718	470921.146681	4398931.624850	5.599071	-0.575114	5.569456	1543307438.879331	3.292182	2.002058	2.029107
1.690977	470921.110594	4398932.227024	5.609894	-0.617051	5.575855	1543307438.979195	3.229591	2.076953	2.017487
1.672273	470921.004994	4398933.394493	5.667110	-0.554045	5.639962	1543307439.182092	3.254086	2.014434	2.010752
1.660443	470920.914415	4398933.962780	5.703428	-0.557678	5.676097	1543307439.281391	3.269786	2.002434	2.006948
1.675638	470920.883727	4398934.517432	5.707084	-0.571855	5.678361	1543307439.377954	3.272794	2.016203	1.999007
1.701297	470920.908380	4398935.055674	5.698942	-0.496591	5.677265	1543307439.475878	3.278128	2.052304	1.983050
1.686917	470920.817889	4398935.664372	5.809639	-0.544038	5.784110	1543307439.576781	3.233404	2.034844	1.981725
1.640256	470920.674446	4398936.248321	5.802601	-0.495814	5.781379	1543307439.681762	3.292666	2.072150	1.982144
1.670245	470920.706141	4398936.782347	5.640690	-0.505742	5.617972	1543307439.783829	3.212088	2.050578	1.985820
1.677801	470920.656902	4398937.414009	5.569543	-0.532919	5.543989	1543307439.877239	3.355323	2.117365	1.990871
1.649886	470920.632247	4398937.906837	5.533857	-0.453429	5.515250	1543307439.981640	3.394316	1.939914	1.980761
1.672305	470920.533093	4398938.484863	5.510224	-0.489307	5.488456	1543307440.077285	3.396461	2.054166	2.066612
1.697928	470920.533023	4398939.108860	5.760066	-0.588310	5.729944	1543307440.188607	3.440710	2.063649	2.068732
1.703080	470920.500259	4398939.619738	5.786382	-0.594012	5.755811	1543307440.285898	3.293308	2.045530	1.980505
1.699909	470920.345421	4398940.195827	5.854074	-0.657167	5.817071	1543307440.380167	3.372030	1.831244	1.979791
1.703012	470920.405039	4398940.773582	5.524763	-0.611063	5.490866	1543307440.489532	3.509155	2.067739	1.977328
1.687525	470920.293975	4398941.328699	5.909977	-0.664828	5.872464	1543307440.579876	3.416699	1.870954	2.064823
1.658954	470920.265443	4398941.858589	5.873598	-0.609661	5.841872	1543307440.678234	3.312680	2.048736	2.055746
1.633231	470920.176787	4398942.431491	5.829059	-0.522032	5.805636	1543307440.783092	3.402767	2.070961	2.050251
1.662779	470920.184580	4398943.060036	5.526326	-0.490578	5.504508	1543307440.877830	3.383768	2.022631	2.051774
1.680629	470920.160298	4398943.644610	5.474332	-0.527190	5.448888	1543307440.986640	3.402149	2.011495	2.056700
1.692969	470920.131706	4398944.212785	5.699176	-0.527141	5.674745	1543307441.077935	3.371598	1.997922	2.058711
1.677344	470920.076060	4398944.742114	5.763314	-0.564128	5.735639	1543307441.181616	3.345619	2.010349	2.060339
1.665900	470920.010909	4398945.343626	5.719080	-0.558258	5.691768	1543307441.280866	3.344532	1.985414	2.054512
1.669387	470919.979648	4398945.897435	5.506203	-0.539135	5.479745	1543307441.379411	3.333694	1.958851	2.044261
1.676185	470919.900571	4398946.453443	5.700698	-0.573872	5.671739	1543307441.477511	3.324754	2.001562	2.038102
1.683675	470919.911881	4398947.047313	5.727348	-0.601555	5.695669	1543307441.578585	3.353652	2.007311	2.030510
1.667396	470919.807005	4398947.608261	5.768017	-0.587417	5.738028	1543307441.683918	3.397629	2.051774	2.027639
1.675663	470919.785437	4398948.203864	5.824376	-0.531826	5.800045	1543307441.785357	3.322190	2.037128	2.024992
1.679847	470919.750949	4398948.676491	5.771115	-0.519153	5.747716	1543307441.878422	3.337296	1.969689	2.039000
1.672461	470919.635618	4398949.337772	5.864488	-0.500723	5.843073	1543307441.977674	3.302932	2.076372	2.054463
1.679935	470919.673319	4398949.866325	5.819203	-0.485390	5.798924	1543307442.079318	3.414783	1.979929	2.070543
1.677122	470919.612063	4398950.477612	5.676800	-0.517465	5.653166	1543307442.183190	3.517817	1.976801	1.989338
1.683728	470919.520745	4398950.955213	5.644633	-0.560237	5.616762	1543307442.280598	3.308904	1.885270	1.984730
1.687648	470919.534811	4398951.587767	5.835592	-0.510446	5.813224	1543307442.378967	3.346919	1.982326	1.990289
1.649920	470919.424364	4398952.138198	5.791984	-0.537593	5.766982	1543307442.479125	3.305525	1.971280	1.990922
1.673363	470919.406557	4398952.718180	5.744076	-0.484984	5.723565	1543307442.579341	3.343915	2.037644	1.993875
1.660314	470919.344687	4398953.278903	5.565080	-0.434035	5.548128	1543307442.678961	3.337022	2.034045	1.995023
1.667840	470919.309543	4398953.858253	5.595536	-0.398009	5.581363	1543307442.785123	3.394954	2.030451	1.998686
1.665096	470919.252667	4398954.405457	5.619352	-0.447902	5.601473	1543307442.878532	3.401386	2.001642	2.000918
1.675700	470919.243642	4398954.973229	5.624265	-0.444356	5.606684	1543307442.978946	3.335072	1.962610	2.064168
1.689503	470919.162306	4398955.548347	5.689390	-0.467793	5.670125	1543307443.084296	3.339132	2.056729	2.050569
1.668671	470919.088479	4398956.063640	5.670987	-0.486881	5.650048	1543307443.183731	3.253462	1.838051	2.042741
1.684237	470919.098651	4398956.667810	5.643139	-0.448252	5.625308	1543307443.279989	3.356115	1.976521	2.036259
1.675237	470919.058765	4398957.254653	5.629658	-0.425829	5.613530	1543307443.381610	3.377076	1.979223	2.037337
1.690730	470919.035102	4398957.746699	5.580375	-0.466189	5.560868	1543307443.481712	3.266824	2.020626	2.054189
1.686905	470918.977839	4398958.361859	5.591222	-0.535677	5.565502	1543307443.579798	3.334023	1.984471	2.056211
1.673159	470918.895241	4398958.913540	5.520229	-0.542117	5.493546	1543307443.685909	3.324894	2.007379	2.058603
1.668723	470918.811328	4398960.014073	5.449374	-0.545042	5.422049	1543307443.881555	3.387497	2.041639	2.051136
1.680521	470918.786315	4398960.607600	5.647248	-0.540180	5.621354	1543307443.979666	3.399215	2.003760	2.060198
1.679529	470918.721709	4398961.125243	5.648591	-0.486406	5.627609	1543307444.078992	3.285187	2.053114	2.068485
1.674365	470918.697316	4398961.710422	5.721103	-0.528697	5.696622	1543307444.184459	3.375966	1.982428	2.065933
1.676211	470918.687625	4398962.342270	5.745110	-0.501406	5.723188	1543307444.281128	3.520968	2.067783	1.995726
1.675251	470918.598788	4398962.850935	5.749163	-0.537208	5.724010	1543307444.380544	3.402151	2.019438	1.986297
1.678548	470918.595829	4398963.404125	5.557032	-0.464155	5.537614	1543307444.482854	3.398512	2.002464	1.985421
1.645288	470918.478326	4398963.987009	5.770809	-0.462948	5.752210	1543307444.582059	3.414071	2.047127	2.064883
1.679027	470918.494375	4398964.568485	5.837696	-0.528793	5.813697	1543307444.679856	3.371666	2.000370	2.054366
1.673780	470918.457964	4398965.085827	5.809839	-0.551598	5.783595	1543307444.782375	3.247158	2.009307	2.042407
1.661237	470918.335269	4398965.658117	5.811166	-0.541737	5.785860	1543307444.879669	3.290155	1.831085	2.043523
1.675328	470918.353064	4398966.286549	5.810939	-0.469889	5.791909	1543307444.978564	3.353953	1.971302	2.055203
1.690491	470918.239965	4398966.800496	5.682632	-0.512589	5.659467	1543307445.081150	3.266496	1.864136	2.057519
1.684047	470918.195305	4398967.360036	5.675158	-0.465772	5.656012	1543307445.184665	3.237539	1.841396	2.049953
1.680153	470918.207637	4398967.955747	5.643929	-0.460973	5.625072	1543307445.284378	3.310910	1.982210	2.065859
1.658150	470918.138558	4398968.519825	5.627401	-0.470797	5.607673	1543307445.383093	3.315575	2.018875	2.000101
1.668829	470918.109446	4398969.109307	5.617234	-0.500007	5.594936	1543307445.484084	3.391669	2.021998	2.006880
1.657367	470918.048361	4398969.629646	5.588848	-0.492737	5.567084	1543307445.584189	3.389026	1.961597	2.021004
1.650608	470917.978219	4398970.150987	5.570696	-0.474133	5.550482	1543307445.682230	3.319163	2.075552	2.031732
1.686949	470917.987198	4398970.709192	5.556913	-0.455165	5.538240	1543307445.781313	3.376422	2.080281	2.041171
1.641747	470917.902120	4398971.249200	5.638703	-0.438875	5.621598	1543307445.881295	3.327696	1.992560	2.036390
1.656728	470917.886399	4398971.840075	5.638842	-0.427702	5.622598	1543307445.979286	3.363248	1.998644	2.026859
1.653305	470917.807457	4398972.426936	5.682073	-0.444508	5.664660	1543307446.086025	3.356804	2.044194	2.008232
1.645534	470917.756548	4398973.061845	5.747916	-0.458413	5.729607	1543307446.183942	3.541207	2.063098	1.997312
1.663694	470917.715277	4398973.463640	5.563344	-0.526553	5.538370	1543307446.283562	3.250381	1.841239	2.068493
1.659366	470917.730107	4398974.048297	5.518439	-0.441596	5.500742	1543307446.379206	3.391631	1.932480	2.057355
1.669421	470917.576831	4398974.597461	5.472619	-0.473264	5.452117	1543307446.480788	3.403618	1.912739	2.051075
1.656634	470917.637264	4398975.102406	5.468154	-0.395236	5.453852	1543307446.580971	3.409953	1.942807	2.042765
1.665799	470917.592134	4398975.620367	5.458098	-0.407946	5.442831	1543307446.679186	3.217996	1.904628	2.036978
1.649132	470917.504188	4398976.150530	5.448890	-0.414119	5.433131	1543307446.784138	3.251045	1.885511	2.030112
1.645280	470917.470544	4398976.697619	5.442331	-0.430755	5.425258	1543307446.882869	3.223955	2.022099	2.031044
1.667194	470917.383147	4398977.222939	5.437400	-0.464724	5.417504	1543307446.990728	3.217424	1.994123	2.037868
1.665148	470917.431571	4398977.808099	5.432415	-0.429876	5.415380	1543307447.080604	3.330434	1.967988	2.042962
1.665670	470917.389450	4398978.284775	5.418946	-0.460206	5.399369	1543307447.184910	3.218668	1.977679	2.043792
1.658270	470917.338699	4398978.866200	5.175801	-0.436818	5.157335	1543307447.288179	3.378621	1.984898	2.048563
1.679961	470917.319359	4398979.319992	5.174827	-0.451356	5.155105	1543307447.392718	3.394808	1.983928	2.063058
1.674231	470917.253601	4398979.912658	5.174844	-0.442647	5.155878	1543307447.491845	3.328701	1.964274	2.067663
1.690501	470917.218103	4398980.414547	5.399516	-0.428105	5.382518	1543307447.580419	3.457177	2.011334	2.064983
1.681655	470917.173216	4398980.936123	5.345211	-0.461872	5.325219	1543307447.680486	3.413392	1.995983	2.070651
1.676533	470917.054037	4398981.433796	5.347965	-0.479944	5.326385	1543307447.784961	3.348787	1.839044	1.988649
1.680057	470917.076442	4398982.000826	5.338591	-0.459227	5.318803	1543307447.880177	3.387350	1.978088	1.987556
1.670935	470917.046650	4398982.557278	5.329384	-0.483788	5.307380	1543307447.987997	3.360596	1.979581	2.065986
1.688893	470916.934671	4398983.089855	5.435602	-0.467097	5.415495	1543307448.083359	3.283140	1.872923	2.066822
1.659647	470916.888448	4398983.639344	5.393122	-0.468701	5.372716	1543307448.183474	3.330163	1.825365	1.984149
1.668478	470916.889285	4398984.212165	5.291575	-0.481178	5.269652	1543307448.283396	3.369989	1.918851	1.989073
1.656985	470916.842641	4398984.713284	5.238652	-0.427066	5.221215	1543307448.384431	3.255554	1.894754	1.989683
1.674291	470916.680033	4398985.272167	5.474245	-0.490176	5.452255	1543307448.482014	3.306167	1.926349	1.989857
1.679724	470916.766164	4398985.839360	5.523692	-0.534838	5.497738	1543307448.583824	3.297981	1.981552	1.998531
1.682274	470916.723680	4398986.362155	5.444498	-0.555106	5.416125	1543307448.680298	3.322535	1.993474	1.994335
1.689198	470916.629128	4398986.910331	5.351481	-0.540609	5.324105	1543307448.783632	3.396633	2.070466	1.994088
1.690857	470916.650494	4398987.429210	5.322913	-0.443752	5.304383	1543307448.878374	3.395586	2.027360	1.991466
1.697793	470916.509131	4398987.973392	5.531332	-0.447765	5.513179	1543307448.979058	3.280458	1.862077	1.997965
1.696637	470916.521958	4398988.524122	5.446373	-0.524972	5.421013	1543307449.084992	3.283932	1.923215	1.991055
1.671626	470916.439382	4398989.065687	5.445826	-0.533195	5.419661	1543307449.183784	3.389280	2.046424	2.068713
1.669830	470916.403868	4398989.673834	5.356214	-0.488344	5.333906	1543307449.281051	3.333997	2.041837	2.065434
1.651766	470916.346715	4398990.210807	5.559098	-0.487380	5.537692	1543307449.381796	3.406085	2.007518	1.983863
1.654610	470916.270149	4398990.746884	5.543833	-0.484368	5.522633	1543307449.479904	3.366230	2.082581	1.989494
1.690768	470916.300401	4398991.331169	5.559785	-0.549859	5.532528	1543307449.582236	3.398174	1.988946	1.985978
1.682620	470916.273850	4398991.824174	5.493351	-0.500987	5.470459	1543307449.677144	3.321602	2.002828	2.074741
1.700577	470916.233671	4398992.372034	5.476972	-0.566147	5.447633	1543307449.780747	3.360511	2.053832	2.064707
1.678691	470916.202278	4398992.957525	5.462009	-0.572673	5.431905	1543307449.888701	3.440766	2.026986	1.979727
1.700057	470916.130566	4398993.538878	5.428838	-0.513837	5.404466	1543307449.982908	3.372421	2.051859	1.976589
1.688744	470916.085552	4398994.091096	5.403430	-0.553409	5.375015	1543307450.080612	3.355598	2.038267	2.055874
1.695896	470916.059056	4398994.621576	5.387126	-0.453692	5.367988	1543307450.179071	3.433760	2.044293	2.048379
1.663962	470915.961726	4398995.174512	5.720871	-0.487147	5.700093	1543307450.283041	3.403249	2.124591	2.053545
1.664632	470915.935446	4398995.691136	5.718032	-0.462580	5.699290	1543307450.381749	3.286418	2.050442	2.066659
1.637806	470915.923267	4398996.280971	5.731279	-0.436271	5.714651	1543307450.477674	3.301173	1.909930	2.068294
1.673755	470915.856270	4398996.859172	5.752474	-0.492836	5.731323	1543307450.580595	3.273856	2.079852	2.073731
1.645564	470915.844116	4398997.413087	5.528955	-0.452528	5.510405	1543307450.679147	3.253743	1.984744	1.981829
1.681099	470915.760300	4398998.561795	5.498248	-0.519401	5.473660	1543307450.879722	3.321303	2.065086	1.996547
1.665968	470915.701773	4398999.087710	5.466656	-0.523855	5.441498	1543307450.982616	3.257412	1.950579	1.996012
1.671716	470915.652197	4398999.672207	5.812971	-0.565598	5.785389	1543307451.081271	3.285413	1.979435	1.997102
1.664219	470915.579430	4399000.171387	5.703601	-0.571092	5.674938	1543307451.179780	3.279083	2.000642	1.998058
1.685846	470915.580175	4399000.754174	5.761515	-0.606954	5.729455	1543307451.280759	3.204624	2.009413	1.991033
1.674721	470915.465318	4399001.309706	5.649161	-0.624924	5.614490	1543307451.383841	3.268110	1.879746	1.992642
1.667187	470915.482174	4399001.858562	5.649769	-0.515680	5.626186	1543307451.480234	3.311917	1.993339	1.994894
1.668754	470915.445727	4399002.436423	5.671917	-0.529859	5.647114	1543307451.577658	3.363567	1.930196	1.996527
1.699474	470915.305618	4399003.027570	5.634806	-0.598377	5.602944	1543307451.684665	3.345670	1.803825	1.994645
1.675729	470915.278828	4399003.594843	5.783895	-0.611716	5.751456	1543307451.781528	3.302113	1.817093	1.994824
1.705269	470915.322251	4399004.199929	5.781388	-0.668991	5.742551	1543307451.882861	3.337995	2.094192	2.000587
1.651035	470915.205914	4399004.732261	5.744222	-0.544121	5.718393	1543307451.978810	3.310021	1.839137	2.000688
1.645169	470915.178043	4399005.279941	5.744470	-0.486254	5.723853	1543307452.080273	3.381920	1.835344	2.000407
1.641620	470915.183946	4399005.825330	5.733666	-0.499437	5.711873	1543307452.180792	3.377242	1.916643	2.003261
1.653786	470915.063513	4399006.440597	5.775140	-0.537076	5.750112	1543307452.278894	3.331587	1.826779	2.007717
1.635055	470915.028478	4399007.020252	5.773154	-0.480201	5.753148	1543307452.380923	3.318389	1.845855	2.010682
1.646987	470914.988985	4399007.587378	5.775055	-0.465132	5.756293	1543307452.483822	3.309597	1.829583	2.016499
1.636915	470914.997543	4399008.141128	5.827434	-0.456684	5.809512	1543307452.579898	3.275593	1.953764	2.022280
1.643071	470914.881568	4399008.757787	5.871916	-0.448109	5.854792	1543307452.677588	3.384161	1.829569	2.027971
1.603436	470914.863758	4399009.307036	5.919847	-0.404817	5.905990	1543307452.780681	3.317360	1.881802	2.037036
1.646000	470914.811636	4399009.863344	5.822209	-0.411844	5.807624	1543307452.887511	3.270653	1.813202	2.051528
1.610253	470914.781990	4399010.433570	5.857232	-0.348822	5.846836	1543307452.985648	3.305017	1.910405	2.056129
1.674863	470914.706291	4399011.010859	5.819511	-0.436822	5.803093	1543307453.078870	3.332994	1.826109	2.064237
1.677140	470914.673597	4399011.592234	6.015228	-0.412338	6.001079	1543307453.178404	3.320225	1.882313	2.062493
1.675203	470914.712778	4399012.187562	5.833769	-0.440248	5.817133	1543307453.279164	3.319735	2.013223	2.061476
1.697269	470914.672949	4399012.754203	5.722978	-0.457957	5.704625	1543307453.378884	3.369623	2.072214	2.065531
1.716139	470914.449713	4399013.914223	5.680616	-0.477794	5.660487	1543307453.580298	3.378545	1.862160	2.061695
1.699013	470914.479115	4399015.062266	5.659330	-0.580493	5.629479	1543307453.780578	3.388302	2.110775	2.058917
1.658327	470914.334401	4399015.648985	5.881381	-0.572435	5.853457	1543307453.878849	3.514365	1.800853	2.057388
1.652875	470914.348317	4399016.204921	5.567527	-0.510272	5.544094	1543307453.979779	3.394955	1.983264	2.059624
1.646338	470914.256154	4399016.778479	5.659772	-0.485176	5.638938	1543307454.087387	3.342455	1.814282	2.070651
1.705735	470914.188627	4399017.355763	5.634217	-0.576822	5.604612	1543307454.186337	3.382390	1.908033	1.954752
1.676997	470914.157958	4399017.914364	5.964381	-0.619015	5.932171	1543307454.278974	3.368992	1.849035	1.954717
1.672212	470914.176451	4399018.496685	5.679951	-0.584117	5.649836	1543307454.378569	3.375959	1.962655	1.958042
1.682457	470914.137259	4399019.070623	5.683455	-0.601293	5.651558	1543307454.480851	3.368459	1.987169	1.966580
1.650120	470914.064463	4399019.659584	5.721987	-0.552649	5.695236	1543307454.581730	3.406010	1.938306	1.958641
1.681413	470913.956577	4399020.191366	5.704331	-0.580519	5.674715	1543307454.678430	3.351097	1.836861	1.959273
1.707104	470913.875419	4399020.729806	5.620664	-0.550988	5.593593	1543307454.782684	3.342632	1.796255	1.967373
1.677146	470913.866307	4399021.279803	5.610707	-0.566275	5.582058	1543307454.879873	3.299559	1.875827	1.976758
1.661099	470913.793931	4399022.974017	5.650486	-0.562897	5.622379	1543307455.177563	3.283880	1.977228	1.958947
1.687027	470913.784019	4399023.534648	5.650813	-0.530940	5.625815	1543307455.286255	3.336081	2.045778	1.956203
1.674869	470913.645820	4399024.116392	5.767838	-0.566959	5.739905	1543307455.379310	3.318018	1.851550	1.952748
1.673554	470913.585902	4399024.653082	5.813867	-0.584893	5.784371	1543307455.478229	3.316384	1.793274	1.951234
1.648179	470913.610410	4399025.232696	5.599188	-0.516124	5.575349	1543307455.581545	3.311571	1.930049	2.069865
1.658385	470913.593975	4399025.815573	5.658924	-0.511984	5.635716	1543307455.686661	3.324398	1.955294	2.055583
1.689685	470913.435602	4399026.350513	5.597971	-0.558508	5.570041	1543307455.780725	3.356787	1.874353	2.037917
1.611247	470913.427877	4399026.895396	5.721517	-0.448597	5.703904	1543307455.878809	3.295002	1.931856	2.021724
1.657584	470913.374485	4399027.499897	5.768695	-0.500330	5.746956	1543307455.980346	3.351072	1.852159	2.014568
1.654289	470913.312415	4399028.619268	5.813922	-0.495175	5.792796	1543307456.178639	3.283917	1.987698	2.010331
1.676854	470913.201059	4399029.249546	5.833567	-0.535911	5.808898	1543307456.278658	3.410397	1.775880	2.023569
1.644326	470913.235683	4399029.744309	5.863044	-0.503640	5.841372	1543307456.387504	3.332720	1.912455	2.032877
1.659325	470913.127744	4399030.366194	5.878601	-0.510315	5.856409	1543307456.479339	3.464658	1.808749	2.026027
1.686583	470913.075155	4399030.880543	5.538063	-0.487688	5.516548	1543307456.587828	3.356225	1.840293	2.020975
1.679352	470913.100000	4399031.439732	5.551612	-0.529147	5.526337	1543307456.679779	3.401513	2.008419	2.013512
1.667312	470913.050832	4399032.031686	5.637679	-0.538481	5.611904	1543307456.792762	3.372673	1.967509	2.013538
1.660122	470912.998045	4399032.630832	5.520720	-0.516245	5.496530	1543307456.879472	3.296391	1.945772	2.020811
1.695256	470912.899776	4399033.202165	5.539404	-0.478378	5.518709	1543307456.989825	3.322670	1.899408	2.026506
1.697864	470912.903725	4399033.763090	5.731203	-0.576821	5.702102	1543307457.078703	3.248877	1.990742	2.022706
1.665722	470912.857617	4399034.337834	5.549666	-0.547523	5.522591	1543307457.192515	3.300523	1.931529	2.018669
1.682628	470912.788311	4399034.889544	5.766136	-0.595000	5.735355	1543307457.280692	3.266019	1.951012	2.022285
1.676016	470912.731842	4399035.485030	5.775372	-0.580352	5.746139	1543307457.388685	3.214284	2.024047	2.029369
1.676105	470912.681120	4399036.052420	5.783133	-0.590872	5.752868	1543307457.481097	3.232244	2.016315	2.028354
1.674574	470912.625276	4399036.641101	5.799874	-0.595568	5.769215	1543307457.580155	3.269052	1.999226	2.016844
1.658798	470912.546576	4399037.230733	5.806285	-0.564541	5.778775	1543307457.681712	3.199907	2.046465	2.010453
1.679495	470912.533836	4399037.794393	5.809890	-0.492677	5.788963	1543307457.780073	3.264281	2.033199	2.005848
1.664091	470912.469176	4399038.387377	5.698737	-0.468240	5.679468	1543307457.876684	3.196773	1.963142	1.995005
1.666668	470912.413563	4399039.008210	5.895482	-0.455098	5.877890	1543307457.978861	3.271586	1.987685	2.001150
1.674449	470912.380138	4399039.603163	5.936238	-0.513824	5.913959	1543307458.081292	3.206546	2.094795	2.010271
1.675132	470912.381230	4399040.241131	5.932382	-0.549317	5.906895	1543307458.184633	3.298423	1.966407	2.013326
1.659246	470912.277029	4399041.344849	6.021346	-0.543450	5.996772	1543307458.377037	3.331860	1.988843	2.029314
1.697078	470912.225220	4399041.971532	6.013847	-0.564963	5.987251	1543307458.478776	3.361861	2.097347	2.026550
1.699891	470912.200999	4399042.505486	6.026007	-0.498255	6.005373	1543307458.581784	3.379600	2.059890	2.028880
1.692317	470912.091725	4399043.136755	5.985821	-0.513087	5.963790	1543307458.685881	3.355439	2.073181	2.015057
1.654032	470912.078244	4399043.721073	5.919553	-0.479981	5.900061	1543307458.781484	3.365239	1.926278	1.989930
1.680075	470911.984802	4399044.309611	5.951900	-0.527954	5.928438	1543307458.880873	3.407987	2.076006	1.981551
1.655677	470911.928462	4399044.884324	5.924926	-0.517809	5.902256	1543307458.983479	3.279535	2.013404	2.061004
1.688064	470911.914584	4399045.487944	5.922844	-0.566785	5.895662	1543307459.080514	3.388860	2.079081	2.070551
1.708400	470911.852180	4399046.071025	5.883824	-0.639630	5.848953	1543307459.179810	3.426133	2.039654	1.991827
1.694057	470911.737919	4399046.663243	5.904138	-0.606513	5.872903	1543307459.286793	3.373853	1.865856	1.993791
1.701344	470911.778932	4399047.234283	5.913560	-0.532206	5.889563	1543307459.383580	3.369429	2.019099	1.986261
1.687915	470911.717070	4399047.877208	5.893096	-0.514714	5.870574	1543307459.479801	3.479664	2.041201	1.986794
1.716706	470911.697314	4399048.381785	5.903705	-0.496040	5.882829	1543307459.581688	3.385190	2.093307	1.981512
1.695856	470911.626986	4399048.928539	5.634586	-0.503834	5.612015	1543307459.689501	3.356253	2.035828	1.989246
1.688094	470911.566042	4399049.536079	5.625568	-0.557729	5.597853	1543307459.782673	3.405242	1.997236	1.995649
1.688811	470911.511996	4399050.047195	5.606797	-0.547436	5.580008	1543307459.889561	3.386889	2.031259	1.997211
1.683223	470911.474125	4399050.666859	5.597079	-0.487648	5.575796	1543307459.989193	3.401894	2.014266	1.993692
1.664164	470911.371820	4399051.204388	5.575264	-0.477565	5.554772	1543307460.082519	3.400228	2.065251	1.991482
1.685722	470911.353774	4399051.786815	5.557748	-0.469082	5.537917	1543307460.191119	3.402338	2.108353	1.993622
1.682934	470911.331702	4399052.319614	5.536381	-0.522126	5.511705	1543307460.288813	3.242210	1.992067	1.998958
1.681589	470911.315396	4399052.871755	5.459269	-0.436844	5.441763	1543307460.389928	3.390037	2.006229	1.998740
1.681563	470911.194854	4399053.484174	5.427438	-0.519193	5.402547	1543307460.478990	3.368816	2.064872	1.989269
1.656468	470911.052924	4399054.601844	5.334124	-0.482763	5.312232	1543307460.687302	3.319395	2.063888	2.069757
1.649197	470911.037319	4399055.232595	5.467987	-0.485564	5.446385	1543307460.789467	3.471910	1.859474	2.056206
1.661671	470911.031990	4399055.661407	5.657007	-0.475620	5.636977	1543307460.881526	3.213238	1.980133	2.039491
1.658726	470910.981409	4399056.169018	5.651611	-0.493101	5.630058	1543307460.990026	3.286436	1.993272	2.038248
1.688835	470910.935786	4399056.724963	5.216713	-0.463203	5.196108	1543307461.079826	3.301746	2.086846	2.040364
1.675229	470910.866850	4399057.337449	5.394772	-0.509942	5.370616	1543307461.189769	3.357169	1.899859	2.034935
1.649239	470910.772513	4399057.838824	5.330186	-0.469242	5.309491	1543307461.290298	3.402951	2.066095	2.033856
1.679855	470910.830959	4399058.448755	5.214680	-0.497577	5.190886	1543307461.391050	3.389049	1.994231	2.039554
1.687878	470910.780063	4399058.943392	5.146936	-0.529768	5.119599	1543307461.482315	3.331149	2.003512	2.042472
1.685387	470910.669405	4399059.474263	5.739415	-0.614679	5.706405	1543307461.587077	3.363147	1.837708	2.041401
1.697506	470910.628934	4399059.975883	5.568303	-0.594674	5.536458	1543307461.687273	3.386346	1.857326	2.038922
1.677881	470910.650148	4399060.544553	5.562897	-0.594258	5.531065	1543307461.795360	3.408183	1.946022	2.040053
1.673932	470910.625595	4399061.057232	5.228003	-0.551059	5.198879	1543307461.879236	3.348491	1.979933	2.025296
1.669287	470910.575214	4399061.590351	5.172442	-0.531537	5.145059	1543307461.988397	3.323421	1.968063	2.018654
1.668347	470910.527150	4399062.201129	5.142331	-0.518692	5.116105	1543307462.080946	3.499461	1.996907	2.012884
1.673204	470910.458290	4399062.626126	5.124957	-0.499572	5.100550	1543307462.191173	3.389907	1.955906	2.030292
1.684122	470910.436554	4399063.145400	5.098022	-0.524487	5.070971	1543307462.291997	3.379058	1.979488	2.033573
1.693134	470910.380112	4399063.658289	5.077763	-0.472315	5.055748	1543307462.391345	3.315841	2.051600	2.043411
1.680821	470910.304828	4399064.867152	5.256069	-0.453711	5.236450	1543307462.589075	3.651642	2.018383	2.059879
1.692609	470910.270097	4399065.256129	5.255876	-0.459980	5.235709	1543307462.690486	3.348563	2.012636	2.049457
1.684897	470910.217004	4399065.722129	5.183564	-0.471899	5.162039	1543307462.787413	3.317949	2.014212	2.046653
1.682193	470910.155117	4399066.309738	5.157854	-0.482898	5.135199	1543307462.880140	3.359327	2.007445	2.055175
1.675554	470910.086632	4399066.964578	5.373929	-0.473095	5.353064	1543307462.990749	3.692687	2.052562	2.054619
1.678385	470910.079564	4399067.401487	5.352331	-0.461928	5.332361	1543307463.081203	3.490237	2.052653	2.061275
1.686644	470910.004083	4399068.011441	5.329584	-0.479537	5.307966	1543307463.187512	3.520642	2.029023	2.065126
1.655796	470909.926719	4399068.441798	5.294414	-0.488071	5.271870	1543307463.279514	3.355441	1.982446	2.073781
1.670298	470909.939069	4399069.073166	5.275929	-0.427835	5.258553	1543307463.390178	3.512915	2.015294	1.994918
1.700575	470909.860673	4399069.524831	5.503527	-0.541879	5.476785	1543307463.486741	3.336538	2.101810	2.005292
1.688765	470909.789405	4399070.025752	5.462973	-0.576017	5.432521	1543307463.588550	3.312736	2.106849	1.999620
1.661703	470909.747125	4399070.531882	5.447621	-0.572016	5.417506	1543307463.681659	3.243843	1.996047	1.987454
1.678486	470909.737074	4399071.072613	5.338298	-0.565134	5.308300	1543307463.792639	3.355336	1.953353	2.071226
1.679278	470909.658472	4399071.648137	5.323781	-0.568103	5.293383	1543307463.878372	3.369688	1.996750	2.069072
1.673907	470909.637434	4399072.166307	5.304555	-0.500485	5.280891	1543307463.990228	3.307505	2.005357	2.064659
1.687397	470909.608724	4399072.738186	5.259823	-0.537014	5.232337	1543307464.080364	3.368407	2.017061	2.058663
1.661806	470909.510447	4399073.224263	5.295706	-0.521176	5.269998	1543307464.187794	3.425519	2.003549	2.000564
1.673161	470909.506663	4399073.764285	5.306649	-0.529539	5.280162	1543307464.287977	3.283995	2.007662	2.006819
1.671590	470909.432194	4399074.308825	5.282302	-0.531956	5.255448	1543307464.394656	3.304650	2.005915	2.027307
1.660281	470909.399226	4399074.820062	5.176746	-0.501541	5.152393	1543307464.479938	3.303131	2.015574	2.010860
1.695100	470909.391791	4399075.338100	5.180168	-0.550863	5.150795	1543307464.589757	3.355168	2.018913	1.999735
1.697799	470909.347466	4399075.925566	5.251748	-0.598432	5.217541	1543307464.680987	3.361579	2.014628	1.993237
1.691747	470909.324524	4399076.476453	5.359123	-0.537182	5.332132	1543307464.790582	3.467632	2.077747	1.995283
1.697636	470909.249904	4399076.984873	5.318424	-0.546249	5.290297	1543307464.884886	3.414094	2.031593	2.073534
1.705195	470909.210287	4399077.477879	5.332325	-0.609117	5.297421	1543307464.989345	3.336938	1.987858	2.068122
1.696562	470909.162175	4399078.060026	5.310792	-0.529363	5.284344	1543307465.079295	3.387567	2.043594	1.999851
1.665883	470909.073394	4399078.545686	5.291062	-0.550202	5.262377	1543307465.186579	3.394990	2.007553	1.999042
1.670552	470909.018820	4399079.101465	5.278919	-0.525585	5.252690	1543307465.289416	3.361471	1.996326	1.999469
1.675224	470908.981224	4399079.629341	5.285605	-0.534989	5.258461	1543307465.388461	3.397821	2.001367	1.998072
1.675079	470908.949949	4399080.167872	5.281956	-0.526038	5.255696	1543307465.489510	3.399883	1.979287	2.001762
1.659646	470908.862520	4399080.719012	5.285193	-0.504297	5.261079	1543307465.590642	3.319194	2.028087	1.997787
1.667096	470908.804336	4399081.402865	5.298622	-0.506865	5.274323	1543307465.690110	3.664111	2.007874	1.991314
1.657051	470908.739659	4399081.935171	5.258466	-0.483874	5.236156	1543307465.788251	3.665722	2.034721	1.997810
1.665310	470908.733356	4399082.256390	5.244526	-0.459197	5.224384	1543307465.885875	3.291224	2.038775	1.998902
1.646966	470908.656255	4399082.984906	5.233257	-0.424956	5.215974	1543307465.990735	3.677471	2.042200	1.996753
1.657043	470908.647774	4399083.345103	5.209352	-0.428856	5.191669	1543307466.088824	3.321954	2.044104	2.072805
1.675352	470908.609554	4399083.865877	5.202105	-0.444474	5.183082	1543307466.188307	3.287145	1.808789	2.070479
1.672001	470908.601384	4399084.458850	5.189324	-0.411789	5.172960	1543307466.290703	3.466279	2.001945	2.071702
1.677839	470908.565130	4399084.948228	5.450911	-0.486425	5.429164	1543307466.388814	3.359070	1.964692	2.070569
1.681951	470908.515194	4399085.463992	5.369135	-0.506881	5.345155	1543307466.487688	3.430943	1.989176	2.059445
1.668799	470908.489862	4399085.962801	5.375895	-0.513877	5.351278	1543307466.588852	3.248235	1.962025	2.055752
1.699832	470908.433665	4399086.498799	5.451342	-0.586447	5.419706	1543307466.687872	3.447802	2.027868	2.063259
1.661010	470908.318401	4399087.038069	5.447055	-0.550803	5.419135	1543307466.788143	3.442006	2.058820	2.064852
1.690525	470908.358597	4399087.560195	5.358284	-0.572780	5.327582	1543307466.889135	3.158890	2.031772	2.045531
1.693498	470908.322691	4399088.179891	5.300362	-0.524442	5.274353	1543307466.989103	3.313305	2.011293	2.042347
1.698854	470908.280515	4399088.737132	5.267244	-0.534029	5.240102	1543307467.091491	3.344265	2.032720	2.058675
1.682418	470908.213042	4399089.252427	5.488963	-0.576886	5.458563	1543307467.191217	3.324453	1.994881	2.060242
1.674985	470908.179843	4399089.687802	5.475717	-0.551125	5.447912	1543307467.288697	3.328510	1.991327	2.056325
1.696128	470908.106906	4399090.304477	5.443776	-0.536719	5.417253	1543307467.392954	3.335670	1.933368	2.060622
1.662784	470908.095179	4399090.783761	5.326475	-0.512344	5.301777	1543307467.490927	3.242609	1.969871	2.070220
1.666907	470908.002887	4399091.321650	5.376928	-0.516825	5.352032	1543307467.588105	3.234767	1.875806	1.983733
1.659681	470907.932891	4399091.906754	5.413403	-0.506035	5.389700	1543307467.687865	3.323623	2.085584	1.986683
1.671802	470907.952163	4399092.421750	5.434482	-0.481616	5.413099	1543307467.787721	3.301978	1.956850	1.991769
1.647649	470907.890311	4399092.978232	5.428037	-0.496610	5.405272	1543307467.887713	3.330021	1.928735	2.003947
1.642100	470907.837688	4399093.553234	5.447744	-0.456017	5.428624	1543307467.991181	3.393653	1.938210	2.007791
1.644205	470907.797696	4399094.085543	5.317480	-0.411336	5.301547	1543307468.088313	3.400624	1.947954	2.014500
1.646068	470907.782713	4399094.642144	5.315926	-0.431798	5.298360	1543307468.187349	3.511415	1.970377	2.018011
1.675910	470907.710438	4399095.089734	5.498407	-0.480944	5.477333	1543307468.287812	3.304668	1.922489	2.011956
1.668363	470907.694625	4399095.663656	5.547275	-0.501586	5.524552	1543307468.394020	3.293091	1.970650	2.007153
1.679099	470907.666325	4399096.176820	5.540450	-0.492282	5.518537	1543307468.487665	3.426503	1.999222	2.004017
1.676069	470907.576102	4399096.772546	5.535235	-0.446694	5.517181	1543307468.590679	3.404025	2.068018	2.003727
1.682677	470907.563762	4399097.295701	5.519035	-0.469166	5.499057	1543307468.690026	3.421221	1.999250	2.002300
1.665156	470907.505845	4399097.848008	5.523059	-0.487769	5.501478	1543307468.791638	3.458369	2.034201	1.997663
1.683465	470907.467877	4399098.338367	5.478579	-0.472191	5.458193	1543307468.886508	3.319723	2.030405	1.993073
1.661173	470907.440614	4399098.926887	5.413213	-0.402592	5.398221	1543307468.990715	3.335963	1.979477	1.993122
1.691181	470907.349990	4399099.484559	5.398167	-0.492344	5.375668	1543307469.090034	3.388773	1.901348	1.998281
1.676072	470907.298412	4399100.031264	5.352427	-0.464680	5.332218	1543307469.190144	3.379415	2.033693	2.002155
1.660428	470907.188011	4399101.071310	5.284933	-0.459212	5.264945	1543307469.389428	3.373061	2.054572	1.992921
1.688881	470907.201815	4399101.609957	5.288022	-0.486736	5.265574	1543307469.488824	3.412959	2.036263	1.991211
1.684191	470907.171140	4399102.104248	5.292675	-0.489146	5.270023	1543307469.591073	3.341655	2.071297	1.987867
1.678748	470907.098250	4399102.706508	5.438877	-0.498428	5.415991	1543307469.690318	3.323818	2.053487	1.988180
1.681044	470907.066990	4399103.268802	5.520759	-0.542551	5.494034	1543307469.788661	3.324070	2.064676	1.981852
1.695580	470907.046677	4399103.765016	5.464546	-0.503742	5.441278	1543307469.888947	3.249135	2.061410	1.972703
1.666592	470907.004351	4399104.288624	5.323123	-0.426377	5.306019	1543307469.991798	3.220101	2.002134	1.980457
1.681889	470906.930844	4399105.369112	5.333538	-0.463362	5.313372	1543307470.191228	3.244763	2.007316	1.990069
1.701561	470906.865428	4399105.884612	5.543100	-0.560143	5.514725	1543307470.289562	3.237868	2.029866	1.976195
1.684545	470906.826815	4399106.432409	5.518910	-0.582576	5.488075	1543307470.387294	3.251315	2.038834	1.977149
1.654290	470906.762721	4399106.996165	5.520050	-0.538211	5.493750	1543307470.489450	3.306724	1.985424	1.984360
1.667555	470906.715445	4399107.450357	5.346183	-0.502316	5.322533	1543307470.589577	3.315495	1.991192	1.984032
1.662374	470906.679379	4399108.040711	5.269900	-0.490042	5.247066	1543307470.688442	3.342738	1.996007	1.983123
1.690833	470906.678484	4399108.516775	5.263326	-0.502991	5.239237	1543307470.788353	3.252194	2.008945	1.991709
1.654961	470906.598845	4399109.052047	5.273877	-0.481730	5.251830	1543307470.891390	3.367337	2.064764	1.999696
1.652161	470906.543267	4399109.575158	5.190612	-0.454697	5.170658	1543307470.994308	3.308906	2.018123	2.002134
1.659503	470906.501979	4399110.080647	5.206506	-0.458117	5.186312	1543307471.086265	3.263724	2.075553	2.000451
1.674464	470906.459958	4399111.125576	5.239195	-0.486962	5.216516	1543307471.290819	3.247052	2.025946	2.002822
1.650086	470906.429413	4399111.652657	5.193198	-0.456399	5.173104	1543307471.399264	3.262699	2.002852	2.007646
1.682784	470906.403035	4399112.176990	5.190829	-0.502255	5.166473	1543307471.490346	3.232090	2.041635	2.014850
1.680146	470906.393907	4399112.694048	5.192236	-0.505912	5.167530	1543307471.600260	3.270255	2.020760	2.013880
1.680369	470906.313507	4399113.213388	5.332513	-0.542545	5.304842	1543307471.689668	3.256670	2.046240	2.014588
1.698257	470906.292260	4399113.754171	5.119456	-0.495628	5.095408	1543307471.803142	3.216172	2.008336	2.020681
1.685471	470906.230627	4399114.293833	5.135831	-0.530609	5.108347	1543307471.888564	3.308307	2.065906	2.027707
1.696175	470906.236585	4399114.798594	5.152216	-0.572454	5.120315	1543307471.998673	3.278403	2.038922	2.029428
1.683126	470906.180818	4399115.264454	5.244680	-0.462009	5.224291	1543307472.088860	3.285237	2.034609	2.023971
1.690813	470906.143381	4399115.780737	5.193142	-0.515650	5.167478	1543307472.200186	3.284863	2.038649	2.025101
1.689245	470906.099684	4399116.327198	5.209559	-0.505566	5.184970	1543307472.289517	3.230555	2.067815	2.022259
1.688934	470906.074318	4399116.856231	5.219479	-0.490596	5.196371	1543307472.400184	3.250696	2.068483	2.026940
1.696815	470906.010459	4399117.372709	5.311559	-0.560061	5.281950	1543307472.486479	3.275275	2.079138	2.031309
1.688059	470905.981930	4399117.879001	5.084938	-0.556828	5.054358	1543307472.596573	3.259221	2.019892	2.034817
1.688979	470905.955910	4399118.394410	5.105629	-0.574696	5.073182	1543307472.686139	3.265379	2.037661	2.032621
1.695801	470905.905682	4399118.914043	5.154581	-0.603624	5.119115	1543307472.801482	3.278856	2.068317	2.037928
1.699335	470905.886208	4399119.438554	5.199126	-0.630101	5.160803	1543307472.897969	3.291651	2.087539	2.039569
1.685585	470905.813449	4399119.924818	5.202060	-0.618694	5.165138	1543307473.007526	3.261913	2.070014	2.026554
1.695925	470905.757173	4399120.426407	5.248070	-0.634772	5.209540	1543307473.096565	3.258316	2.016356	2.011173
1.677895	470905.675572	4399121.424671	5.055441	-0.599274	5.019796	1543307473.297945	3.259257	1.968085	2.002587
1.701333	470905.636452	4399121.958756	5.118555	-0.628695	5.079798	1543307473.402140	3.296429	1.990601	2.002068
1.678991	470905.608386	4399122.419626	5.107853	-0.536264	5.079624	1543307473.502546	3.257124	1.995868	2.011548
1.661139	470905.544358	4399123.488914	5.247814	-0.541252	5.219828	1543307473.700687	3.269986	1.981237	2.028003
1.651826	470905.422295	4399123.972387	5.273109	-0.501222	5.249234	1543307473.801563	3.252761	2.047961	2.029197
1.654075	470905.447721	4399124.486264	5.286484	-0.479984	5.264649	1543307473.889946	3.312066	1.957993	2.023460
1.703424	470905.424809	4399124.987207	5.220607	-0.433214	5.202602	1543307473.999222	3.261261	2.064564	2.022954
1.641747	470905.334517	4399125.525783	5.041712	-0.395627	5.026165	1543307474.087167	3.323259	1.974507	2.017918
1.648542	470905.313373	4399126.023100	5.196480	-0.406280	5.180573	1543307474.199227	3.274334	1.944073	2.018629
1.643430	470905.195383	4399126.488923	5.154266	-0.392634	5.139290	1543307474.285760	3.208640	2.083710	2.018816
1.632448	470905.197520	4399127.026273	5.126002	-0.380987	5.111824	1543307474.398850	3.310629	1.967440	2.014083
1.627435	470905.088805	4399127.549934	5.158342	-0.349382	5.146497	1543307474.488919	3.332224	2.104078	2.006159
1.628543	470905.125738	4399128.009314	5.099167	-0.338186	5.087940	1543307474.599455	3.177830	1.974172	2.017537
1.641156	470905.056542	4399128.581302	5.172692	-0.350346	5.160814	1543307474.687886	3.292352	2.063050	2.030488
1.669350	470905.013906	4399129.601075	5.178459	-0.335276	5.167594	1543307474.888724	3.219205	2.054895	2.028802
1.648746	470904.926140	4399130.102230	5.229840	-0.363601	5.217185	1543307474.998021	3.199860	2.080096	2.032067
1.639143	470904.911012	4399130.664990	5.237472	-0.348031	5.225895	1543307475.086725	3.291947	2.045477	2.027158
1.657139	470904.859896	4399131.203256	5.277794	-0.383969	5.263809	1543307475.199311	3.306884	2.098116	2.019866
1.677890	470904.869312	4399131.735374	5.273611	-0.355161	5.261638	1543307475.291483	3.325920	2.033427	2.020709
1.655668	470904.783693	4399132.249530	5.293688	-0.387432	5.279491	1543307475.398899	3.319192	2.087804	2.031589
1.639445	470904.643893	4399133.246726	5.320523	-0.386348	5.306477	1543307475.599469	3.269783	1.973020	2.034698
1.652310	470904.665692	4399133.794835	5.333835	-0.404661	5.318463	1543307475.689435	3.225351	2.066895	2.017198
1.672186	470904.608998	4399134.344013	5.342660	-0.454450	5.323298	1543307475.799700	3.297745	1.842358	2.005152
1.691988	470904.625607	4399134.877510	5.352193	-0.407373	5.336667	1543307475.892530	3.331462	2.110325	2.002809
1.654788	470904.534689	4399135.335358	5.123921	-0.404586	5.107923	1543307475.998046	3.209268	2.045200	1.989060
1.660701	470904.509550	4399135.887450	5.137379	-0.428173	5.119505	1543307476.087051	3.254806	2.046781	2.068298
1.646127	470904.446447	4399136.362682	5.156772	-0.462531	5.135987	1543307476.201794	3.181963	2.031685	1.977041
1.701137	470904.465306	4399136.931918	5.169381	-0.430271	5.151443	1543307476.287294	3.386698	2.108664	1.993783
1.665719	470904.386918	4399137.443865	5.290919	-0.449907	5.271755	1543307476.398877	3.428282	2.074486	1.986239
1.633597	470904.280457	4399137.962702	5.322451	-0.407988	5.306791	1543307476.492246	3.385711	2.094051	1.986402
1.648067	470904.313028	4399138.613898	5.316681	-0.408318	5.300978	1543307476.600443	3.577817	1.960737	2.015909
1.666148	470904.258663	4399139.021216	5.323974	-0.421976	5.307225	1543307476.698306	3.381841	1.961592	2.017619
1.689945	470904.204884	4399139.546666	5.284174	-0.493499	5.261079	1543307476.801120	3.398453	1.949169	2.009277
1.661597	470904.133641	4399140.054105	5.289760	-0.489002	5.267109	1543307476.897881	3.317286	2.032567	2.002293
1.689459	470904.172276	4399140.630480	5.293859	-0.420449	5.277136	1543307476.998282	3.359758	2.008024	2.002915
1.661206	470904.073742	4399141.078396	5.196601	-0.404536	5.180831	1543307477.097655	3.366920	2.003843	2.009025
1.694273	470904.077821	4399141.668479	5.146882	-0.415457	5.130087	1543307477.198947	3.404901	2.069870	2.010198
1.685626	470904.027863	4399142.162667	5.392216	-0.500762	5.368913	1543307477.299526	3.451781	2.018590	2.002204
1.687099	470903.983903	4399142.695206	5.405151	-0.471993	5.384503	1543307477.407488	3.399153	2.039399	2.005154
1.675424	470903.937279	4399143.294714	5.379466	-0.502592	5.355937	1543307477.500633	3.508823	2.010886	1.989519
1.681460	470903.934411	4399143.739595	5.215359	-0.482222	5.193017	1543307477.601746	3.396787	2.012220	2.068764
1.697044	470903.868137	4399144.284738	5.175981	-0.541144	5.147615	1543307477.701013	3.433855	2.035261	2.058040
1.681948	470903.806603	4399144.837633	5.176355	-0.489843	5.153126	1543307477.801391	3.398670	2.058712	2.073536
1.701674	470903.739024	4399145.358093	5.248948	-0.473219	5.227573	1543307477.901038	3.424582	1.918270	2.059325
1.709466	470903.769684	4399145.890515	5.320978	-0.446525	5.302209	1543307478.000407	3.310558	2.075475	2.054224
1.718723	470903.639937	4399146.448659	5.138390	-0.449335	5.118706	1543307478.102632	3.386398	1.959050	2.058065
1.672872	470903.594187	4399146.921923	5.308667	-0.408042	5.292962	1543307478.201297	3.272878	1.846638	2.050934
1.676621	470903.599498	4399147.485470	5.340938	-0.468739	5.320329	1543307478.300388	3.391389	2.131708	2.056582
1.667543	470903.472443	4399147.961312	5.311715	-0.483365	5.289676	1543307478.402108	3.296155	1.893007	2.051770
1.677877	470903.447334	4399148.550729	5.225394	-0.448210	5.206136	1543307478.501262	3.370238	1.869339	2.049798
1.681114	470903.448655	4399149.569451	5.184791	-0.394647	5.169750	1543307478.704100	3.358874	2.135242	2.057293
1.678576	470903.365860	4399150.534676	4.887692	-0.437911	4.868035	1543307478.901240	3.413404	2.043560	2.065104
1.680227	470903.330058	4399150.977462	4.856353	-0.469299	4.833624	1543307479.003533	3.310207	2.054718	2.068920
1.658673	470903.236668	4399151.414862	4.790025	-0.448554	4.768977	1543307479.105632	3.356972	2.050134	2.064255
1.612117	470903.135472	4399151.859343	4.512712	-0.350301	4.499095	1543307479.202178	3.364218	2.038635	2.059916
1.653445	470903.189177	4399152.313225	4.479846	-0.355246	4.465739	1543307479.307857	3.322683	1.979898	2.049097
1.636597	470903.093444	4399152.704972	4.133858	-0.336998	4.120099	1543307479.404855	3.372250	2.005508	2.048364
1.632669	470903.080047	4399153.104161	3.824573	-0.287973	3.813716	1543307479.499091	3.382266	2.059097	2.050138
1.635393	470903.056978	4399153.518067	3.752716	-0.268552	3.743095	1543307479.602731	3.407251	1.994208	2.036546
1.703191	470903.114822	4399153.866528	3.427109	-0.297675	3.414156	1543307479.700612	3.434729	2.064420	2.024752
1.687789	470903.071833	4399154.147452	3.016309	-0.290695	3.002269	1543307479.800427	3.315585	2.011099	2.028874
1.667504	470903.025165	4399154.474273	2.911384	-0.280914	2.897800	1543307479.899925	3.396805	1.982616	2.025362
1.688423	470903.030517	4399154.708072	2.581286	-0.203551	2.573248	1543307480.000784	3.340698	2.033584	2.009074
1.646813	470902.964951	4399154.946014	2.371234	-0.184879	2.364016	1543307480.099544	3.343921	2.010442	2.070441
1.690085	470903.028065	4399155.193116	2.045166	-0.182150	2.037039	1543307480.202222	3.403060	2.042601	2.064778
1.671479	470902.968594	4399155.497423	1.962966	-0.181276	1.954578	1543307480.301487	3.471912	2.008904	2.069611
1.634216	470902.945195	4399155.515792	1.595468	-0.146289	1.588748	1543307480.401051	3.294582	1.926529	2.069936
1.666697	470902.964099	4399155.702666	1.546837	-0.145301	1.539997	1543307480.503040	3.363487	1.970978	2.084000
1.642088	470902.879619	4399155.798784	1.244398	-0.136835	1.236852	1543307480.601228	3.374829	2.068531	2.012632
1.661924	470902.946455	4399155.880905	0.891746	-0.096450	0.886515	1543307480.700408	3.301468	2.029146	2.017338
1.662920	470902.953635	4399155.957419	0.588456	-0.063116	0.585061	1543307480.800348	3.264230	1.993771	2.015469
1.650048	470902.880929	4399155.971330	0.539222	-0.054891	0.536421	1543307480.898842	3.391752	2.052044	2.025461
1.665816	470902.934811	4399155.994235	0.539401	-0.055591	0.536529	1543307481.002496	3.379343	2.026803	2.025365
1.647294	470902.929886	4399156.034195	0.432139	-0.041779	0.430114	1543307481.099443	3.311337	1.999863	2.021625
1.677582	470902.931291	4399156.047629	0.000000	0.000000	0.000000	1543307481.198936	3.518246	2.116101	2.020614
1.678517	470902.937765	4399156.050913	0.000000	0.000000	0.000000	1543307481.302396	3.423011	2.128668	2.020794
1.658883	470902.896099	4399156.157966	0.000000	0.000000	0.000000	1543307481.401021	3.668161	2.000785	2.021162
1.646551	470902.889207	4399156.085045	0.000000	0.000000	0.000000	1543307481.500694	3.496069	2.071258	2.069176
1.663127	470902.928696	4399156.029219	0.000000	0.000000	0.000000	1543307481.602307	3.456665	1.999725	2.067558
1.643891	470902.844769	4399156.065782	0.000000	0.000000	0.000000	1543307481.700141	3.522060	2.057079	2.067576
1.662310	470902.928522	4399155.979657	0.000000	0.000000	0.000000	1543307481.800735	3.326157	1.975927	2.062796
1.679337	470902.927714	4399156.032309	0.000000	0.000000	0.000000	1543307481.899214	3.447797	2.061814	2.060988
1.677887	470902.892465	4399156.162777	0.000000	0.000000	0.000000	1543307482.002043	3.758203	2.068876	2.058419
1.647398	470902.852154	4399156.055746	0.000000	0.000000	0.000000	1543307482.103165	3.450748	2.061553	2.057095
1.656383	470902.928293	4399156.069882	0.000000	0.000000	0.000000	1543307482.204146	3.480687	2.042111	2.067889
1.664868	470902.912948	4399156.133954	0.000000	0.000000	0.000000	1543307482.302383	3.613916	2.115018	2.063475
1.668006	470902.911547	4399155.977327	0.000000	0.000000	0.000000	1543307482.404313	3.304107	2.032617	2.056864
1.639292	470902.851971	4399156.002679	0.000000	0.000000	0.000000	1543307482.499983	3.373236	2.064929	2.054652
1.656429	470902.893248	4399156.143464	0.000000	0.000000	0.000000	1543307482.599384	3.612957	2.042729	2.055899
1.624785	470902.864373	4399156.125063	0.000000	0.000000	0.000000	1543307482.698324	3.731608	2.010891	2.052823
1.642255	470902.870122	4399156.128441	0.000000	0.000000	0.000000	1543307482.803197	3.502591	2.073636	2.116595
1.642528	470902.851931	4399156.106855	0.000000	0.000000	0.000000	1543307482.899891	3.547373	2.104422	2.051945
1.628666	470902.873905	4399156.117682	0.000000	0.000000	0.000000	1543307483.000297	3.637416	2.065847	2.053172
1.649275	470902.907921	4399156.137681	0.000000	0.000000	0.000000	1543307483.098631	3.613485	2.159873	2.052094
1.663677	470902.913508	4399156.044453	0.000000	0.000000	0.000000	1543307483.198452	3.506981	2.120053	2.050767
1.672930	470902.916046	4399156.054878	0.000000	0.000000	0.000000	1543307483.299421	3.470400	2.103976	2.050908
1.682620	470902.948244	4399156.033557	0.000000	0.000000	0.000000	1543307483.405228	3.399411	2.064131	2.049299
1.644097	470902.907443	4399156.150268	0.000000	0.000000	0.000000	1543307483.601146	3.621623	2.096528	2.048137
1.650225	470902.912411	4399156.157029	0.000000	0.000000	0.000000	1543307483.702045	3.638400	2.072101	2.049956
1.643278	470902.891651	4399156.164233	0.000000	0.000000	0.000000	1543307483.802957	3.656940	2.085165	2.049641
1.650154	470902.904044	4399156.155972	0.000000	0.000000	0.000000	1543307483.902000	3.608375	2.106840	2.050408
1.649665	470902.899684	4399156.187101	0.000000	0.000000	0.000000	1543307484.002675	3.669801	2.100787	2.052416
1.649035	470902.888999	4399156.128216	0.000000	0.000000	0.000000	1543307484.106800	3.548168	2.122532	2.068384
1.660533	470902.935849	4399156.177602	0.000000	0.000000	0.000000	1543307484.202635	3.622012	2.059240	2.047995
1.652456	470902.902396	4399156.177386	0.000000	0.000000	0.000000	1543307484.302795	3.639486	2.058280	2.047215
1.656958	470902.899497	4399156.106632	0.000000	0.000000	0.000000	1543307484.404895	3.537190	2.106467	2.041515
1.652787	470902.889150	4399156.095082	0.000000	0.000000	0.000000	1543307484.500927	3.468761	2.113180	2.041266
1.663057	470902.921044	4399156.167555	0.000000	0.000000	0.000000	1543307484.601408	3.603037	2.071404	2.045686
1.659974	470902.903417	4399156.080696	0.000000	0.000000	0.000000	1543307484.701109	3.440842	2.108193	2.044022
1.655444	470902.898374	4399156.096293	0.000000	0.000000	0.000000	1543307484.799897	3.479206	2.111520	2.043963
1.651073	470902.899379	4399156.184119	0.000000	0.000000	0.000000	1543307484.903308	3.639190	2.096141	2.042255
1.660876	470902.901413	4399156.181120	0.000000	0.000000	0.000000	1543307485.001142	3.624097	2.066092	2.044618
1.658055	470902.897496	4399156.078709	0.000000	0.000000	0.000000	1543307485.099029	3.427516	2.106006	2.042028
