front	position-x	position-y	speed	speed-x	speed-y	timestamp	v-x	v-y	v-z
0.096345	470908.005329	4399061.847801	0.000000	0.000000	0.000000	1543457700.979198	0.470000	0.470000	0.800000
0.096103	470907.960941	4399062.398361	0.000000	0.000000	0.000000	1543457701.077141	0.470000	0.470000	0.800000
0.095730	470907.809137	4399064.179345	0.000000	0.000000	0.000000	1543457701.275692	0.470000	0.470000	0.800000
0.095421	470907.956997	4399062.675422	0.000000	0.000000	0.000000	1543457701.379621	0.470000	0.470000	0.800000
0.095343	470908.071121	4399061.521897	0.000000	0.000000	0.000000	1543457701.468360	0.470000	0.470000	0.800000
0.095165	470908.350554	4399058.849218	0.000000	0.000000	0.000000	1543457701.578238	0.470000	0.470000	0.800000
0.095077	470908.701920	4399055.563619	0.000000	0.000000	0.000000	1543457701.679995	0.470000	0.470000	0.800000
0.095056	470908.752292	4399055.080000	0.000000	0.000000	0.000000	1543457701.780809	0.470000	0.470000	0.800000
0.095015	470908.849217	4399054.162491	0.000000	0.000000	0.000000	1543457701.876787	0.470000	0.470000	0.800000
0.094962	470909.003172	4399052.677224	0.000000	0.000000	0.000000	1543457701.981273	0.470000	0.470000	0.800000
0.094963	470909.193486	4399050.782437	0.000000	0.000000	0.000000	1543457702.069666	0.470000	0.470000	0.800000
0.094946	470909.333835	4399049.377256	0.000000	0.000000	0.000000	1543457702.177261	0.470000	0.470000	0.800000
0.094927	470909.549449	4399047.310630	0.000000	0.000000	0.000000	1543457702.276975	0.470000	0.470000	0.800000
0.094923	470909.560329	4399047.282128	0.000000	0.000000	0.000000	1543457702.381770	0.470000	0.470000	0.800000
0.094968	470909.539815	4399047.570013	0.000000	0.000000	0.000000	1543457702.469228	0.470000	0.470000	0.800000
0.094996	470909.466051	4399048.420790	0.000000	0.000000	0.000000	1543457702.579595	0.470000	0.470000	0.800000
-3.070449	470907.775645	4399065.765528	0.000000	0.000000	0.000000	1543457702.782322	0.733174	0.526545	0.010000
-2.393077	470907.666862	4399065.659199	0.000000	0.000000	0.000000	1543457702.872627	0.905812	0.049208	0.010000
-2.393077	470907.666862	4399065.659199	0.000000	0.000000	0.000000	1543457703.068650	0.905812	0.049208	0.010000
-3.070341	470907.622407	4399065.672043	0.000000	0.000000	0.000000	1543457703.181617	0.688632	0.579155	0.010000
-3.070341	470907.622407	4399065.672043	0.000000	0.000000	0.000000	1543457703.278888	0.688632	0.579155	0.010000
1.214784	470907.687788	4399065.606301	0.000000	0.000000	0.000000	1543457703.387374	0.924807	0.616350	0.010000
1.209482	470907.571521	4399065.572753	0.000000	0.000000	0.000000	1543457703.471179	0.908434	0.604362	0.010000
1.201180	470907.626549	4399065.655065	0.000000	0.000000	0.000000	1543457703.579947	1.038258	0.516736	0.010000
1.206963	470907.705401	4399065.529407	0.417166	0.293841	-0.296116	1543457703.672745	1.030394	0.508338	0.010586
1.212187	470907.778466	4399065.477815	0.000000	0.000000	0.000000	1543457703.872556	0.938408	0.526968	0.010039
1.212187	470907.778466	4399065.477815	0.000000	0.000000	0.000000	1543457703.975939	0.938408	0.526968	0.010039
1.225117	470907.735863	4399065.450995	0.000000	0.000000	0.000000	1543457704.070688	0.910914	0.516607	0.010266
1.210804	470907.589178	4399065.394014	0.000000	0.000000	0.000000	1543457704.181778	0.805482	0.406631	0.010000
1.238501	470907.682533	4399065.449639	0.000000	0.000000	0.000000	1543457704.271899	0.916070	0.490519	0.011108
1.238501	470907.682533	4399065.449639	0.000000	0.000000	0.000000	1543457704.377750	0.916070	0.490519	0.011108
1.292775	470907.768408	4399065.507846	0.000000	0.000000	0.000000	1543457704.471644	0.818172	0.413121	0.013060
1.331182	470907.380952	4399065.122424	0.000000	0.000000	0.000000	1543457704.584191	0.010000	0.010000	0.013093
1.331182	470907.380952	4399065.122424	0.000000	0.000000	0.000000	1543457704.669553	0.010000	0.010000	0.013093
1.361278	470907.630523	4399065.467095	0.000000	0.000000	0.000000	1543457704.778482	0.968153	0.830262	0.010000
1.401986	470907.726620	4399065.489611	0.000000	0.000000	0.000000	1543457704.879766	0.737035	0.569325	0.377063
1.427347	470907.771093	4399065.519870	0.000000	0.000000	0.000000	1543457704.980421	0.903527	0.744117	0.377449
1.464493	470907.816474	4399065.531481	0.000000	0.000000	0.000000	1543457705.088279	0.859555	0.762181	0.370973
1.478436	470907.759649	4399065.539804	0.000000	0.000000	0.000000	1543457705.178698	0.838372	0.756853	0.364214
1.512238	470907.680866	4399065.493382	0.000000	0.000000	0.000000	1543457705.271831	0.941830	1.045072	0.357801
2.149434	470907.661188	4399065.485885	0.000000	0.000000	0.000000	1543457705.379836	0.172908	1.188368	0.350482
2.173714	470907.717215	4399065.509207	0.000000	0.000000	0.000000	1543457705.490139	0.161204	1.031835	0.343378
2.134597	470907.638872	4399065.468148	0.000000	0.000000	0.000000	1543457705.583432	0.184941	1.143789	0.335754
2.110771	470907.710522	4399065.466468	0.000000	0.000000	0.000000	1543457705.679288	0.259490	1.149139	0.327041
2.086499	470907.679225	4399065.498829	0.000000	0.000000	0.000000	1543457705.779257	0.215897	1.306294	0.321861
2.057684	470907.680689	4399065.528453	0.000000	0.000000	0.000000	1543457705.882680	0.305264	1.108986	0.613276
2.036432	470907.666551	4399065.546100	0.000000	0.000000	0.000000	1543457705.982008	0.317043	1.254353	0.595117
2.013891	470907.636053	4399065.466285	0.000000	0.000000	0.000000	1543457706.079062	0.424257	1.238527	0.584037
1.967623	470907.677215	4399065.527357	0.000000	0.000000	0.000000	1543457706.178500	0.452424	1.125268	0.565507
2.042791	470907.691018	4399065.522990	0.000000	0.000000	0.000000	1543457706.278200	0.291537	1.133897	0.284554
2.015949	470907.680568	4399065.524859	0.000000	0.000000	0.000000	1543457706.381343	0.347225	1.115020	0.278785
1.978691	470907.699682	4399065.543874	0.000000	0.000000	0.000000	1543457706.479288	0.422347	1.002837	0.567165
1.971103	470907.648294	4399065.504960	0.000000	0.000000	0.000000	1543457706.582746	0.422661	1.179010	0.550671
1.952036	470907.614799	4399065.478994	0.000000	0.000000	0.000000	1543457706.680920	0.488216	1.158545	0.537204
1.943875	470907.701685	4399065.532242	0.000000	0.000000	0.000000	1543457706.779703	0.518297	1.249741	0.523067
1.927070	470907.682068	4399065.539667	0.000000	0.000000	0.000000	1543457706.883034	0.481614	1.156658	0.713304
1.911766	470907.664012	4399065.549986	0.000000	0.000000	0.000000	1543457706.982117	0.522113	1.013318	0.479209
1.898076	470907.691032	4399065.552916	0.000000	0.000000	0.000000	1543457707.085310	0.544665	1.202538	0.463166
1.892159	470907.678467	4399065.553557	0.000000	0.000000	0.000000	1543457707.180134	0.533148	1.208740	0.449374
1.883634	470907.626839	4399065.523284	0.000000	0.000000	0.000000	1543457707.290678	0.552911	1.142961	0.438075
1.860637	470907.672501	4399065.521510	0.000000	0.000000	0.000000	1543457707.383310	0.518018	1.081578	0.427653
1.835672	470907.678781	4399065.583433	0.000000	0.000000	0.000000	1543457707.480341	0.658391	1.135421	0.651760
1.828988	470907.668499	4399065.543608	0.000000	0.000000	0.000000	1543457707.578579	0.646673	1.086457	0.627293
1.791025	470907.639841	4399065.582672	0.000000	0.000000	0.000000	1543457707.687698	0.732136	1.121460	0.594200
1.848944	470907.710896	4399065.579778	0.000000	0.000000	0.000000	1543457707.779712	0.591662	1.348583	0.570114
1.843069	470907.639688	4399065.535324	0.000000	0.000000	0.000000	1543457707.877134	0.684243	1.164737	0.547691
1.868719	470907.650789	4399065.550373	0.000000	0.000000	0.000000	1543457707.980535	0.587265	1.172947	0.525844
1.807779	470907.630648	4399065.564882	0.000000	0.000000	0.000000	1543457708.078306	0.865976	1.123422	0.668159
1.768129	470907.625708	4399065.543178	0.000000	0.000000	0.000000	1543457708.180082	0.771853	1.099402	0.659037
1.830763	470907.639183	4399065.533648	0.000000	0.000000	0.000000	1543457708.281111	0.682280	1.091778	0.653657
1.882958	470907.634218	4399065.549493	0.000000	0.000000	0.000000	1543457708.386871	0.637344	1.109368	0.719244
1.934539	470907.632731	4399065.556604	0.000000	0.000000	0.000000	1543457708.581573	0.647926	1.177435	0.651487
2.000154	470907.615039	4399065.538149	0.000000	0.000000	0.000000	1543457708.685899	0.599067	1.178876	0.630264
0.081985	470907.621835	4399065.630689	0.000000	0.000000	0.000000	1543457708.881298	1.035631	0.936137	0.668329
-0.294447	470907.644228	4399065.647681	0.000000	0.000000	0.000000	1543457708.979745	0.742805	1.250024	0.705014
0.162129	470907.609798	4399065.673313	0.000000	0.000000	0.000000	1543457709.077263	1.067191	0.891708	0.685680
-0.230461	470907.644653	4399065.673417	0.000000	0.000000	0.000000	1543457709.181624	0.779106	1.131513	0.725417
-0.075432	470907.634168	4399065.704564	0.000000	0.000000	0.000000	1543457709.283675	0.883192	1.051039	0.723915
-0.308435	470907.645075	4399065.737314	0.000000	0.000000	0.000000	1543457709.381238	0.723020	1.180065	0.728273
-0.073128	470907.627620	4399065.766157	0.000000	0.000000	0.000000	1543457709.482867	0.899877	1.045877	0.668539
-0.088471	470907.614296	4399065.766102	0.000000	0.000000	0.000000	1543457709.579170	0.890749	1.059943	0.717074
-0.138569	470907.606329	4399065.775400	0.000000	0.000000	0.000000	1543457709.680839	0.849276	1.077549	0.730053
-0.077475	470907.612760	4399065.777953	0.000000	0.000000	0.000000	1543457709.782399	0.892471	1.101433	0.726800
-0.601589	470907.630208	4399065.777452	0.000000	0.000000	0.000000	1543457709.878398	0.470780	1.330415	0.724793
-0.190454	470907.643318	4399065.797051	0.000000	0.000000	0.000000	1543457709.981991	0.823343	1.195261	0.723052
2.182623	470907.648341	4399065.740725	0.000000	0.000000	0.000000	1543457710.080355	0.437765	1.299019	0.710786
0.019403	470907.596300	4399065.790055	0.000000	0.000000	0.000000	1543457710.183265	0.983626	1.019440	0.720550
0.923450	470907.640206	4399065.791835	0.000000	0.000000	0.000000	1543457710.284583	1.353961	0.373810	0.718652
-0.656497	470907.562365	4399065.829258	0.000000	0.000000	0.000000	1543457710.380820	0.641338	1.310636	0.740007
-0.477775	470907.635449	4399065.798779	0.000000	0.000000	0.000000	1543457710.480609	0.704196	1.273841	0.552340
2.328423	470907.558558	4399065.860262	0.000000	0.000000	0.000000	1543457710.585209	0.402313	1.311549	0.404707
1.263146	470907.493019	4399065.777968	0.000000	0.000000	0.000000	1543457710.682482	1.061845	0.506404	0.234881
1.417601	470907.370867	4399065.639142	0.000000	0.000000	0.000000	1543457710.779997	0.675694	0.397053	0.230380
2.353106	470907.448181	4399065.651403	0.000000	0.000000	0.000000	1543457710.891047	0.244571	0.823031	0.289884
-0.328251	470907.597871	4399065.865719	0.000000	0.000000	0.000000	1543457711.190389	0.695516	1.143325	0.738256
-0.612992	470907.621141	4399065.837268	0.000000	0.000000	0.000000	1543457711.288632	0.424818	1.231786	0.738603
0.880928	470907.619254	4399065.822901	0.000000	0.000000	0.000000	1543457711.390074	1.338340	0.379281	0.722039
-0.520147	470907.669917	4399065.794663	0.000000	0.000000	0.000000	1543457711.477396	0.706285	1.259474	0.728606
0.410181	470907.576590	4399065.858278	0.000000	0.000000	0.000000	1543457711.592141	1.230548	0.612734	0.723285
-0.157663	470907.595939	4399065.842164	0.000000	0.000000	0.000000	1543457711.679414	0.845260	1.066842	0.742502
-0.541223	470907.594884	4399065.825261	0.000000	0.000000	0.000000	1543457711.791207	0.492750	1.240071	0.730717
-0.291928	470907.600538	4399065.826862	0.000000	0.000000	0.000000	1543457711.878956	0.723311	1.120546	0.718806
-0.343623	470907.583767	4399065.828088	0.000000	0.000000	0.000000	1543457711.991853	0.657855	1.153641	0.723997
-0.234474	470907.594763	4399065.808298	0.000000	0.000000	0.000000	1543457712.195027	0.806955	1.082923	0.716726
-0.382571	470907.579506	4399065.831051	0.000000	0.000000	0.000000	1543457712.278569	0.647190	1.192329	0.718578
-0.426626	470907.567563	4399065.819207	0.000000	0.000000	0.000000	1543457712.389151	0.629788	1.241908	0.721692
-0.080058	470907.545424	4399065.820577	0.000000	0.000000	0.000000	1543457712.488120	0.889877	0.933452	0.711092
-0.206573	470907.541371	4399065.854173	0.000000	0.000000	0.000000	1543457712.588248	0.802612	1.039159	0.726691
-0.381368	470907.561140	4399065.845832	0.000000	0.000000	0.000000	1543457712.685725	0.604058	1.239215	0.721252
0.094456	470907.554143	4399065.852970	0.000000	0.000000	0.000000	1543457712.790683	1.023678	0.838375	0.713516
-0.346538	470907.550253	4399065.871389	0.000000	0.000000	0.000000	1543457712.878679	0.687488	1.184797	0.711731
-0.250253	470907.550872	4399065.869180	0.000000	0.000000	0.000000	1543457712.991583	0.723113	1.143275	0.724933
-0.196933	470907.544098	4399065.824749	0.000000	0.000000	0.000000	1543457713.077476	0.802445	1.100853	0.718969
-0.159560	470907.540279	4399065.851084	0.000000	0.000000	0.000000	1543457713.190315	0.849806	1.053340	0.725893
-0.177744	470907.543818	4399065.806544	0.000000	0.000000	0.000000	1543457713.280266	0.820416	1.126752	0.664221
-0.158632	470907.551465	4399065.822541	0.000000	0.000000	0.000000	1543457713.482034	0.823217	1.022770	0.670442
-0.162757	470907.523715	4399065.807669	0.000000	0.000000	0.000000	1543457713.589440	0.817607	1.060141	0.699298
-0.184236	470907.560895	4399065.825835	0.000000	0.000000	0.000000	1543457713.685680	0.792146	1.028143	0.688418
-0.155564	470907.566342	4399065.806251	0.000000	0.000000	0.000000	1543457713.789859	0.819974	0.984665	0.626751
-0.100895	470907.509123	4399065.778139	0.000000	0.000000	0.000000	1543457713.880987	0.895593	1.000826	0.685613
-0.089093	470907.520630	4399065.821439	0.000000	0.000000	0.000000	1543457713.981681	0.927768	0.941995	0.686032
-0.129941	470907.489760	4399065.771066	0.000000	0.000000	0.000000	1543457714.180941	0.827649	0.909911	0.702529
-0.075585	470907.495857	4399065.757395	0.000000	0.000000	0.000000	1543457714.281814	0.904273	0.939265	0.560024
-0.084952	470907.484512	4399065.760713	0.000000	0.000000	0.000000	1543457714.383890	0.855848	0.962395	0.575109
-0.089376	470907.497947	4399065.783436	0.000000	0.000000	0.000000	1543457714.589398	0.832237	0.848884	0.716842
-0.659826	470907.451360	4399065.769104	0.000000	0.000000	0.000000	1543457714.678079	0.308331	1.133518	0.691469
-0.620705	470907.492059	4399065.781092	0.000000	0.000000	0.000000	1543457714.792666	0.345369	1.273342	0.669484
-0.657792	470907.470000	4399065.785444	0.000000	0.000000	0.000000	1543457714.879336	0.327120	1.282775	0.633860
-0.786672	470907.494848	4399065.706033	0.000000	0.000000	0.000000	1543457715.079413	0.224788	1.229185	0.449269
-0.844425	470907.501472	4399065.801206	0.000000	0.000000	0.000000	1543457715.193053	0.163574	1.311746	0.459708
-0.899287	470907.417219	4399065.762541	0.000000	0.000000	0.000000	1543457715.276399	0.216484	1.255278	0.466919
-0.971917	470907.441144	4399065.781323	0.000000	0.000000	0.000000	1543457715.388160	0.182542	1.308874	0.693900
-1.015157	470907.434705	4399065.740677	0.000000	0.000000	0.000000	1543457715.481275	0.302100	1.235973	0.711524
-1.077717	470907.467058	4399065.791236	0.000000	0.000000	0.000000	1543457715.592046	0.278503	1.160094	0.717827
-1.112621	470907.409358	4399065.777861	0.000000	0.000000	0.000000	1543457715.678373	0.323545	1.184982	0.707356
-1.149589	470907.422045	4399065.765547	0.000000	0.000000	0.000000	1543457715.786378	0.424557	1.178475	0.543747
-1.214816	470907.467868	4399065.767340	0.000000	0.000000	0.000000	1543457715.878135	0.528799	1.075801	0.557333
-1.241145	470907.465805	4399065.744516	0.000000	0.000000	0.000000	1543457715.988215	0.493985	1.034166	0.570598
-1.256690	470907.474087	4399065.754082	0.000000	0.000000	0.000000	1543457716.089172	0.514455	1.031179	0.588260
-1.266788	470907.440845	4399065.747232	0.000000	0.000000	0.000000	1543457716.193043	0.511338	1.115431	0.574226
-1.280177	470907.397713	4399065.735933	0.000000	0.000000	0.000000	1543457716.287404	0.458223	1.132051	0.295518
-1.286152	470907.498253	4399065.768682	0.000000	0.000000	0.000000	1543457716.393333	0.473531	1.147407	0.299356
-1.297170	470907.444111	4399065.749358	0.000000	0.000000	0.000000	1543457716.493116	0.535804	1.006419	0.621153
-1.333371	470907.433892	4399065.790550	0.000000	0.000000	0.000000	1543457716.594541	0.463933	0.889096	0.633963
-1.367739	470907.511647	4399065.819404	0.000000	0.000000	0.000000	1543457717.121573	0.542860	0.952026	0.331399
-1.371615	470907.542588	4399065.830312	0.000000	0.000000	0.000000	1543457717.190229	0.529522	0.959291	0.337317
-1.378107	470907.474461	4399065.856109	0.000000	0.000000	0.000000	1543457717.279448	0.472613	0.944914	0.343045
-1.381793	470907.429292	4399065.807516	0.000000	0.000000	0.000000	1543457717.390578	0.412555	0.948548	0.347692
-1.399019	470907.425624	4399065.793803	0.000000	0.000000	0.000000	1543457717.479578	0.610324	0.994302	0.356067
-1.409608	470907.454443	4399065.770235	0.000000	0.000000	0.000000	1543457717.592476	0.608556	1.093812	0.361277
-1.408704	470907.540588	4399065.814277	0.000000	0.000000	0.000000	1543457717.680274	0.575153	1.109531	0.365960
-1.412195	470907.401847	4399065.772903	0.000000	0.000000	0.000000	1543457717.879079	0.619544	1.033131	0.376548
-1.410391	470907.491813	4399065.827347	0.000000	0.000000	0.000000	1543457717.992636	0.596510	1.035927	0.380869
-1.405080	470907.487896	4399065.849384	0.000000	0.000000	0.000000	1543457718.086955	0.490388	0.827494	0.379357
-1.406844	470907.286166	4399065.822901	0.000000	0.000000	0.000000	1543457718.286510	0.452074	0.837682	0.389461
-1.397830	470907.369121	4399065.795430	0.000000	0.000000	0.000000	1543457718.391618	0.604162	1.098659	0.392567
-1.414815	470907.389995	4399065.862852	0.000000	0.000000	0.000000	1543457718.589917	0.493252	0.865449	0.401655
-1.414776	470907.396879	4399065.875342	0.000000	0.000000	0.000000	1543457718.683407	0.508433	0.876271	0.405683
-1.407032	470907.378779	4399065.808121	0.000000	0.000000	0.000000	1543457718.790720	0.599624	1.257187	0.411015
-1.424688	470907.254738	4399065.838407	0.000000	0.000000	0.000000	1543457718.883333	0.519963	0.886060	0.416220
-1.433877	470907.477401	4399065.932648	0.000000	0.000000	0.000000	1543457718.989482	0.409556	0.519967	0.420436
-1.434973	470907.512413	4399065.935522	0.000000	0.000000	0.000000	1543457719.079147	0.435954	0.526552	0.424327
-1.417997	470907.291177	4399065.717344	0.000000	0.000000	0.000000	1543457719.191205	0.010000	0.010000	0.427639
-1.417997	470907.291177	4399065.717344	0.000000	0.000000	0.000000	1543457719.278918	0.010000	0.010000	0.427639
-1.379385	470907.464002	4399065.904286	0.000000	0.000000	0.000000	1543457719.388254	0.481184	0.953916	0.016057
-1.376077	470907.313045	4399065.793383	0.000000	0.000000	0.000000	1543457719.485510	0.520495	0.972359	0.018272
-1.356904	470907.850395	4399066.265029	0.000000	0.000000	0.000000	1543457719.678533	0.010000	0.010000	0.463791
-1.356923	470907.365493	4399065.856468	0.000000	0.000000	0.000000	1543457719.788376	0.579469	1.017916	0.467458
-1.363674	470907.324463	4399065.773194	0.000000	0.000000	0.000000	1543457719.878548	0.010000	0.010000	0.471466
-1.379664	470907.436121	4399065.887111	0.000000	0.000000	0.000000	1543457719.987854	0.458633	0.731286	0.477215
-1.373253	470907.579840	4399066.054020	0.000000	0.000000	0.000000	1543457720.189855	0.010000	0.010000	0.482881
-1.359688	470907.570226	4399065.962970	0.000000	0.000000	0.000000	1543457720.280809	0.384141	0.743793	0.486804
-1.359688	470907.570226	4399065.962970	0.000000	0.000000	0.000000	1543457720.389254	0.384141	0.743793	0.486804
-3.082590	470907.487158	4399065.930421	0.000000	0.000000	0.000000	1543457720.592139	0.691158	0.506432	0.014563
-3.128605	470907.436522	4399065.858954	0.085218	-0.078870	-0.032273	1543457720.677139	0.941785	0.738133	0.020300
-1.359688	470907.570226	4399065.962970	0.000000	0.000000	0.000000	1543457720.478796	0.384141	0.743793	0.486804
-3.095209	470907.427113	4399065.910301	0.000000	0.000000	0.000000	1543457720.786644	0.694234	0.582216	0.501539
-3.111892	470907.464587	4399065.887477	0.000000	0.000000	0.000000	1543457721.093060	0.696840	0.568427	0.509889
-3.088667	470907.426770	4399065.825442	0.000000	0.000000	0.000000	1543457720.883644	0.563414	0.648389	0.502533
3.050469	470907.511538	4399065.985278	0.000000	0.000000	0.000000	1543457721.493796	0.818371	0.769996	0.519606
3.063503	470907.455551	4399065.933834	0.000000	0.000000	0.000000	1543457721.588963	0.505865	0.616996	0.012761
3.030349	470907.336725	4399065.855379	0.000000	0.000000	0.000000	1543457721.786153	0.897524	0.871989	0.017603
3.011076	470907.331445	4399065.864841	0.000000	0.000000	0.000000	1543457721.889518	0.886385	0.880046	0.017808
2.966926	470907.330586	4399065.852973	0.000000	0.000000	0.000000	1543457721.990601	0.851630	0.915378	0.016268
2.965694	470907.352084	4399065.819694	0.000000	0.000000	0.000000	1543457722.088090	0.837321	0.993593	0.016694
2.996627	470907.710499	4399066.122584	0.000000	0.000000	0.000000	1543457722.189654	0.319115	0.310088	0.016704
3.014650	470907.576358	4399065.993128	0.000000	0.000000	0.000000	1543457722.286381	0.637707	0.662858	0.011726
3.034858	470907.466807	4399065.913860	0.000000	0.000000	0.000000	1543457722.388611	0.929224	0.827619	0.536104
1.993787	470907.441000	4399065.918035	0.000000	0.000000	0.000000	1543457722.490919	0.304195	0.925571	0.538263
2.033304	470907.609852	4399065.997529	0.000000	0.000000	0.000000	1543457722.593355	0.188691	0.902459	0.011652
1.978819	470907.351222	4399065.910487	0.000000	0.000000	0.000000	1543457722.690754	0.342500	1.233069	0.540638
1.981325	470907.646337	4399066.144472	0.000000	0.000000	0.000000	1543457722.893681	0.136541	0.614956	0.536928
1.908008	470907.485595	4399065.977697	0.000000	0.000000	0.000000	1543457723.091377	0.389464	0.909532	0.538638
1.888279	470907.633545	4399066.159528	0.000000	0.000000	0.000000	1543457723.192273	0.424018	0.382683	0.539522
1.863316	470907.611560	4399066.151976	0.000000	0.000000	0.000000	1543457723.289849	0.215695	0.585758	0.539784
1.863316	470907.611560	4399066.151976	0.000000	0.000000	0.000000	1543457723.388895	0.215695	0.585758	0.539784
1.863316	470907.611560	4399066.151976	0.000000	0.000000	0.000000	1543457723.488710	0.215695	0.585758	0.539784
1.863316	470907.611560	4399066.151976	0.052805	-0.052671	-0.003771	1543457723.589536	0.215695	0.585758	0.539784
-1.493821	470906.255082	4399065.990005	0.120826	-0.120227	0.012019	1543457723.690492	1.000000	1.000000	2.000000
-1.492626	470906.368255	4399065.988374	0.217334	-0.206918	0.066475	1543457723.790912	1.000000	1.000000	2.000000
-1.492088	470906.413253	4399066.082969	0.230657	-0.213341	0.087682	1543457723.887441	1.000000	1.000000	2.000000
-1.491540	470906.276234	4399065.959057	0.243387	-0.218266	0.107689	1543457723.989670	1.000000	1.000000	2.000000
-1.490774	470906.354054	4399065.924702	0.309124	-0.274573	0.142011	1543457724.090528	1.000000	1.000000	2.000000
-1.490468	470906.179034	4399065.987671	0.360506	-0.324709	0.156615	1543457724.190686	1.000000	1.000000	2.000000
-1.489887	470906.239281	4399065.937531	0.427481	-0.402240	0.144718	1543457724.290191	1.000000	1.000000	2.000000
-1.489712	470906.268933	4399065.807113	0.443475	-0.420865	0.139794	1543457724.386607	1.000000	1.000000	2.000000
-1.489618	470906.275094	4399065.867851	0.447639	-0.422588	0.147649	1543457724.488257	1.000000	1.000000	2.000000
-1.489401	470906.306520	4399065.788150	0.413558	-0.373993	0.176521	1543457724.588162	1.000000	1.000000	2.000000
-1.489298	470906.513614	4399065.854707	0.332319	-0.289146	0.163800	1543457724.688144	1.000000	1.000000	2.000000
-1.489224	470906.315843	4399065.890933	0.222489	-0.178797	0.132413	1543457724.788395	1.000000	1.000000	2.000000
-1.489022	470906.342063	4399065.816309	0.097904	0.037515	0.090431	1543457724.987687	1.000000	1.000000	2.000000
-1.488973	470906.344693	4399065.847300	0.095291	0.031297	0.090004	1543457725.087483	1.000000	1.000000	2.000000
-1.488992	470906.355560	4399065.700485	0.102099	0.045871	0.091214	1543457725.188243	1.000000	1.000000	2.000000
-1.488946	470906.357401	4399065.719687	0.131766	0.094126	0.092209	1543457725.286060	1.000000	1.000000	2.000000
-1.488844	470906.364937	4399065.742404	0.062491	-0.052055	-0.034576	1543457725.385912	1.000000	1.000000	2.000000
-1.488870	470906.362226	4399065.744848	0.000000	0.000000	0.000000	1543457725.485456	1.000000	1.000000	2.000000
-1.488851	470906.165149	4399065.725937	0.000000	0.000000	0.000000	1543457725.586760	1.000000	1.000000	2.000000
-1.488833	470906.167150	4399065.719638	0.000000	0.000000	0.000000	1543457725.686925	1.000000	1.000000	2.000000
-1.488881	470906.162011	4399065.719429	0.000000	0.000000	0.000000	1543457725.788358	1.000000	1.000000	2.000000
-1.488906	470906.158337	4399065.721937	0.000000	0.000000	0.000000	1543457725.887746	1.000000	1.000000	2.000000
-1.488868	470906.161705	4399065.720731	0.000000	0.000000	0.000000	1543457725.987905	1.000000	1.000000	2.000000
-1.488887	470905.960344	4399065.702827	0.000000	0.000000	0.000000	1543457726.088184	1.000000	1.000000	2.000000
-1.488857	470905.961824	4399065.702634	0.000000	0.000000	0.000000	1543457726.188610	1.000000	1.000000	2.000000
-1.488693	470905.993154	4399065.506579	0.000000	0.000000	0.000000	1543457726.288675	1.000000	1.000000	2.000000
-1.488698	470905.992716	4399065.507436	0.000000	0.000000	0.000000	1543457726.387630	1.000000	1.000000	2.000000
-1.488696	470905.992892	4399065.509610	0.000000	0.000000	0.000000	1543457726.586526	1.000000	1.000000	2.000000
-1.488689	470905.993079	4399065.510148	0.000000	0.000000	0.000000	1543457726.687766	1.000000	1.000000	2.000000
-1.488614	470905.998356	4399065.514601	0.097790	0.097288	0.009893	1543457726.786920	1.000000	1.000000	2.000000
-1.488601	470905.999884	4399065.514028	0.145739	0.145047	0.014185	1543457726.886246	1.000000	1.000000	2.000000
