front	position-x	position-y	speed	speed-x	speed-y	timestamp	v-x	v-y	v-z
-1.453246	470937.474847	4398733.415849	0.496926	-0.124082	0.481185	1543306918.841856	3.250375	1.879254	1.990871
-1.457334	470937.535862	4398733.557712	0.701323	-0.078068	0.696965	1543306918.949631	3.256905	2.018656	1.990524
-1.453751	470937.407895	4398733.673049	0.838833	-0.171098	0.821198	1543306919.038729	3.233258	1.795803	1.991594
-1.455712	470937.500327	4398733.867945	1.497377	-0.156416	1.489185	1543306919.148264	3.252628	2.066419	1.990607
-1.453056	470937.320156	4398734.044229	1.746915	-0.228395	1.731920	1543306919.236642	3.256080	1.788951	1.985145
-1.453800	470937.323460	4398734.260058	1.999797	-0.232843	1.986195	1543306919.347447	3.222281	1.834383	1.982215
-1.453415	470937.309754	4398734.488403	2.248555	-0.156866	2.243076	1543306919.440426	3.301054	1.846115	1.981637
1.652917	470937.304933	4398734.731829	2.503120	-0.205181	2.494697	1543306919.547599	3.272589	1.695024	1.981097
1.679316	470937.311537	4398735.018114	2.504120	-0.270875	2.489427	1543306919.637286	3.261166	1.881615	1.980298
1.615225	470937.340984	4398735.344975	2.752267	-0.123029	2.749516	1543306919.747267	3.202027	1.890454	1.984714
1.658625	470937.289853	4398735.645560	3.015529	-0.263920	3.003958	1543306919.840525	3.180160	2.012075	1.985132
1.636509	470937.237841	4398735.985064	3.302487	-0.217167	3.295339	1543306919.948054	3.210767	2.031251	1.992628
1.678230	470937.228560	4398736.305283	3.329910	-0.356406	3.310781	1543306920.036415	3.176945	2.055167	1.994357
1.667018	470937.238824	4398736.668267	3.611216	-0.347129	3.594494	1543306920.147951	3.185817	1.969985	1.998044
1.659439	470937.205253	4398737.034508	3.645101	-0.322824	3.630778	1543306920.237708	3.147797	1.989010	2.010835
1.667750	470937.116393	4398737.433822	3.971447	-0.384276	3.952812	1543306920.350762	3.201113	1.959286	2.032530
1.665943	470937.117346	4398737.841427	4.016676	-0.381616	3.998507	1543306920.445935	3.189056	1.925673	2.045485
1.655402	470937.082775	4398738.239475	4.114533	-0.347893	4.099799	1543306920.546419	3.188035	1.944830	2.062506
1.673912	470937.011883	4398738.628431	4.172848	-0.429139	4.150723	1543306920.648088	3.169469	1.839432	2.072397
1.652608	470936.954590	4398739.054407	4.480828	-0.366573	4.465808	1543306920.751778	3.176447	1.757976	1.868661
1.638727	470936.944151	4398739.477098	4.621324	-0.313966	4.610647	1543306920.849168	3.164501	1.798113	1.880715
1.650446	470936.944620	4398739.330777	4.680161	-0.372081	4.665347	1543306920.947440	1.996729	1.728833	1.889973
1.648140	470936.892473	4398739.819359	4.762698	-0.368033	4.748457	1543306921.050997	2.098743	1.699731	1.901160
1.670611	470936.744617	4398741.309704	4.736285	-0.471776	4.712729	1543306921.248347	3.200904	1.767156	1.923049
1.651067	470936.733313	4398741.806714	4.824519	-0.387300	4.808949	1543306921.350101	3.182483	1.767081	1.930286
1.656779	470936.683004	4398742.263318	4.904444	-0.421038	4.886338	1543306921.448531	3.206226	1.726423	1.942162
1.635508	470936.705983	4398742.742898	5.087968	-0.329726	5.077273	1543306921.546978	3.173029	1.826962	1.944315
1.647717	470936.651308	4398742.607723	5.163499	-0.396670	5.148240	1543306921.647997	2.028236	1.740225	1.952943
1.639159	470936.542464	4398743.681242	5.187504	-0.355025	5.175341	1543306921.847078	2.207568	1.810545	1.966481
1.636105	470936.511693	4398744.225075	5.283641	-0.344890	5.272373	1543306921.945993	2.283446	1.785762	1.979374
1.661720	470936.440139	4398745.253955	5.374400	-0.487261	5.352266	1543306922.038948	3.263132	1.714157	1.814456
1.639463	470936.437413	4398745.287249	5.313634	-0.365322	5.301061	1543306922.149220	2.323353	1.754049	1.841537
1.662002	470936.339486	4398746.228727	5.411807	-0.492259	5.389373	1543306922.239602	3.201017	1.698128	1.860435
1.667504	470936.289188	4398746.822910	5.509005	-0.531757	5.483281	1543306922.348637	3.286615	1.770859	1.872416
1.664174	470936.313945	4398747.373899	5.597355	-0.521587	5.573000	1543306922.437857	3.167847	1.976682	2.004717
1.654624	470936.206697	4398748.414090	5.608484	-0.469312	5.588814	1543306922.637881	3.160748	1.881492	2.008667
1.693494	470936.093467	4398748.922352	5.648201	-0.690736	5.605806	1543306922.843703	2.073676	1.837262	1.983028
1.679763	470936.104682	4398749.369899	5.597998	-0.609345	5.564736	1543306922.947772	1.968072	1.858021	1.981614
1.671191	470936.050450	4398749.881134	5.551752	-0.556948	5.523745	1543306923.040670	1.929871	1.869190	1.981030
1.667149	470935.909200	4398750.887598	5.647188	-0.543749	5.620949	1543306923.242842	1.824255	1.679772	1.981049
1.686258	470935.840418	4398751.518280	5.645667	-0.649851	5.608142	1543306923.352323	2.009519	1.679740	1.979292
1.642738	470935.803824	4398752.285391	5.692090	-0.410234	5.677288	1543306923.440295	2.429767	1.821026	1.980445
1.632164	470935.803358	4398752.457865	5.471586	-0.335849	5.461269	1543306923.552344	1.754403	1.773230	1.981211
1.655231	470935.754867	4398753.280561	5.497835	-0.463159	5.478291	1543306923.639421	2.340422	1.815435	1.982754
1.660208	470935.670658	4398753.889913	5.479300	-0.489237	5.457415	1543306923.747853	2.474664	1.813335	1.994760
1.668456	470935.624954	4398754.470122	5.686942	-0.554442	5.659851	1543306923.840256	2.511139	1.760235	2.021962
1.659881	470935.595426	4398754.904808	5.511216	-0.490656	5.489332	1543306923.955823	2.280918	1.790367	2.025401
1.647062	470935.563837	4398755.529176	5.747154	-0.438148	5.730428	1543306924.041470	2.470188	1.853451	2.026266
1.669103	470935.475505	4398755.754631	5.308491	-0.520343	5.282928	1543306924.148309	1.938634	1.795002	2.005073
1.666302	470935.417791	4398756.548828	5.365207	-0.511662	5.340754	1543306924.240721	2.569339	1.766486	1.736469
1.647777	470935.436376	4398756.687521	5.426887	-0.417910	5.410772	1543306924.349798	1.670234	1.818208	1.748901
1.648520	470935.337006	4398757.854018	5.732878	-0.445184	5.715566	1543306924.439773	2.690263	1.818090	1.748802
1.640077	470935.372427	4398757.804278	5.653672	-0.391875	5.640075	1543306924.548442	1.493283	1.816606	1.766419
1.660175	470935.298314	4398758.323885	5.789301	-0.516462	5.766218	1543306924.648396	1.449022	1.759963	1.763660
1.662151	470935.253137	4398758.875290	5.486881	-0.500964	5.463964	1543306924.752396	1.560852	1.780272	1.746642
1.673893	470935.174311	4398759.427065	5.761589	-0.592891	5.731002	1543306924.849751	1.561890	1.721172	1.749507
1.663986	470935.076914	4398760.578538	5.524802	-0.514471	5.500796	1543306924.952194	2.755927	1.724295	1.749750
1.666257	470935.089827	4398760.578524	5.853731	-0.557825	5.827092	1543306925.050035	1.812929	1.722529	1.746733
1.655662	470935.041936	4398761.459080	5.323215	-0.451586	5.304025	1543306925.149930	2.308040	1.698554	2.036335
1.660643	470934.977903	4398761.978126	5.325708	-0.477897	5.304223	1543306925.248434	2.260541	1.693139	2.036453
1.648301	470934.955284	4398762.556137	5.376653	-0.416925	5.360464	1543306925.354453	2.317092	1.667885	2.050702
1.625703	470934.972350	4398763.118320	5.417880	-0.298080	5.409674	1543306925.449069	2.329409	1.814683	1.856352
1.656009	470934.815603	4398764.076531	5.673017	-0.482240	5.652483	1543306925.552079	3.166442	1.748545	1.853257
1.651533	470934.779109	4398764.646802	5.746827	-0.463598	5.728097	1543306925.654420	3.218173	1.806932	2.052861
1.618051	470934.826417	4398765.216543	5.843776	-0.276561	5.837228	1543306925.757199	3.243671	1.804247	2.054679
1.662265	470934.738040	4398765.233026	5.465671	-0.496784	5.443047	1543306925.847887	2.193942	1.763259	2.024502
1.642762	470934.725927	4398765.608697	5.424142	-0.389437	5.410143	1543306925.959532	1.865885	1.786377	2.000648
1.688619	470934.574481	4398767.497480	5.451420	-0.639164	5.413820	1543306926.250630	2.302575	1.845266	1.790478
1.696692	470934.495620	4398768.025178	5.507725	-0.691292	5.464170	1543306926.355326	2.329908	1.700755	1.780148
1.681133	470934.356206	4398769.038885	5.825883	-0.642202	5.790380	1543306926.449241	3.247714	1.730011	1.863413
1.661422	470934.415608	4398769.560758	5.797906	-0.525440	5.774048	1543306926.551634	3.202062	1.810503	2.011303
1.645170	470934.395817	4398770.108353	5.455547	-0.405788	5.440435	1543306926.649620	3.216212	1.825982	2.006386
1.651495	470934.316156	4398770.675843	5.530317	-0.445590	5.512337	1543306926.757655	3.160447	1.907990	2.002669
1.637505	470934.324053	4398771.232435	5.522065	-0.368482	5.509757	1543306926.851319	3.172126	1.893960	2.011833
1.649406	470934.185956	4398771.776958	5.764680	-0.452524	5.746891	1543306926.959733	3.270534	1.756314	1.921250
1.670436	470934.159533	4398772.316032	5.454481	-0.542271	5.427458	1543306927.049922	3.333767	1.810460	1.905312
1.688502	470934.061281	4398772.899536	5.565977	-0.653523	5.527478	1543306927.156404	3.249400	1.723598	1.881061
1.667975	470934.070306	4398773.050179	5.620830	-0.546265	5.594222	1543306927.247218	2.398241	1.718238	1.886422
1.668762	470934.017502	4398773.611389	5.689532	-0.556553	5.662245	1543306927.354406	2.426715	1.679586	1.879779
1.656499	470934.000525	4398774.563010	5.829114	-0.499194	5.807700	1543306927.451504	3.185647	1.885783	2.062998
1.665823	470933.935785	4398775.075210	5.513074	-0.522756	5.488234	1543306927.551463	3.294892	1.828134	2.017722
1.669139	470933.798727	4398775.616912	5.515472	-0.541310	5.488845	1543306927.648934	3.318489	1.780408	1.997263
1.618585	470933.861792	4398776.180706	5.547445	-0.266297	5.541049	1543306927.758646	3.243322	1.812764	1.962171
1.646597	470933.788255	4398776.757241	5.581855	-0.421834	5.565893	1543306927.846461	3.292736	1.721473	1.950045
1.644374	470933.782512	4398777.305122	5.589008	-0.410981	5.573877	1543306927.957642	3.266724	2.044789	1.914437
1.634423	470933.695087	4398777.888128	5.632195	-0.358596	5.620768	1543306928.055057	3.286454	1.839995	1.905043
1.658912	470933.636597	4398778.399780	5.620140	-0.494155	5.598373	1543306928.157680	3.247972	1.722800	1.915221
1.631090	470933.680765	4398779.180351	5.839567	-0.352653	5.828909	1543306928.358137	2.322339	1.811550	1.884788
1.651038	470933.568276	4398779.736003	5.848920	-0.468080	5.830160	1543306928.449871	2.304834	1.820523	1.864656
1.641251	470933.492039	4398780.752876	5.847842	-0.411692	5.833332	1543306928.546991	3.193284	1.774714	1.964446
1.654970	470933.367302	4398783.103038	6.020703	-0.505592	5.999436	1543306928.948861	3.185016	1.953216	2.043359
1.653684	470933.318378	4398783.737120	6.049370	-0.500688	6.028614	1543306929.049347	3.181351	2.040387	2.054302
1.637727	470933.256451	4398784.909986	6.117251	-0.409110	6.103556	1543306929.252604	3.125518	1.941264	2.043200
1.632541	470933.109873	4398785.547638	6.156976	-0.380032	6.145236	1543306929.349329	3.167489	1.916096	2.047037
1.636161	470932.971840	4398786.754437	6.168652	-0.403051	6.155471	1543306929.548632	3.227878	1.943363	2.023918
1.635283	470932.937381	4398787.350403	6.111218	-0.394236	6.098489	1543306929.650460	3.218344	1.932120	2.017601
1.640010	470933.019891	4398787.931028	5.992856	-0.414792	5.978484	1543306929.747630	3.240732	1.858589	2.016151
1.644411	470932.934369	4398788.485069	5.856477	-0.430596	5.840626	1543306929.849001	3.279863	1.773058	2.007123
1.635867	470932.946851	4398789.111940	5.849683	-0.380401	5.837302	1543306929.947970	3.265250	2.071243	1.982849
1.616099	470932.808218	4398789.741264	5.716057	-0.259136	5.710180	1543306930.051160	3.221508	2.040593	1.909552
1.624126	470932.900357	4398789.549729	5.647348	-0.300618	5.639341	1543306930.146332	1.692630	1.844226	1.992971
1.635728	470932.811311	4398790.881944	5.570214	-0.361033	5.558502	1543306930.249478	3.223697	1.797557	1.963070
1.634327	470932.738875	4398791.446837	5.638431	-0.358006	5.627054	1543306930.350059	3.136247	1.844015	1.964307
1.633436	470932.801573	4398791.270958	5.549617	-0.347431	5.538731	1543306930.449778	1.673637	1.853930	1.984595
1.640228	470932.681820	4398792.656657	5.462225	-0.378841	5.449071	1543306930.549555	3.239339	1.861046	1.980976
1.648700	470932.701646	4398793.175011	5.953676	-0.463211	5.935629	1543306930.649398	3.239159	1.978139	1.999808
1.635517	470932.489202	4398795.501137	5.682308	-0.367423	5.670417	1543306931.048338	3.277782	1.873204	2.024555
1.636916	470932.517234	4398796.081215	5.498151	-0.363246	5.486138	1543306931.156955	3.295347	1.966765	2.017332
1.640619	470932.383699	4398797.214013	5.505904	-0.384625	5.492454	1543306931.359674	3.280730	1.938676	2.060874
1.638446	470932.386894	4398797.839865	5.432358	-0.367297	5.419927	1543306931.448264	3.266007	2.011946	2.088699
1.647237	470932.291712	4398798.435403	5.509992	-0.420410	5.493930	1543306931.554358	3.335382	2.067629	2.065577
1.667914	470932.240068	4398799.465927	5.539020	-0.536055	5.513020	1543306931.756822	3.255144	1.944623	1.980034
1.654734	470932.160433	4398800.043488	5.330939	-0.447183	5.312150	1543306931.847580	3.285188	1.924137	1.991731
1.663651	470932.126339	4398800.614488	5.622145	-0.520905	5.597961	1543306931.959048	3.303969	1.988763	2.004433
1.654005	470932.093534	4398801.107927	5.686308	-0.472659	5.666629	1543306932.055980	3.409356	1.927770	2.012998
1.655367	470931.980558	4398801.692572	5.756666	-0.486041	5.736111	1543306932.158903	3.386341	1.804731	2.026820
1.643749	470932.028814	4398802.234422	5.680324	-0.414237	5.665200	1543306932.257798	3.362599	1.938603	2.059687
1.639318	470931.927597	4398802.795471	5.638614	-0.386176	5.625374	1543306932.357322	3.342507	1.986749	1.968282
1.651904	470931.890453	4398803.342817	5.712862	-0.462770	5.694088	1543306932.458285	3.262001	1.967496	1.961503
1.648336	470931.852777	4398803.907175	5.685299	-0.440852	5.668181	1543306932.552722	3.272107	2.020737	1.954829
1.653595	470931.838385	4398804.476064	5.693271	-0.471138	5.673743	1543306932.655832	3.278272	1.963195	1.957127
1.637712	470931.805459	4398805.043878	5.663308	-0.379315	5.650591	1543306932.759813	3.300071	1.934165	1.963745
1.636850	470931.756414	4398805.714619	5.696834	-0.379335	5.684191	1543306932.856346	3.508262	1.982803	1.959090
1.682250	470931.728673	4398806.223091	5.677878	-0.458977	5.659297	1543306932.957017	3.615059	2.158302	1.973930
1.631407	470931.640594	4398806.725926	5.667364	-0.420156	5.651768	1543306933.055929	3.304967	1.990023	2.007838
1.673665	470931.608365	4398807.413333	5.574102	-0.469579	5.554287	1543306933.159049	3.563584	2.016989	2.007215
1.641668	470931.547516	4398807.880246	5.601036	-0.444565	5.583365	1543306933.256726	3.354740	1.961450	1.987233
1.645600	470931.515128	4398808.554673	5.567364	-0.432860	5.550511	1543306933.358233	3.621053	1.963652	2.075537
1.652382	470931.470990	4398809.122250	5.812387	-0.526941	5.788452	1543306933.457757	3.611624	2.004649	2.045701
1.622227	470931.383547	4398809.598073	5.787517	-0.521312	5.763991	1543306933.554545	3.384845	1.880713	2.024945
1.652317	470931.299806	4398810.191911	5.770485	-0.501189	5.748679	1543306933.656921	3.407639	1.900053	2.023207
1.638580	470931.207347	4398810.757429	5.789912	-0.478579	5.770099	1543306933.757169	3.379670	2.012535	2.027119
1.633262	470931.177773	4398811.461619	5.835558	-0.480512	5.815741	1543306933.855618	3.577858	2.107442	2.033283
1.671395	470931.202382	4398811.921425	5.947956	-0.525632	5.924685	1543306933.957160	3.341043	1.964566	2.047739
1.674194	470931.100591	4398812.730217	6.047778	-0.567096	6.021131	1543306934.060264	3.676488	2.042284	2.066003
1.666487	470931.045302	4398813.313580	6.025978	-0.568979	5.999056	1543306934.157818	3.662361	2.047006	2.070966
1.677094	470930.998954	4398813.713109	5.769409	-0.564453	5.741731	1543306934.257034	3.305248	1.910113	1.972070
1.660025	470931.021482	4398814.270949	5.830023	-0.553949	5.803647	1543306934.356709	3.347369	1.979940	2.012077
1.645859	470930.908014	4398814.876033	5.810470	-0.512370	5.787835	1543306934.457774	3.299179	1.831814	2.027603
1.674368	470930.846536	4398815.481709	5.791078	-0.488586	5.770430	1543306934.552850	3.264821	1.869615	2.051651
1.681451	470930.821959	4398816.687490	6.141195	-0.598819	6.111930	1543306934.758678	3.250673	2.018089	2.064766
1.683054	470930.756414	4398817.279812	6.138053	-0.631003	6.105533	1543306934.858659	3.218693	1.967026	2.055114
1.678434	470930.672908	4398817.860207	6.171687	-0.644598	6.137933	1543306934.958390	3.279697	2.045636	2.064514
1.659584	470930.514060	4398819.615995	6.308306	-0.626650	6.277104	1543306935.257021	3.373493	2.072354	2.034284
1.680613	470930.528786	4398820.227538	6.132392	-0.628405	6.100110	1543306935.357890	3.374853	2.006680	2.005616
1.620779	470930.412922	4398821.387933	6.120067	-0.493563	6.100132	1543306935.554801	3.316612	1.888520	2.066457
1.685834	470930.359209	4398821.957990	5.904327	-0.561814	5.877537	1543306935.650856	3.292482	1.989423	1.997595
1.652347	470930.301346	4398822.565120	6.068048	-0.549502	6.043117	1543306935.757502	3.210289	1.949916	1.984775
1.646081	470930.248186	4398823.131564	5.930461	-0.507522	5.908704	1543306935.859386	3.241537	1.922853	2.068084
1.668778	470930.115078	4398823.766397	5.885883	-0.527952	5.862157	1543306935.960135	3.420764	1.850397	2.048169
1.649497	470930.124277	4398824.264613	5.885977	-0.491453	5.865424	1543306936.058986	3.322966	1.921261	2.046746
1.622050	470930.034643	4398824.855937	5.890893	-0.429084	5.875246	1543306936.157851	3.282067	1.915175	2.079510
1.687512	470929.981661	4398826.038120	5.764832	-0.479312	5.744872	1543306936.357766	3.360114	2.012434	2.039593
1.710597	470929.933436	4398826.573729	5.619004	-0.495924	5.597077	1543306936.456824	3.363731	2.078114	2.052227
1.648825	470929.687884	4398828.295786	5.681933	-0.514862	5.658558	1543306936.756256	3.288769	2.012551	2.010819
1.688689	470929.730990	4398828.867822	5.853012	-0.508965	5.830841	1543306936.858081	3.340245	2.082323	2.000772
1.695803	470929.572550	4398829.471138	5.843223	-0.547062	5.817558	1543306936.956525	3.306346	1.856084	2.000922
1.693062	470929.532013	4398830.106993	5.846566	-0.487504	5.826206	1543306937.056707	3.410207	1.924143	2.006118
1.688551	470929.444706	4398831.220079	5.762204	-0.604364	5.730422	1543306937.258653	3.473214	1.928310	2.006212
1.708424	470929.422215	4398832.394701	5.788828	-0.603402	5.757295	1543306937.459175	3.358528	2.066965	2.058421
1.676421	470929.345553	4398832.927716	5.719181	-0.523445	5.695177	1543306937.551968	3.433321	2.103628	2.060653
1.616228	470929.237905	4398833.469289	5.715947	-0.512966	5.692883	1543306937.656594	3.333220	1.996433	2.065974
1.640261	470929.180121	4398834.063980	5.748840	-0.495931	5.727409	1543306937.754858	3.309441	2.040971	2.082697
1.642970	470929.170093	4398834.679824	5.732170	-0.493863	5.710855	1543306937.856538	3.436049	1.938701	1.991778
1.629998	470929.090807	4398835.264778	5.693228	-0.434759	5.676603	1543306937.958328	3.421081	2.064623	2.078036
1.633483	470929.024563	4398835.859118	5.678977	-0.478419	5.658789	1543306938.059740	3.418951	2.009322	2.069780
1.661187	470929.062947	4398836.549048	5.746109	-0.496515	5.724617	1543306938.158056	3.699887	1.932156	2.070593
1.664672	470929.009085	4398837.003180	5.867956	-0.488433	5.847593	1543306938.258159	3.368210	2.034796	2.073865
1.664940	470928.916936	4398837.682356	5.852932	-0.508841	5.830771	1543306938.357886	3.563978	2.063030	2.000492
1.677567	470928.897592	4398838.161000	5.915964	-0.557313	5.889655	1543306938.456918	3.319958	2.076483	2.000422
1.676371	470928.892001	4398838.751864	5.929344	-0.561445	5.902703	1543306938.551458	3.391482	1.979406	2.073514
1.638455	470928.813971	4398839.234510	5.834153	-0.554893	5.807704	1543306938.659296	3.320906	1.971186	2.061847
1.653517	470928.752260	4398839.877379	5.736972	-0.553198	5.710238	1543306938.755664	3.415076	2.005139	2.043489
1.660488	470928.755580	4398840.413387	5.695181	-0.495849	5.673555	1543306938.859032	3.402819	1.976004	2.041604
1.663839	470928.730376	4398841.067355	5.836030	-0.430280	5.820147	1543306938.956719	3.330701	1.978277	2.056333
1.655180	470928.673262	4398841.616615	5.815474	-0.450863	5.797971	1543306939.061805	3.287097	1.939237	2.057884
1.609140	470928.504667	4398842.182744	5.877514	-0.423793	5.862216	1543306939.156757	3.442999	2.061348	2.065630
1.663617	470928.585856	4398842.762711	5.898207	-0.470496	5.879411	1543306939.257569	3.405038	1.944170	2.069157
1.647314	470928.542535	4398843.341951	5.892327	-0.462939	5.874114	1543306939.359214	3.399122	1.913168	2.058714
1.650146	470928.504480	4398843.875017	5.825214	-0.456370	5.807310	1543306939.459102	3.220869	1.938764	2.065434
1.680840	470928.446255	4398844.597879	5.839692	-0.429840	5.823851	1543306939.558084	3.509206	1.979711	1.999044
1.677941	470928.375659	4398845.075838	5.710994	-0.476088	5.691115	1543306939.659265	3.332587	2.045885	2.020338
1.656519	470928.328683	4398845.647490	5.701330	-0.458149	5.682892	1543306939.758423	3.377436	2.035427	2.020005
1.689639	470928.309018	4398846.386773	5.607423	-0.469231	5.587756	1543306939.860776	3.637357	2.004960	2.026294
1.707758	470928.287094	4398846.781065	5.660460	-0.477917	5.640249	1543306939.959473	3.404008	2.067828	2.028401
1.726252	470928.249697	4398847.380663	5.647416	-0.476704	5.627260	1543306940.060331	3.427473	2.098235	2.020551
1.690893	470928.152137	4398847.918673	5.875181	-0.569358	5.847528	1543306940.156943	3.333543	2.029299	1.998354
1.688143	470928.110117	4398848.647959	5.864441	-0.584362	5.835254	1543306940.258556	3.561404	1.979621	2.061777
1.695322	470928.022074	4398849.082803	5.852974	-0.633865	5.818549	1543306940.358961	3.285824	1.883233	2.050083
1.671462	470927.953710	4398849.860197	5.863452	-0.618393	5.830751	1543306940.458824	3.699428	1.832508	2.051212
1.666523	470927.930535	4398850.272965	5.853442	-0.595896	5.823031	1543306940.556098	3.362437	2.012143	2.062699
1.645074	470927.874505	4398850.988361	5.738989	-0.536397	5.713867	1543306940.659748	3.696497	1.942965	2.074272
1.675431	470927.894036	4398851.399638	5.751559	-0.559870	5.724245	1543306940.761026	3.367264	1.994328	1.997706
1.690962	470927.839371	4398852.090950	5.748427	-0.533949	5.723575	1543306940.860969	3.649052	2.016028	1.998804
1.670432	470927.671542	4398853.685651	5.764433	-0.520980	5.740842	1543306941.159002	3.357193	1.989791	2.067799
1.657470	470927.648488	4398854.246620	5.727636	-0.488402	5.706775	1543306941.259457	3.325896	1.983014	2.002803
1.672513	470927.566876	4398854.815366	5.773400	-0.524435	5.749531	1543306941.362164	3.377064	2.091520	2.011528
1.654792	470927.457522	4398855.977647	5.697515	-0.458532	5.679034	1543306941.562754	3.329602	2.012677	2.002144
1.639440	470927.453698	4398856.522548	5.687900	-0.433267	5.671374	1543306941.656547	3.400074	1.968216	2.005811
1.644211	470927.384140	4398857.134463	5.750810	-0.431892	5.734570	1543306941.755935	3.393868	1.970007	2.068981
1.666405	470927.335081	4398857.897966	5.715444	-0.471557	5.695958	1543306941.857545	3.648139	2.017960	2.055374
1.677146	470927.294718	4398858.327675	5.664202	-0.426024	5.648158	1543306941.957128	3.353727	2.020517	2.062163
1.647198	470927.238257	4398858.862158	5.896766	-0.443075	5.880096	1543306942.058748	3.444667	2.007056	2.070609
1.670178	470927.226368	4398859.447150	5.894232	-0.496870	5.873252	1543306942.158932	3.422028	2.004868	2.068491
1.669979	470927.152028	4398860.061518	5.885453	-0.528783	5.861650	1543306942.256031	3.382608	2.053421	2.061476
1.662355	470927.119135	4398860.617057	5.870338	-0.531015	5.846272	1543306942.357144	3.457216	2.005465	2.067051
1.665873	470927.072464	4398861.295776	5.885103	-0.525418	5.861602	1543306942.458554	3.598331	2.099458	2.065717
1.662843	470926.987395	4398861.760562	5.854253	-0.528235	5.830373	1543306942.558593	3.389695	1.968138	2.062982
1.646999	470926.975762	4398862.494050	5.785442	-0.531738	5.760954	1543306942.657984	3.609448	2.025484	2.071119
1.653740	470926.870953	4398862.926752	5.760396	-0.511584	5.737634	1543306942.756432	3.355956	2.099857	2.002924
1.651465	470926.794535	4398864.076808	5.755283	-0.473662	5.735758	1543306942.959258	3.412674	2.043603	1.993477
1.667372	470926.792817	4398864.655573	5.763532	-0.505266	5.741342	1543306943.057775	3.403482	1.998229	1.995153
1.673054	470926.748772	4398865.240464	5.714250	-0.495047	5.692766	1543306943.158395	3.392362	1.998578	1.997096
1.658934	470926.632564	4398865.818764	5.749536	-0.583773	5.719823	1543306943.259292	3.349299	2.095939	1.999661
1.670481	470926.642993	4398866.398743	5.767867	-0.581852	5.738444	1543306943.360257	3.325897	1.955182	1.997287
1.678987	470926.604268	4398866.948575	5.831447	-0.531430	5.807181	1543306943.456745	3.421008	2.020457	1.992830
1.643289	470926.483884	4398867.527252	5.890425	-0.495689	5.869531	1543306943.557547	3.311563	1.954533	1.992902
1.681083	470926.485974	4398868.167149	6.003207	-0.494016	5.982846	1543306943.661246	3.527837	2.025831	2.059846
1.674656	470926.442216	4398868.725416	5.884440	-0.488972	5.864089	1543306943.756679	3.365086	1.999826	2.051253
1.658130	470926.387678	4398869.240468	5.839170	-0.494191	5.818220	1543306943.858097	3.420347	1.978602	2.058061
1.661285	470926.254530	4398870.377831	5.731758	-0.495229	5.710324	1543306944.059063	3.408853	2.045143	2.058875
1.671908	470926.237511	4398870.958463	5.733321	-0.499567	5.711515	1543306944.157006	3.396849	2.021535	2.067077
1.666797	470926.132896	4398872.149727	5.725972	-0.479126	5.705891	1543306944.358436	3.322594	2.023405	2.006612
1.649334	470926.021177	4398872.848654	5.725524	-0.471030	5.706115	1543306944.458033	3.590965	2.143132	2.003627
1.668125	470925.986546	4398873.859948	5.759150	-0.504744	5.736989	1543306944.657493	3.344759	2.003960	2.008890
1.654360	470925.893944	4398874.456491	5.800768	-0.499605	5.779213	1543306944.757440	3.379899	2.048706	2.005133
1.665081	470925.860697	4398875.057928	5.732474	-0.489221	5.711561	1543306944.858664	3.381318	2.051033	2.013838
1.671585	470925.839179	4398875.727597	5.756345	-0.523670	5.732476	1543306944.958200	3.559346	2.108406	2.014925
1.676905	470925.741520	4398876.850291	5.722697	-0.517785	5.699224	1543306945.158151	3.617086	2.088912	1.998655
1.666765	470925.712164	4398877.355235	5.744591	-0.530568	5.720037	1543306945.257948	3.306749	1.966720	1.990440
1.660603	470925.653380	4398877.928534	5.882626	-0.487130	5.862422	1543306945.360166	3.326931	1.936621	2.066965
1.682272	470925.639772	4398878.616899	5.895012	-0.522799	5.871784	1543306945.457135	3.471131	2.065432	2.071640
1.648318	470925.510694	4398879.064901	5.975724	-0.498410	5.954903	1543306945.561065	3.355487	2.039012	1.997131
1.680907	470925.520844	4398879.663329	5.974451	-0.520542	5.951731	1543306945.657929	3.422557	2.018042	2.006049
1.665458	470925.446365	4398880.375441	5.972053	-0.536651	5.947893	1543306945.758658	3.504961	2.094024	2.010632
1.667569	470925.390219	4398880.888548	5.968913	-0.550925	5.943434	1543306945.859670	3.442606	2.056523	2.009994
1.693201	470925.401631	4398881.535128	5.852997	-0.604562	5.821690	1543306945.956727	3.525264	2.100264	2.010386
1.658939	470925.264322	4398882.002832	5.794488	-0.599854	5.763355	1543306946.058796	3.394404	2.075359	2.009072
1.683870	470925.260301	4398882.685201	5.884527	-0.629346	5.850776	1543306946.160252	3.394639	1.994710	2.004046
1.694739	470925.240656	4398883.319701	5.952766	-0.673493	5.914544	1543306946.257853	3.554480	2.142341	2.006919
1.659413	470925.143177	4398883.834415	5.975250	-0.595614	5.945491	1543306946.356529	3.389076	1.990162	2.013855
1.693228	470925.146320	4398884.462281	5.980283	-0.582397	5.951857	1543306946.465179	3.323184	2.050459	2.008790
1.673221	470925.072402	4398885.040269	5.978111	-0.592800	5.948647	1543306946.562940	3.388476	1.974498	1.999634
1.660277	470925.007403	4398885.655908	5.906450	-0.576254	5.878273	1543306946.659688	3.385221	2.000867	2.007922
1.684837	470924.982000	4398886.210095	5.910031	-0.583132	5.881193	1543306946.758543	3.328523	2.046613	2.014424
1.687917	470924.949451	4398886.826686	5.854498	-0.614900	5.822116	1543306946.858306	3.414302	2.032872	2.008504
1.681227	470924.874542	4398887.492102	5.867991	-0.627712	5.834321	1543306946.957712	3.573466	2.054417	2.012666
1.669156	470924.838873	4398887.962156	5.864440	-0.553444	5.838266	1543306947.068867	3.295528	2.011365	2.025346
1.671782	470924.788720	4398888.701806	5.988600	-0.579540	5.960492	1543306947.159430	3.470785	2.089280	2.047366
1.668536	470924.715990	4398889.212545	5.992200	-0.581628	5.963905	1543306947.269772	3.351537	1.990739	2.042899
1.712206	470924.672352	4398890.388714	5.795474	-0.455346	5.777558	1543306947.467927	3.415983	2.082120	2.019036
1.688557	470924.598767	4398890.961960	5.847896	-0.497735	5.826676	1543306947.557955	3.428506	2.025782	2.010363
1.685362	470924.526648	4398891.526611	5.751779	-0.547009	5.725709	1543306947.673499	3.266696	1.988085	2.060480
1.674372	470924.493930	4398892.150571	5.776296	-0.565179	5.748580	1543306947.759672	3.329707	2.008251	2.046868
1.678310	470924.402931	4398892.744580	6.030475	-0.556450	6.004747	1543306947.868718	3.351132	2.068023	2.050708
1.680390	470924.401666	4398893.334134	5.788283	-0.496992	5.766908	1543306947.961082	3.358840	1.994333	2.055141
1.677752	470924.331946	4398894.064336	5.794920	-0.493308	5.773884	1543306948.067554	3.680676	1.957898	2.060241
1.680982	470924.274192	4398894.485488	5.800866	-0.518287	5.777666	1543306948.158497	3.357411	1.946038	2.059835
1.669767	470924.218743	4398895.061371	5.780732	-0.519334	5.757357	1543306948.271501	3.377845	2.029888	1.986847
1.674776	470924.144658	4398895.607283	5.740909	-0.543714	5.715104	1543306948.359298	3.309611	2.041575	1.992946
1.663886	470924.115691	4398896.881089	5.747286	-0.487172	5.726601	1543306948.558595	3.545636	2.060225	2.004972
1.656844	470924.002684	4398897.327171	5.840912	-0.528146	5.816985	1543306948.670960	3.370688	2.032526	2.008410
1.709170	470923.934091	4398899.081377	5.733124	-0.506519	5.710705	1543306948.961559	3.443251	2.057958	2.004277
1.679384	470923.838830	4398899.654932	5.862928	-0.470889	5.843987	1543306949.066145	3.363750	2.038990	2.012868
1.666944	470923.817097	4398900.280408	5.868854	-0.490258	5.848341	1543306949.156875	3.450400	2.044498	2.007079
1.673311	470923.733139	4398900.772195	5.874183	-0.515322	5.851535	1543306949.269819	3.416498	1.988556	2.005970
1.678603	470923.688650	4398901.340846	5.885029	-0.560064	5.858318	1543306949.357497	3.380059	2.071064	2.009980
1.650910	470923.597809	4398901.929043	5.640324	-0.530542	5.615316	1543306949.457177	3.396275	2.022705	2.005173
1.689301	470923.613130	4398902.515834	5.637859	-0.540452	5.611895	1543306949.558617	3.365217	2.026621	1.994110
1.667495	470923.557414	4398903.054875	5.609256	-0.539174	5.583283	1543306949.657727	3.409468	2.017342	1.994538
1.676137	470923.525615	4398903.630115	5.615614	-0.516736	5.591789	1543306949.759761	3.380540	2.011428	1.997397
1.665294	470923.465843	4398904.244557	5.602097	-0.520253	5.577888	1543306949.860273	3.497107	2.009631	2.002128
1.688678	470923.454553	4398904.791131	5.610069	-0.505199	5.587275	1543306949.958642	3.554939	2.132921	2.005158
1.697165	470923.407086	4398905.291191	5.673331	-0.488043	5.652300	1543306950.058687	3.370128	2.017898	2.004621
1.672985	470923.375785	4398905.891461	5.629298	-0.454737	5.610901	1543306950.162915	3.493824	2.021678	2.001068
1.684158	470923.307143	4398906.492999	5.680452	-0.506509	5.657825	1543306950.260407	3.458572	2.002492	1.996196
1.675058	470923.240163	4398907.592000	5.586661	-0.536204	5.560870	1543306950.459834	3.434248	2.077322	1.992354
1.679094	470923.181304	4398908.115080	5.599275	-0.563084	5.570890	1543306950.558516	3.369339	1.997332	1.989540
1.654735	470923.040498	4398909.220370	5.681973	-0.580916	5.652199	1543306950.767210	3.300352	2.018074	1.993170
1.678634	470923.026863	4398909.894929	5.511419	-0.574147	5.481432	1543306950.857173	3.520468	2.093318	2.067143
1.674704	470922.970926	4398910.445551	5.514661	-0.573543	5.484755	1543306950.959043	3.478761	2.084179	2.064373
1.676516	470922.926701	4398911.039120	5.649456	-0.580206	5.619583	1543306951.058499	3.551572	2.087376	2.063221
1.673414	470922.877893	4398911.454866	5.678699	-0.582607	5.648734	1543306951.159440	3.357666	2.013285	2.059143
1.657941	470922.808867	4398912.109670	5.666584	-0.593410	5.635427	1543306951.272218	3.563487	1.983107	2.058367
1.657761	470922.735231	4398912.684940	5.662141	-0.555231	5.634852	1543306951.358989	3.598358	2.000674	2.055562
1.680457	470922.719796	4398913.162291	5.631592	-0.529281	5.606665	1543306951.471277	3.382806	2.000119	2.058444
1.665739	470922.705263	4398913.875997	5.648299	-0.469324	5.628767	1543306951.560904	3.631088	2.029480	2.061637
1.667667	470922.606630	4398914.332217	5.637718	-0.565917	5.609243	1543306951.670809	3.308429	2.057890	2.061017
1.657017	470922.582098	4398915.005390	5.631030	-0.537746	5.605294	1543306951.762988	3.523524	2.081492	1.991271
1.675415	470922.510869	4398915.487867	5.614820	-0.554070	5.587416	1543306951.868463	3.330131	2.077363	1.995689
1.656536	470922.466646	4398916.167576	5.770476	-0.541706	5.744993	1543306951.959774	3.522697	2.002176	2.013177
1.682997	470922.381834	4398917.222884	5.798716	-0.600008	5.767591	1543306952.161285	3.310326	2.047246	2.024319
1.663878	470922.318403	4398917.780348	5.769472	-0.574413	5.740807	1543306952.270315	3.298520	2.024219	2.019374
1.677891	470922.325184	4398918.436177	5.557635	-0.434061	5.540658	1543306952.361125	3.544849	2.052185	2.008543
1.668320	470922.207311	4398918.933814	5.536835	-0.502195	5.514013	1543306952.471417	3.359542	2.062995	1.998969
1.651671	470922.214537	4398919.579626	5.530409	-0.481315	5.509424	1543306952.558540	3.486106	2.062416	1.988054
1.633855	470922.114517	4398920.091262	5.772346	-0.492984	5.751256	1543306952.672977	3.374538	2.090144	1.992592
1.683818	470922.102810	4398920.640214	5.787095	-0.477897	5.767329	1543306952.758842	3.338630	2.058086	1.998631
1.663296	470922.039247	4398921.771609	5.737187	-0.461865	5.718566	1543306952.959064	3.292964	2.034369	1.995139
1.657217	470921.954661	4398922.333399	5.707652	-0.471790	5.688119	1543306953.063289	3.291868	2.083313	2.057868
1.648659	470921.949832	4398922.897368	5.686064	-0.460126	5.667417	1543306953.158419	3.299454	2.017153	2.044500
1.612754	470921.819918	4398923.465037	5.664068	-0.379271	5.651355	1543306953.270282	3.416790	2.021986	2.042023
1.645371	470921.861269	4398924.171698	5.620922	-0.399791	5.606686	1543306953.367959	3.576415	2.038015	2.042644
1.655276	470921.841048	4398924.732044	5.662586	-0.398982	5.648512	1543306953.469173	3.523530	2.062160	2.056557
1.659491	470921.767059	4398925.202388	5.655587	-0.380968	5.642741	1543306953.569234	3.346117	2.037312	2.060163
1.643465	470921.735688	4398925.834689	5.633629	-0.390261	5.620095	1543306953.676542	3.449087	2.057489	2.000262
1.657095	470921.653811	4398926.347998	5.876552	-0.434601	5.860460	1543306953.768796	3.355090	2.040436	1.995682
1.681382	470921.690438	4398926.941374	5.873678	-0.438845	5.857261	1543306953.869129	3.327996	1.997126	2.063966
1.626423	470921.537787	4398927.474369	5.867592	-0.396512	5.854179	1543306953.958292	3.271057	2.043849	2.072613
1.626750	470921.499593	4398928.052394	5.733166	-0.362989	5.721663	1543306954.065727	3.277039	2.023580	2.070102
1.650819	470921.512949	4398928.747534	5.744472	-0.351983	5.733678	1543306954.158529	3.533725	2.048852	2.064791
1.643202	470921.424962	4398929.214225	5.796396	-0.379358	5.783969	1543306954.270745	3.308438	2.026520	2.064206
1.636098	470921.388705	4398929.786631	5.591752	-0.365499	5.579794	1543306954.358564	3.343047	1.985420	2.067356
1.642952	470921.355791	4398930.322472	5.589973	-0.370846	5.577659	1543306954.475361	3.429247	1.988032	2.056173
1.638016	470921.305950	4398930.868839	5.588425	-0.372449	5.576000	1543306954.558128	3.370023	1.989401	2.052720
1.656095	470921.260983	4398931.612557	5.584533	-0.410114	5.569454	1543306954.671205	3.647367	2.056192	2.054384
1.657755	470921.270093	4398932.148862	5.857413	-0.458831	5.839415	1543306954.757085	3.585555	2.020481	2.065512
1.640635	470921.176747	4398932.568121	5.588323	-0.412365	5.573088	1543306954.870602	3.390034	1.993548	2.061409
1.639301	470921.114618	4398933.116825	5.589851	-0.401495	5.575414	1543306954.960598	3.326747	2.034485	2.071284
1.635554	470921.013245	4398933.725482	5.586387	-0.386698	5.572987	1543306955.064456	3.316859	2.039714	2.001195
1.653795	470921.061320	4398934.283856	5.820039	-0.418831	5.804949	1543306955.157093	3.309254	1.948808	1.999073
1.656015	470921.016145	4398934.831066	5.888499	-0.437750	5.872205	1543306955.269862	3.339432	1.952460	2.071160
1.657902	470920.902648	4398935.954881	5.756414	-0.455980	5.738326	1543306955.468835	3.328445	1.991911	1.995191
1.660724	470920.880087	4398936.531813	5.589998	-0.443195	5.572402	1543306955.558234	3.362626	1.998745	1.997946
1.654993	470920.822409	4398937.083247	5.584922	-0.452880	5.566529	1543306955.669388	3.322517	1.954629	1.993762
1.647024	470920.744722	4398937.635397	5.588715	-0.443164	5.571117	1543306955.760461	3.360574	1.999594	2.003318
1.640604	470920.658865	4398938.208714	5.589817	-0.423532	5.573749	1543306955.872798	3.281136	2.068890	2.004722
1.662520	470920.592370	4398939.344946	5.760090	-0.466700	5.741152	1543306956.067147	3.293353	2.072165	2.003099
1.660998	470920.547181	4398939.898006	5.718211	-0.467851	5.699040	1543306956.158603	3.302522	2.070089	2.005866
1.643880	470920.489906	4398940.597847	5.761468	-0.475383	5.741822	1543306956.270817	3.591735	2.120721	2.001804
1.642073	470920.489295	4398940.985417	5.669221	-0.401006	5.655021	1543306956.361887	3.342346	1.964061	1.997419
1.639700	470920.422967	4398941.569579	5.601994	-0.458602	5.583191	1543306956.467420	3.294436	2.000158	2.001704
1.641264	470920.378582	4398942.122376	5.687564	-0.479946	5.667277	1543306956.560551	3.323750	2.004109	2.010139
1.650910	470920.297323	4398942.681119	5.614599	-0.464741	5.595332	1543306956.667751	3.335225	2.052393	2.007674
1.651706	470920.298445	4398943.252832	5.688224	-0.466620	5.669053	1543306956.758331	3.339370	2.008400	2.009560
1.648279	470920.225030	4398943.961169	5.688727	-0.447853	5.671071	1543306956.868963	3.563792	2.125488	2.005958
1.646245	470920.173842	4398944.971504	5.677306	-0.462939	5.658400	1543306957.062414	3.408227	2.005472	2.070484
1.644929	470920.075984	4398945.533753	5.646471	-0.444848	5.628921	1543306957.170802	3.357824	2.013937	2.067298
1.654439	470920.097305	4398946.128231	5.579687	-0.449148	5.561580	1543306957.269543	3.358923	1.952830	2.059730
1.625501	470919.990167	4398946.701065	5.569332	-0.453752	5.550817	1543306957.370052	3.384028	2.009432	2.053611
1.651062	470919.966561	4398947.247967	5.574489	-0.451422	5.556180	1543306957.469442	3.390545	2.018691	2.054070
1.636714	470919.900276	4398947.902510	5.645196	-0.434620	5.628441	1543306957.572535	3.567526	2.069287	2.062815
1.656374	470919.827421	4398948.882910	5.705310	-0.430260	5.689063	1543306957.770016	3.397557	2.072543	1.997349
1.645891	470919.778771	4398949.472907	5.653239	-0.375069	5.640783	1543306957.873552	3.378096	2.047281	2.001673
1.655376	470919.692737	4398950.172854	5.593298	-0.407719	5.578418	1543306957.971614	3.689491	2.050209	2.005368
1.660726	470919.692409	4398950.650970	5.602490	-0.443934	5.584874	1543306958.066993	3.521451	2.146297	2.008715
1.654693	470919.603085	4398951.103683	5.578519	-0.450283	5.560317	1543306958.170672	3.294518	2.071543	2.009812
1.660327	470919.588961	4398951.666346	5.514240	-0.461977	5.494854	1543306958.271864	3.342859	2.070833	2.004750
1.652119	470919.530186	4398952.235353	5.488983	-0.441771	5.471176	1543306958.368306	3.295933	2.070577	2.007347
1.668891	470919.519487	4398952.817263	5.534180	-0.482010	5.513149	1543306958.467188	3.337771	2.045181	2.012594
1.660706	470919.461979	4398953.366910	5.555675	-0.489701	5.534051	1543306958.570642	3.300149	2.000432	2.007719
1.648295	470919.403636	4398953.920813	5.538494	-0.498283	5.516034	1543306958.669139	3.297814	1.999232	2.005286
1.662394	470919.362606	4398954.640627	5.655043	-0.511822	5.631834	1543306958.776332	3.622103	2.073814	1.996609
1.653822	470919.322124	4398955.029858	5.601341	-0.468537	5.581711	1543306958.872418	3.415008	2.022851	2.068971
1.659263	470919.266433	4398955.664701	5.576893	-0.475688	5.556569	1543306958.970792	3.584435	2.027533	2.061200
1.662299	470919.258845	4398956.229514	5.656781	-0.495500	5.635037	1543306959.069879	3.588039	2.071426	2.053486
1.670456	470919.213961	4398956.806522	5.675541	-0.522875	5.651404	1543306959.169468	3.592356	2.100088	2.054575
1.659693	470919.165261	4398957.326896	5.673457	-0.515812	5.649960	1543306959.269882	3.513220	2.064254	2.058947
1.684239	470919.137484	4398957.808077	5.653352	-0.521722	5.629227	1543306959.372087	3.405341	2.000330	2.057029
1.692993	470919.100703	4398958.352885	5.565523	-0.490520	5.543865	1543306959.469601	3.412336	1.995048	2.059675
1.667609	470919.040843	4398958.892375	5.578343	-0.509181	5.555056	1543306959.573186	3.381837	1.988104	1.986562
1.678299	470919.011611	4398959.477760	5.566848	-0.512337	5.543221	1543306959.669466	3.415249	2.013228	1.985408
1.659278	470918.918807	4398960.068914	5.603050	-0.490325	5.581554	1543306959.771179	3.375005	2.035882	1.996328
1.646405	470918.840071	4398960.609153	5.646869	-0.467994	5.627443	1543306959.868670	3.317166	2.112636	1.999967
1.650864	470918.818687	4398961.296344	5.662103	-0.463034	5.643138	1543306959.971981	3.543632	2.131053	1.998340
1.635493	470918.744769	4398961.862532	5.675306	-0.475444	5.655355	1543306960.063773	3.551610	2.124270	2.003910
1.650087	470918.708825	4398962.427172	5.663436	-0.483098	5.642794	1543306960.171909	3.573238	2.132782	2.004569
1.656425	470918.686967	4398962.898055	5.723505	-0.488727	5.702601	1543306960.269499	3.354039	2.057865	2.005606
1.643520	470918.624383	4398963.540704	5.708386	-0.460650	5.689769	1543306960.366632	3.513398	2.128150	2.002252
1.661007	470918.621690	4398963.970476	5.794483	-0.433314	5.778258	1543306960.469329	3.362261	1.992963	2.062479
1.659203	470919.570842	4398964.213231	5.800866	-0.405699	5.786662	1543306960.569638	4.259746	3.932894	2.052819
1.651762	470918.509778	4398965.132717	5.804595	-0.443036	5.787663	1543306960.670397	3.397471	2.002942	2.051703
1.666761	470918.468063	4398965.723652	5.793301	-0.484191	5.773032	1543306960.771840	3.438655	2.010954	2.053925
1.661651	470918.435100	4398966.290908	5.777117	-0.498435	5.755575	1543306960.869318	3.436128	2.001387	2.054329
1.646706	470918.322004	4398967.398155	5.877338	-0.481114	5.857613	1543306961.063784	3.347969	2.023264	1.989780
1.665638	470918.292091	4398968.049110	5.877013	-0.507939	5.855021	1543306961.171364	3.389976	2.079837	2.001532
1.665990	470918.224367	4398968.708228	5.877112	-0.526958	5.853440	1543306961.271297	3.560214	2.154087	2.014314
1.655805	470918.204400	4398969.291820	5.813816	-0.511434	5.791277	1543306961.366455	3.551046	2.061463	2.025673
1.676146	470918.158782	4398969.754140	5.794143	-0.544082	5.768541	1543306961.472145	3.336139	2.037339	2.042298
1.680365	470918.112257	4398970.433043	5.880178	-0.562781	5.853185	1543306961.574543	3.495524	2.096394	2.042121
1.660881	470918.053289	4398971.012262	5.883642	-0.536587	5.859123	1543306961.667943	3.536161	2.043319	2.034454
1.658857	470917.791979	4398973.805164	5.907484	-0.476045	5.888272	1543306962.172994	3.373790	2.025306	2.059743
1.670177	470917.747111	4398974.366897	5.911546	-0.511928	5.889338	1543306962.271441	3.406564	2.038285	2.046820
1.657398	470917.684950	4398975.026526	5.875682	-0.508741	5.853616	1543306962.373954	3.543499	2.049163	2.041986
1.657849	470917.665070	4398975.633264	5.921460	-0.471652	5.902647	1543306962.470129	3.468907	1.955431	2.046035
1.669600	470917.636710	4398976.248408	5.868051	-0.509254	5.845912	1543306962.573154	3.520342	1.934699	2.038082
1.684309	470917.607252	4398976.736261	5.940041	-0.525060	5.916790	1543306962.681713	3.367776	1.999078	2.043356
1.664768	470917.501208	4398977.289900	5.942556	-0.484280	5.922791	1543306962.774588	3.351990	2.038772	2.056205
1.669208	470917.478835	4398977.921463	5.952831	-0.506666	5.931230	1543306962.882274	3.328942	2.040625	2.056675
1.671729	470917.399413	4398979.067576	5.960748	-0.516447	5.938333	1543306963.085542	3.388079	2.029778	2.075128
1.662346	470917.296766	4398979.658736	5.964790	-0.527161	5.941450	1543306963.174309	3.405490	2.061672	1.992912
1.657572	470917.259510	4398980.257279	5.895475	-0.517214	5.872743	1543306963.279925	3.412014	2.015771	1.996429
1.667557	470917.224721	4398980.831333	5.876262	-0.493055	5.855541	1543306963.371983	3.415946	2.019214	1.991240
1.700026	470917.242392	4398981.375558	5.731732	-0.486087	5.711083	1543306963.485469	3.374923	2.043176	1.998907
1.685706	470917.139866	4398981.978684	5.734164	-0.502426	5.712110	1543306963.571589	3.424963	2.069376	1.992851
1.691440	470917.085903	4398982.535022	5.738884	-0.540116	5.713411	1543306963.679878	3.388076	2.003248	1.999573
1.691073	470917.054695	4398983.170982	5.746739	-0.534803	5.721800	1543306963.771080	3.396357	2.027246	2.002069
1.683708	470917.037833	4398983.836200	5.748228	-0.576548	5.719241	1543306963.880314	3.569780	2.077660	2.006142
1.693948	470916.953664	4398984.288718	5.767755	-0.554923	5.740998	1543306963.972337	3.392289	1.963796	2.011235
1.677028	470916.930323	4398985.001168	5.842117	-0.582971	5.812958	1543306964.083112	3.613696	2.087958	2.016144
1.675958	470916.871580	4398985.444544	5.806975	-0.546892	5.781165	1543306964.170100	3.370862	1.986801	2.013388
1.701144	470916.848958	4398986.105260	5.830261	-0.493493	5.809338	1543306964.280334	3.416108	2.046582	2.016092
1.710690	470916.788896	4398986.656969	5.882325	-0.513099	5.859904	1543306964.372067	3.367585	2.062379	2.018840
1.674690	470916.731090	4398987.249108	5.864629	-0.504880	5.842856	1543306964.478661	3.361480	2.012987	2.021456
1.701531	470916.701693	4398987.792565	5.826207	-0.465667	5.807568	1543306964.571561	3.382771	2.022284	2.015413
1.674579	470916.630029	4398988.345195	5.790070	-0.512892	5.767309	1543306964.678430	3.367204	1.970140	2.011041
1.701077	470916.603436	4398988.936979	5.756388	-0.506904	5.734026	1543306964.770341	3.391529	2.043672	2.014430
1.676203	470916.536692	4398989.579340	5.776734	-0.525075	5.752821	1543306964.879547	3.519099	2.087502	2.008630
1.684955	470916.473969	4398990.090085	5.789369	-0.575552	5.760689	1543306964.971352	3.394174	1.987767	1.996823
1.677453	470916.412035	4398990.657592	5.794385	-0.591358	5.764130	1543306965.078798	3.354931	2.024420	1.995803
1.678435	470916.358394	4398991.196319	5.794460	-0.545654	5.768711	1543306965.172009	3.419966	2.065287	1.998708
1.657597	470916.283977	4398991.769125	5.752991	-0.526508	5.728848	1543306965.278315	3.365831	2.011001	2.072946
1.671130	470916.265340	4398992.326489	5.694540	-0.538501	5.669022	1543306965.369617	3.307142	2.005317	2.060866
1.666080	470916.198248	4398992.925600	5.679911	-0.538406	5.654335	1543306965.481233	3.389977	2.015551	2.054996
1.667538	470916.161322	4398993.436151	5.569625	-0.531502	5.544207	1543306965.571819	3.347717	2.050229	2.067516
1.678417	470916.106570	4398994.033171	5.624641	-0.561212	5.596573	1543306965.681242	3.410310	2.057838	1.991915
1.684052	470916.102676	4398994.590269	5.613197	-0.586735	5.582448	1543306965.772380	3.413254	2.016404	2.006163
1.681925	470915.995617	4398995.923115	5.806228	-0.521554	5.782756	1543306965.968428	3.662323	2.020369	2.003956
1.670484	470915.916591	4398996.299039	5.810341	-0.520956	5.786939	1543306966.079634	3.302098	2.001959	2.009292
1.675756	470915.895565	4398996.895851	5.799436	-0.552631	5.773046	1543306966.170978	3.351125	2.000235	2.008986
1.694883	470915.874010	4398997.500186	5.796148	-0.562482	5.768791	1543306966.279923	3.411353	2.016719	2.001262
1.675465	470915.777014	4398998.055218	5.788089	-0.531167	5.763665	1543306966.373785	3.389271	2.012288	2.004065
1.678760	470915.769309	4398998.610369	5.796714	-0.468509	5.777750	1543306966.468769	3.418020	1.993245	2.004086
1.668103	470915.674940	4398999.364883	5.774605	-0.527597	5.750453	1543306966.570050	3.713529	2.015632	2.002312
1.671145	470915.641733	4398999.796155	5.769266	-0.470282	5.750066	1543306966.669430	3.399785	2.013813	1.999727
1.682549	470915.613569	4399000.369792	5.764231	-0.504930	5.742073	1543306966.770509	3.401562	2.068994	2.004431
1.658133	470915.528313	4399001.069166	5.741706	-0.486159	5.721087	1543306966.869130	3.670539	2.046150	2.002417
1.671071	470915.501770	4399001.495630	5.740638	-0.518273	5.717195	1543306966.971270	3.390590	2.034241	1.998331
1.679582	470915.424513	4399002.649654	5.741379	-0.533336	5.716554	1543306967.172251	3.399215	2.047174	2.001741
1.670725	470915.361744	4399003.215633	5.725313	-0.546461	5.699175	1543306967.271933	3.396541	2.009776	2.002453
1.684443	470915.328062	4399003.785611	5.739198	-0.586448	5.709157	1543306967.371783	3.377724	2.015628	2.001697
1.673290	470915.250913	4399004.373093	5.737717	-0.586682	5.707644	1543306967.480323	3.369832	1.970635	2.001621
1.671143	470915.233439	4399004.954005	5.805457	-0.589209	5.775479	1543306967.568915	3.382094	1.968970	2.000038
1.680960	470915.141607	4399005.497835	5.844982	-0.641710	5.809649	1543306967.682515	3.385540	1.990623	1.994827
1.660978	470915.003101	4399006.676911	5.845249	-0.582051	5.816197	1543306967.885103	3.375408	1.992683	2.074093
1.649956	470914.914095	4399007.233309	5.749618	-0.529577	5.725178	1543306967.976335	3.379395	2.064520	2.068279
1.676429	470914.938195	4399007.927375	5.811458	-0.525943	5.787610	1543306968.082618	3.525372	2.031749	2.061677
1.683318	470914.880588	4399008.421392	5.763210	-0.522156	5.739507	1543306968.173555	3.367190	2.005095	2.063957
1.675287	470914.812675	4399008.966678	5.739366	-0.549664	5.712984	1543306968.286031	3.279126	2.050335	2.071577
1.650266	470914.757511	4399009.551142	5.869081	-0.526856	5.845386	1543306968.380185	3.325382	2.053317	2.077619
1.686292	470914.762816	4399010.127960	5.825665	-0.492341	5.804823	1543306968.478446	3.398919	2.026615	1.994035
1.702897	470914.738380	4399010.688031	5.769899	-0.477345	5.750119	1543306968.580683	3.376336	2.046936	1.995279
1.689057	470914.682693	4399011.260690	5.770323	-0.478538	5.750446	1543306968.680903	3.345617	2.027140	2.000739
1.685157	470914.669415	4399011.906784	5.819277	-0.428446	5.803483	1543306968.782396	3.458866	2.053552	2.001235
1.688914	470914.585120	4399012.417053	5.769779	-0.517094	5.746561	1543306968.881634	3.356901	2.048281	1.998914
1.700684	470914.549728	4399013.001100	5.519911	-0.480614	5.498948	1543306968.983392	3.446172	2.043247	1.998948
1.696404	470914.495208	4399013.529275	5.522559	-0.428216	5.505932	1543306969.085123	3.283786	2.036492	2.015624
1.686400	470914.432980	4399014.139843	5.522806	-0.506550	5.499527	1543306969.181315	3.328631	1.990691	2.017510
1.684764	470914.378734	4399014.686219	5.524407	-0.491187	5.502527	1543306969.279513	3.347301	2.036089	2.007447
1.695747	470914.364780	4399015.244957	5.715840	-0.453025	5.697859	1543306969.382658	3.328549	2.032157	2.002389
1.688816	470914.279551	4399015.783729	5.528917	-0.479567	5.508080	1543306969.480631	3.385636	2.030369	2.015290
1.670738	470914.132100	4399016.870124	5.754177	-0.549749	5.727855	1543306969.681331	3.423716	2.068332	2.006972
1.662261	470914.079447	4399017.452406	5.788370	-0.544236	5.762728	1543306969.782592	3.438326	2.016587	2.006634
1.691076	470914.085467	4399018.056050	5.654888	-0.582896	5.624765	1543306969.884177	3.572323	2.166704	2.003987
1.688419	470914.064618	4399018.487959	5.509914	-0.594350	5.477765	1543306969.978712	3.390487	1.987737	2.001284
1.685509	470914.021484	4399019.051566	5.285595	-0.582745	5.253373	1543306970.078543	3.424659	1.983427	1.998280
1.683220	470913.927036	4399019.774931	5.279876	-0.608584	5.244684	1543306970.180896	3.658807	2.066046	2.069977
1.698892	470913.907518	4399020.320617	5.276278	-0.632137	5.238274	1543306970.278665	3.695121	2.061805	2.060341
1.680204	470913.874563	4399020.635099	5.275832	-0.613047	5.240093	1543306970.378622	3.288573	1.986763	2.059399
1.687851	470913.819996	4399021.377779	5.272729	-0.613761	5.236885	1543306970.484343	3.664376	2.024948	2.062646
1.677619	470913.782721	4399021.727947	5.272027	-0.595369	5.238302	1543306970.581825	3.303443	2.016413	2.050786
1.675469	470913.668909	4399022.865701	5.263918	-0.559399	5.234110	1543306970.782040	3.410409	2.144632	1.999988
1.656822	470913.623763	4399023.337865	5.250734	-0.519683	5.224954	1543306970.877738	3.264065	1.997869	1.995839
1.662332	470913.555879	4399023.850469	5.420799	-0.498454	5.397833	1543306970.980547	3.295660	2.015846	2.067883
1.653549	470913.540497	4399024.391977	5.449870	-0.482044	5.428509	1543306971.078516	3.254719	2.012854	2.068755
1.666234	470913.463659	4399024.957940	5.194504	-0.472514	5.172968	1543306971.182924	3.327305	2.097153	2.067745
1.648643	470913.421005	4399025.466600	5.170975	-0.445696	5.151731	1543306971.281391	3.278515	2.045667	2.057549
1.657381	470913.391542	4399026.000539	5.141988	-0.443690	5.122809	1543306971.380353	3.336787	2.038344	2.051327
1.638925	470913.327022	4399026.524469	5.453680	-0.433616	5.436415	1543306971.482468	3.300227	2.033288	2.054717
1.605811	470913.259296	4399027.183315	5.382291	-0.451860	5.363290	1543306971.580070	3.559601	2.031514	2.053810
1.651274	470913.240161	4399028.212086	5.252547	-0.430755	5.234854	1543306971.780148	3.533709	2.090843	2.047311
1.650283	470913.184612	4399028.738659	5.195195	-0.420977	5.178111	1543306971.887777	3.517117	2.020171	2.048659
1.672374	470913.180910	4399029.152608	5.161669	-0.410076	5.145353	1543306971.982506	3.310861	2.017190	2.049160
1.664479	470913.153026	4399029.737628	5.140786	-0.400909	5.125129	1543306972.082412	3.535069	2.043416	2.053564
1.657911	470913.064323	4399030.204448	5.122617	-0.462610	5.101686	1543306972.181101	3.299256	2.012288	2.057490
1.648754	470913.003602	4399030.740674	5.105163	-0.437445	5.086387	1543306972.280157	3.336652	2.013025	2.057382
1.655109	470912.958025	4399031.251639	5.089567	-0.433220	5.071095	1543306972.381616	3.301764	2.031058	2.054101
1.664298	470912.942108	4399031.741945	5.314927	-0.428981	5.297586	1543306972.477831	3.296440	2.008292	2.048151
1.660967	470912.902430	4399032.295695	5.323508	-0.444079	5.304954	1543306972.580721	3.348591	2.029952	2.051857
1.646735	470912.835433	4399032.909040	5.323179	-0.457026	5.303524	1543306972.679840	3.493914	2.092278	2.053195
1.652896	470912.793223	4399033.445659	5.318642	-0.448775	5.299675	1543306972.780060	3.516869	2.073014	2.046113
1.663610	470912.766510	4399033.849374	5.339945	-0.440669	5.321731	1543306972.880914	3.287934	2.008607	2.055118
1.642566	470912.692570	4399034.438433	5.397532	-0.410808	5.381876	1543306972.980944	3.399388	2.010731	2.061985
1.658454	470912.680412	4399034.972314	5.385870	-0.433382	5.368405	1543306973.084237	3.405124	1.977218	2.065201
1.664503	470912.630050	4399035.513153	5.377268	-0.459006	5.357642	1543306973.179566	3.433866	2.000666	1.993096
1.657565	470912.606367	4399036.021033	5.463921	-0.460557	5.444476	1543306973.278097	3.420939	2.010332	1.999046
1.635740	470912.530149	4399036.684952	5.482012	-0.439875	5.464336	1543306973.381673	3.547025	2.038452	2.008380
1.631638	470912.500779	4399037.145174	5.421243	-0.460077	5.401686	1543306973.478410	3.378438	1.982566	2.006263
1.649971	470912.457179	4399037.736815	5.362943	-0.431971	5.345518	1543306973.578243	3.516817	2.044839	2.004410
1.635220	470912.375726	4399038.209055	5.324813	-0.397086	5.309986	1543306973.676884	3.380918	1.997384	2.007251
1.643570	470912.305983	4399038.901042	5.307706	-0.392036	5.293208	1543306973.778886	3.681869	1.969352	2.005810
1.648942	470912.217221	4399039.901539	5.269355	-0.398993	5.254227	1543306973.978442	3.499684	2.086682	2.066930
1.649446	470912.233519	4399040.464028	5.245031	-0.402592	5.229557	1543306974.079575	3.506070	2.069564	2.054160
1.648712	470912.170678	4399040.842149	5.238438	-0.425279	5.221146	1543306974.185430	3.339696	1.986130	2.050274
1.667870	470912.152115	4399041.357728	5.232355	-0.454574	5.212572	1543306974.282397	3.259488	2.014721	2.040974
1.663670	470912.093892	4399041.901577	5.231724	-0.466387	5.210895	1543306974.379869	3.296829	1.993758	2.044689
1.669645	470912.030751	4399042.549097	5.226459	-0.436804	5.208174	1543306974.486610	3.522570	2.142674	2.073302
1.664179	470912.013067	4399042.982916	5.506125	-0.479065	5.485244	1543306974.580829	3.295568	2.004977	2.069427
1.670448	470911.891540	4399044.102326	5.194690	-0.520918	5.168506	1543306974.785120	3.515688	2.133300	1.992513
1.691749	470911.898349	4399044.525609	5.193199	-0.524983	5.166595	1543306974.881022	3.359884	2.016398	2.067987
1.683886	470911.797461	4399045.026207	5.190042	-0.547315	5.161103	1543306974.979565	3.311606	2.067728	2.065334
1.692077	470911.787816	4399045.721746	5.197775	-0.576299	5.165728	1543306975.080538	3.640563	1.999618	2.061209
1.678537	470911.733061	4399046.064981	5.449649	-0.588545	5.417775	1543306975.182837	3.364172	2.031211	2.066539
1.669023	470911.679476	4399046.563213	5.453392	-0.519468	5.428594	1543306975.280762	3.367671	1.957086	2.068277
1.669303	470911.650411	4399047.104673	5.452411	-0.525447	5.427033	1543306975.387044	3.280842	2.001064	2.066054
1.666139	470911.586550	4399047.671149	5.453402	-0.523014	5.428264	1543306975.481924	3.273938	2.005358	1.988522
1.676432	470911.551106	4399048.382259	5.479759	-0.465552	5.459947	1543306975.590060	3.696631	2.107255	1.997523
1.707935	470911.545678	4399048.884004	5.443876	-0.475805	5.423043	1543306975.681510	3.497678	2.115289	1.999893
1.703184	470911.510686	4399049.358242	5.432054	-0.446368	5.413683	1543306975.790011	3.421175	2.097764	1.998786
1.691609	470911.450916	4399049.841255	5.449163	-0.404130	5.434156	1543306975.882440	3.353552	2.030329	1.996937
1.674700	470911.346987	4399050.540366	5.373838	-0.420056	5.357396	1543306975.989898	3.652745	2.034283	1.997064
1.673589	470911.286867	4399051.493631	5.391068	-0.457168	5.371649	1543306976.191651	3.412309	2.064474	2.007089
1.682111	470911.261837	4399051.939664	5.333934	-0.488254	5.311540	1543306976.282621	3.350571	1.983750	2.004914
1.666599	470911.191970	4399052.510885	5.380693	-0.458351	5.361135	1543306976.389699	3.388117	2.010850	2.006530
1.702831	470911.189736	4399053.052193	5.488453	-0.477613	5.467632	1543306976.482204	3.365315	2.046208	2.013510
1.665752	470911.072479	4399053.619454	5.497760	-0.494373	5.475488	1543306976.593051	3.412205	1.961249	2.016124
1.634194	470910.963683	4399054.300689	5.562620	-0.513992	5.538822	1543306976.681007	3.593440	2.028819	2.015299
1.634801	470910.946343	4399054.738836	5.608464	-0.500283	5.586107	1543306976.788846	3.379024	1.989886	2.014141
1.637728	470910.882817	4399055.237177	5.652401	-0.469792	5.632844	1543306976.881330	3.320186	1.987204	2.000964
1.673716	470910.853015	4399056.362712	5.561068	-0.432397	5.544232	1543306977.081943	3.327383	2.017060	2.004726
1.699525	470910.849541	4399056.872676	5.623764	-0.503112	5.601214	1543306977.191033	3.287326	2.019078	2.002606
1.672087	470910.776316	4399057.553089	5.604487	-0.475144	5.584310	1543306977.280718	3.534648	1.917600	1.999537
1.686241	470910.750735	4399057.999122	5.628076	-0.443516	5.610573	1543306977.381874	3.415603	1.976906	2.001992
1.667109	470910.656580	4399058.648973	5.679527	-0.481716	5.659061	1543306977.484949	3.563559	1.976764	2.010372
1.694920	470910.646913	4399059.096276	5.665303	-0.426361	5.649237	1543306977.582027	3.435935	1.926656	2.013185
1.684197	470910.573695	4399059.653412	5.679276	-0.506287	5.656664	1543306977.680479	3.402062	1.881266	2.015664
1.688621	470910.499477	4399060.184227	5.632160	-0.510842	5.608945	1543306977.780638	3.403268	1.835792	2.010154
1.651492	470910.502871	4399060.768788	5.641371	-0.491271	5.619939	1543306977.882380	3.418597	1.924804	2.004156
1.666312	470910.488993	4399061.278798	5.813241	-0.523656	5.789608	1543306977.982245	3.203593	1.975391	1.994649
1.675729	470910.439288	4399061.775560	5.614579	-0.513134	5.591081	1543306978.081050	3.301465	1.982268	2.074520
1.686845	470910.389802	4399062.378456	5.536669	-0.562445	5.508027	1543306978.179163	3.262756	1.987432	2.063554
1.689938	470910.325741	4399062.936281	5.580160	-0.602825	5.547503	1543306978.284123	3.397090	2.067699	2.057534
1.690582	470910.299108	4399063.498400	5.455614	-0.537435	5.429078	1543306978.379989	3.348024	1.986386	2.063804
1.692078	470910.233318	4399064.009022	5.455632	-0.489659	5.433613	1543306978.482244	3.247616	1.929065	2.066684
1.710586	470910.167773	4399065.112597	5.553674	-0.629279	5.517907	1543306978.680332	3.478085	2.051776	2.000239
1.677799	470910.110740	4399065.703651	5.580212	-0.538720	5.554147	1543306978.784283	3.351784	1.972639	2.013202
1.700814	470910.010230	4399066.228984	5.603616	-0.547338	5.576821	1543306978.882855	3.313375	1.856861	2.017418
1.691295	470909.944776	4399066.739711	5.402004	-0.572003	5.371635	1543306978.979369	3.266462	1.873062	2.005346
1.690655	470909.900354	4399067.284796	5.435027	-0.603501	5.401417	1543306979.081700	3.267704	1.863437	2.008790
1.678401	470909.911905	4399067.839198	5.452775	-0.598233	5.419859	1543306979.178279	3.291120	1.964860	2.009438
1.678755	470909.807397	4399068.411125	5.480616	-0.597227	5.447979	1543306979.279554	3.359070	1.839292	2.004274
1.688791	470909.771560	4399068.919606	5.527231	-0.620544	5.492286	1543306979.390426	3.255665	1.861869	2.011446
1.683807	470909.728660	4399069.490944	5.601000	-0.629922	5.565464	1543306979.479132	3.238223	1.851028	2.016023
1.684174	470909.693143	4399070.024147	5.583212	-0.590980	5.551847	1543306979.588665	3.235461	1.849065	2.019516
1.670186	470909.675542	4399070.705335	5.348783	-0.552895	5.320131	1543306979.689679	3.479515	1.958365	2.027857
1.692496	470909.670589	4399071.164085	5.358398	-0.587632	5.326079	1543306979.788265	3.290710	2.034920	2.035012
1.680483	470909.625055	4399071.721543	5.373492	-0.589000	5.341114	1543306979.880081	3.297713	1.979950	2.026360
1.694094	470909.496713	4399072.230457	5.526738	-0.633289	5.490335	1543306979.992611	3.237300	1.830868	2.019145
1.670872	470909.475187	4399073.860535	5.495227	-0.593421	5.463092	1543306980.285910	3.198207	1.986783	2.001235
1.644529	470909.431362	4399074.416491	5.486553	-0.526354	5.461246	1543306980.391229	3.232177	1.887829	2.017004
1.680037	470909.373895	4399074.945373	5.479960	-0.550870	5.452201	1543306980.480403	3.328755	2.008545	2.035801
1.670485	470909.325903	4399075.496010	5.492647	-0.550210	5.465020	1543306980.589390	3.404755	2.000738	2.049150
1.671797	470909.225245	4399076.720691	5.556119	-0.554872	5.528343	1543306980.789751	3.606375	1.964411	2.021338
1.648624	470909.188833	4399077.161992	5.518878	-0.507661	5.495479	1543306980.879718	3.417423	1.916237	2.008566
1.691712	470909.048065	4399078.239230	5.427176	-0.454069	5.408147	1543306981.080158	3.251906	1.818146	2.074279
1.667271	470909.037079	4399079.335032	5.571125	-0.495208	5.549072	1543306981.279416	3.443493	1.964167	2.002027
1.664502	470909.000299	4399079.855381	5.576799	-0.453789	5.558306	1543306981.391139	3.365342	1.952374	2.004058
1.663750	470908.880946	4399080.413497	5.584267	-0.431814	5.567546	1543306981.480665	3.445732	1.824210	2.002447
1.657282	470908.906295	4399080.993278	5.497748	-0.399935	5.483182	1543306981.589077	3.325206	1.995058	2.006958
1.689324	470908.880075	4399081.520584	5.586795	-0.434548	5.569870	1543306981.684480	3.400036	2.001479	2.006266
1.697752	470908.772294	4399082.031676	5.584961	-0.533191	5.559451	1543306981.787219	3.336459	1.914734	1.996471
1.678894	470908.744222	4399082.608384	5.581919	-0.558329	5.553926	1543306981.880166	3.369059	1.897795	2.005564
1.672124	470908.727826	4399083.225752	5.568051	-0.559433	5.539876	1543306981.988644	3.482916	2.029594	2.005269
1.672282	470908.722548	4399083.653257	5.450149	-0.549184	5.422409	1543306982.080489	3.289516	1.984873	1.998635
1.672445	470908.674325	4399084.203854	5.443480	-0.567090	5.413860	1543306982.189187	3.281750	2.013655	2.076159
1.686197	470908.611022	4399084.865793	5.469836	-0.591020	5.437812	1543306982.279160	3.511751	2.002630	1.996353
1.662132	470908.548374	4399085.497659	5.558503	-0.567999	5.529407	1543306982.389232	3.626441	1.966202	2.070741
1.628173	470908.511880	4399085.828756	5.327670	-0.504418	5.303738	1543306982.479797	3.315155	1.921057	2.059843
1.662167	470908.473588	4399086.559406	5.319245	-0.468052	5.298613	1543306982.589111	3.673302	1.937174	2.065567
1.651837	470908.411889	4399087.058720	5.308602	-0.448546	5.289618	1543306982.679565	3.556287	1.956710	2.065461
1.650481	470908.398023	4399087.509805	5.303097	-0.409153	5.287290	1543306982.794718	3.361247	1.939783	2.050151
1.684631	470908.345863	4399088.116365	5.252644	-0.455106	5.232891	1543306982.883055	3.550034	1.991872	2.057940
1.670091	470908.299178	4399088.533886	5.296426	-0.443373	5.277835	1543306982.988420	3.341162	2.062198	2.069945
1.659291	470908.257153	4399089.034898	5.291373	-0.452222	5.272013	1543306983.083540	3.275972	2.023533	2.071936
1.651726	470908.195033	4399089.588569	5.279958	-0.442152	5.261412	1543306983.190174	3.317405	2.016488	2.071338
1.642242	470908.140553	4399090.139962	5.418042	-0.429036	5.401029	1543306983.282280	3.388751	2.014540	2.065760
1.687805	470908.158514	4399091.221832	5.504116	-0.461700	5.484717	1543306983.478678	3.375737	2.071456	1.994220
1.691402	470908.090347	4399091.913698	5.507881	-0.449171	5.489535	1543306983.592267	3.623236	2.031698	2.005076
1.649624	470907.998434	4399092.275695	5.532999	-0.430871	5.516197	1543306983.679908	3.375830	2.030851	2.016356
1.643614	470907.944340	4399092.849781	5.542164	-0.416339	5.526504	1543306983.791827	3.429351	2.025423	2.014185
1.671708	470907.963985	4399093.417738	5.557997	-0.443656	5.540262	1543306983.881652	3.322398	2.025216	2.007196
1.681513	470907.925461	4399094.002506	5.594143	-0.440860	5.576744	1543306983.991623	3.335933	2.033744	2.002976
1.664107	470907.851167	4399095.204227	5.649337	-0.457882	5.630751	1543306984.189084	3.497146	2.070690	2.000965
1.682732	470907.815660	4399095.665054	5.633779	-0.519825	5.609746	1543306984.283971	3.315453	2.037344	1.992815
1.681052	470907.762044	4399096.235642	5.538561	-0.546627	5.511520	1543306984.388844	3.371017	2.029175	2.069885
1.685941	470907.738964	4399096.770388	5.497665	-0.573894	5.467629	1543306984.481063	3.314288	2.041589	1.991466
1.675497	470907.715102	4399097.401552	5.534043	-0.578177	5.503757	1543306984.589928	3.545465	2.073980	1.993290
1.682023	470907.653667	4399097.862343	5.482302	-0.585336	5.450965	1543306984.679716	3.319417	2.008820	1.993865
1.676730	470907.601028	4399098.425100	5.490045	-0.574520	5.459901	1543306984.788702	3.362476	2.003534	2.074176
1.656931	470907.525170	4399098.968716	5.485308	-0.536320	5.459026	1543306984.884524	3.355930	1.911176	2.064436
1.646547	470907.467485	4399099.505329	5.475477	-0.477223	5.454640	1543306984.990048	3.353296	1.935392	2.065615
1.664981	470907.436541	4399100.194660	5.448785	-0.473441	5.428177	1543306985.083919	3.641567	1.926379	2.063923
1.665291	470907.419480	4399100.595218	5.364160	-0.479624	5.342674	1543306985.188605	3.351748	2.056722	2.054108
1.671656	470907.401824	4399101.147450	5.366683	-0.439933	5.348621	1543306985.283258	3.364362	1.968329	2.058209
1.690841	470907.301716	4399102.388633	5.424178	-0.392918	5.409928	1543306985.481157	3.693779	2.000854	2.051666
1.680119	470907.274751	4399102.792285	5.438309	-0.376493	5.425261	1543306985.590156	3.420449	1.974154	2.051237
1.660074	470907.165273	4399103.869741	5.410671	-0.415997	5.394655	1543306985.788312	3.353602	2.082651	2.052493
1.672149	470907.163494	4399104.410016	5.395525	-0.447328	5.376950	1543306985.880554	3.353322	2.076993	2.056118
1.656638	470907.127612	4399105.047190	5.359369	-0.450053	5.340439	1543306985.989189	3.489649	1.970577	2.061660
1.642157	470906.974941	4399106.728938	5.548577	-0.430781	5.531829	1543306986.287597	3.594779	2.019284	2.060100
1.654849	470906.980227	4399107.237683	5.478028	-0.441689	5.460193	1543306986.390453	3.549054	2.044494	2.063140
1.661255	470906.924684	4399107.691013	5.465529	-0.460448	5.446099	1543306986.485459	3.384347	2.051467	2.063137
1.691988	470906.898664	4399108.200829	5.492608	-0.422839	5.476308	1543306986.591753	3.345376	1.977720	2.068283
1.664528	470906.884061	4399108.871572	5.448261	-0.422399	5.431862	1543306986.680356	3.539972	2.056446	1.995145
1.669072	470906.797722	4399109.470040	5.416947	-0.442001	5.398884	1543306986.790197	3.661016	2.027416	1.998208
1.669926	470906.809118	4399109.917732	5.430720	-0.410961	5.415148	1543306986.880082	3.453261	2.079761	2.003278
1.646774	470906.707850	4399110.420480	5.461303	-0.413623	5.445617	1543306986.993375	3.336814	1.991246	1.995293
1.689937	470906.714246	4399111.105536	5.457217	-0.388019	5.443405	1543306987.080652	3.671165	2.056701	1.999906
1.682936	470906.676909	4399111.636344	5.523112	-0.474429	5.502697	1543306987.188814	3.635208	2.074656	1.998042
1.694937	470906.613864	4399112.037102	5.491767	-0.438918	5.474199	1543306987.277938	3.380286	2.006754	2.000448
1.658346	470906.574939	4399112.555637	5.448749	-0.450046	5.430131	1543306987.388780	3.370214	1.940605	1.999217
1.691009	470906.519377	4399113.091889	5.388597	-0.442219	5.370421	1543306987.478897	3.452901	1.964776	2.006280
1.712778	470906.490236	4399113.637504	5.419199	-0.433208	5.401856	1543306987.591935	3.458876	2.022127	2.011578
1.699134	470906.468220	4399114.126199	5.351490	-0.455712	5.332051	1543306987.681511	3.438795	2.046110	2.007548
1.676093	470906.418924	4399114.713520	5.349317	-0.457270	5.329737	1543306987.788682	3.443965	2.073857	2.009182
1.678676	470906.333454	4399115.707879	5.323420	-0.411015	5.307529	1543306987.992404	3.357462	1.984312	1.999731
1.675702	470906.275414	4399116.344418	5.471905	-0.398926	5.457344	1543306988.079654	3.473957	2.048814	2.073383
1.685839	470906.225858	4399116.793981	5.524234	-0.468664	5.504318	1543306988.189170	3.293493	2.056813	2.058774
1.688194	470906.186819	4399117.364986	5.457677	-0.444639	5.439534	1543306988.286682	3.365463	2.023214	2.063262
1.665612	470906.076671	4399118.024962	5.461147	-0.471527	5.440753	1543306988.388223	3.625094	2.085752	2.070969
1.678663	470906.081809	4399118.384370	5.471046	-0.513741	5.446872	1543306988.488184	3.305085	2.060976	2.073986
1.658892	470906.015679	4399118.951179	5.220074	-0.479132	5.198039	1543306988.588045	3.375654	2.029311	1.995595
1.676195	470905.979725	4399119.636755	5.223382	-0.505072	5.198905	1543306988.688391	3.680516	2.029139	2.007172
1.666624	470905.976538	4399119.976897	5.231982	-0.461344	5.211602	1543306988.790335	3.333148	1.960694	2.013548
1.684246	470905.912020	4399120.675900	5.234258	-0.508934	5.209457	1543306988.891904	3.654660	2.034642	2.008675
1.712659	470905.894222	4399121.139981	5.182680	-0.458465	5.162362	1543306988.989506	3.655631	2.042075	1.999218
1.665778	470905.764296	4399122.171359	5.256183	-0.455314	5.236425	1543306989.188747	3.561474	1.999882	2.009277
1.654741	470905.697636	4399122.613771	5.252235	-0.485154	5.229780	1543306989.288594	3.366549	2.033469	2.008023
1.709787	470905.726112	4399123.196551	5.304797	-0.476635	5.283340	1543306989.389818	3.529161	2.074332	1.993786
1.656914	470905.567916	4399123.806850	5.406504	-0.466154	5.386371	1543306989.489311	3.640174	2.069445	1.995252
1.661073	470905.562815	4399124.203840	5.387031	-0.472015	5.366312	1543306989.591226	3.366120	2.006806	2.003249
1.682087	470905.536659	4399124.721939	5.456809	-0.497283	5.434103	1543306989.689284	3.385635	2.030200	2.011954
1.719322	470905.506373	4399125.379041	5.389959	-0.468551	5.369555	1543306989.787415	3.684953	2.075190	2.016246
1.700517	470905.477869	4399125.868055	5.343488	-0.454169	5.324152	1543306989.890452	3.608184	2.032028	2.014723
1.696190	470905.449348	4399126.265182	5.247420	-0.448300	5.228235	1543306989.989733	3.374159	2.031284	2.011374
1.694065	470905.373268	4399126.956731	5.291467	-0.426681	5.274236	1543306990.086906	3.685378	2.025846	2.011404
1.663778	470905.323331	4399127.417889	5.290327	-0.479141	5.268585	1543306990.189276	3.594135	2.049652	2.014119
1.672860	470905.268338	4399127.858494	5.261991	-0.455063	5.242277	1543306990.288682	3.362705	2.025574	2.008392
1.676731	470905.192706	4399128.528656	5.227485	-0.446222	5.208405	1543306990.389091	3.661628	2.027970	2.015047
1.694153	470905.185885	4399128.883131	5.239081	-0.491094	5.216014	1543306990.486805	3.370733	2.014692	2.017863
1.676977	470905.140395	4399129.394350	5.240613	-0.515266	5.215220	1543306990.592023	3.345054	1.972478	2.014643
1.702146	470905.116649	4399129.951290	5.059410	-0.508401	5.033801	1543306990.690811	3.449745	2.055314	2.018268
1.668085	470905.032209	4399130.576289	5.060100	-0.502535	5.035084	1543306990.789664	3.662740	2.088742	2.012478
1.653433	470904.956326	4399130.968087	5.068022	-0.463952	5.046741	1543306990.890683	3.371608	2.021889	1.998544
1.641474	470904.902067	4399131.486197	5.074573	-0.434212	5.055962	1543306990.987506	3.431927	2.015926	1.996278
1.659153	470904.883396	4399131.966074	5.080309	-0.434302	5.061711	1543306991.087938	3.410673	2.037890	1.994454
1.652325	470904.820837	4399132.517835	5.297495	-0.444909	5.278779	1543306991.188865	3.387347	2.017729	2.062757
1.660586	470904.802480	4399133.001428	5.287124	-0.408395	5.271327	1543306991.287944	3.331622	1.834968	2.048657
1.669333	470904.756933	4399134.052220	5.197743	-0.459821	5.177363	1543306991.488748	3.401912	2.068728	1.990274
1.648974	470904.670721	4399134.587583	5.165931	-0.439418	5.147209	1543306991.591574	3.410774	2.009425	2.067043
1.643248	470904.628745	4399135.062158	5.101303	-0.410050	5.084796	1543306991.687698	3.325863	2.039463	2.063667
1.655568	470904.625730	4399135.677069	5.100540	-0.416392	5.083516	1543306991.789767	3.593680	2.064402	1.996409
1.657566	470904.603870	4399136.141763	5.088407	-0.382564	5.074005	1543306991.891583	3.436724	2.053532	2.012144
1.660023	470904.543433	4399136.743752	5.240877	-0.418286	5.224158	1543306991.990728	3.651223	1.984378	2.002002
1.661597	470904.527697	4399137.086687	5.229135	-0.395482	5.214158	1543306992.088559	3.336415	2.053365	1.995628
1.663109	470904.487455	4399137.616879	5.193469	-0.413374	5.176991	1543306992.191046	3.338061	1.979877	1.997512
1.670374	470904.473021	4399138.079928	5.079591	-0.440452	5.060459	1543306992.287414	3.372965	1.983338	2.005898
1.645886	470904.400122	4399138.721361	5.074604	-0.394012	5.059285	1543306992.387661	3.611785	2.039790	2.004346
1.664381	470904.364164	4399139.223538	5.071030	-0.385218	5.056377	1543306992.490335	3.504898	2.088141	2.007627
1.643717	470904.255900	4399139.603789	5.070630	-0.379350	5.056420	1543306992.589400	3.343168	2.080353	2.001921
1.664697	470904.228358	4399140.261085	5.192249	-0.438549	5.173695	1543306992.689102	3.564742	2.077665	2.013008
1.666355	470904.202628	4399140.653300	5.199277	-0.460107	5.178879	1543306992.790415	3.312031	2.074946	2.016506
1.654771	470904.132767	4399141.157843	5.185976	-0.450450	5.166376	1543306992.891497	3.342062	2.050970	2.003903
1.641695	470904.126936	4399141.621985	5.134552	-0.407809	5.118331	1543306992.990280	3.377330	1.998246	2.066858
1.621039	470904.043720	4399142.168350	5.045745	-0.418009	5.028401	1543306993.087916	3.411523	2.063453	1.989038
1.637762	470904.020957	4399142.667884	5.028599	-0.387329	5.013660	1543306993.191563	3.345420	2.061834	1.992159
1.642178	470903.966038	4399143.151076	5.023884	-0.375959	5.009797	1543306993.287069	3.268477	2.104780	1.999206
1.626561	470903.914563	4399143.676798	5.095424	-0.374879	5.081615	1543306993.390379	3.329788	2.030436	2.013359
1.643938	470903.905236	4399144.156146	5.008815	-0.367600	4.995307	1543306993.493965	3.291168	1.983114	2.003125
1.655491	470903.816306	4399145.157437	4.998954	-0.363841	4.985695	1543306993.694134	3.302697	2.067460	2.073343
1.655520	470903.791638	4399145.635793	4.988420	-0.322627	4.977976	1543306993.792757	3.280012	2.038699	2.065739
1.642975	470903.762778	4399146.152588	4.980372	-0.335472	4.969061	1543306993.889616	3.313764	2.039119	2.056026
1.655296	470903.683712	4399146.618637	4.973573	-0.388500	4.958376	1543306993.988508	3.325226	2.054546	2.061170
1.633891	470903.668419	4399147.108725	4.958889	-0.359613	4.945833	1543306994.089300	3.272085	2.001230	2.056829
1.647586	470903.589896	4399147.717009	4.952000	-0.401386	4.935706	1543306994.190864	3.550614	2.137333	2.057207
1.634049	470903.603965	4399148.209828	4.945881	-0.407780	4.929042	1543306994.289294	3.543828	2.039770	2.065931
1.617859	470903.515708	4399148.572477	4.686460	-0.325319	4.675155	1543306994.390049	3.279574	2.000218	2.063488
1.645370	470903.524801	4399149.175489	4.669700	-0.317994	4.658860	1543306994.493027	3.502038	2.050844	2.062017
1.607434	470903.439723	4399149.538887	4.668206	-0.325541	4.656841	1543306994.590592	3.334899	2.003037	2.062400
1.614751	470903.375181	4399150.153007	4.655444	-0.281443	4.646929	1543306994.690159	3.555690	2.033579	2.057672
1.645347	470903.346157	4399150.920344	4.903619	-0.335813	4.892107	1543306994.890864	3.267064	2.027413	2.059403
1.635020	470903.302605	4399151.538974	4.607772	-0.271464	4.599769	1543306994.993407	3.502890	2.020278	2.054606
1.645555	470903.318242	4399151.903411	4.811081	-0.322344	4.800270	1543306995.088928	3.323543	1.956671	2.059221
1.671075	470903.297017	4399152.338271	4.725236	-0.369515	4.710765	1543306995.196294	3.342827	1.967829	1.995506
1.670675	470903.258225	4399152.929221	4.551507	-0.324906	4.539896	1543306995.294399	3.682361	2.025954	2.066584
1.647887	470903.207645	4399153.222719	4.267822	-0.312821	4.256342	1543306995.394287	3.335471	1.954895	2.055765
1.649683	470903.187108	4399153.739617	3.986844	-0.299665	3.975566	1543306995.491093	3.619358	1.972988	2.050708
1.637889	470903.152065	4399154.040583	3.928709	-0.266845	3.919637	1543306995.591057	3.586398	2.016450	2.051517
1.656458	470903.133408	4399154.348431	3.223002	-0.235603	3.214380	1543306995.691667	3.518950	2.021497	2.024105
1.640937	470903.062662	4399154.466730	2.827124	-0.201643	2.819923	1543306995.792599	3.339189	1.998944	2.051674
1.658047	470903.049035	4399154.748632	2.436855	-0.184862	2.429833	1543306995.891934	3.316907	2.105396	2.027734
1.668519	470903.035093	4399154.976787	1.932316	-0.154050	1.926165	1543306995.991603	3.328242	2.072864	2.023768
1.653342	470903.047114	4399155.283745	1.534869	-0.124951	1.529775	1543306996.089871	3.542522	2.029554	2.025783
1.667214	470903.030916	4399155.459595	1.389521	-0.121376	1.384210	1543306996.190555	3.690526	1.975427	2.023581
1.660764	470903.016175	4399155.533858	0.904239	-0.072324	0.901342	1543306996.290761	3.650692	1.977665	2.023556
1.673715	470903.048976	4399155.442486	0.565133	-0.046988	0.563176	1543306996.394117	3.369935	2.006140	2.026713
1.642228	470902.976410	4399155.609260	0.454501	-0.036445	0.453038	1543306996.488752	3.569227	2.062662	2.038275
1.667308	470903.046738	4399155.524005	0.453772	-0.036362	0.452312	1543306996.590282	3.315487	1.997556	2.044358
1.650344	470902.987971	4399155.611441	0.454164	-0.036653	0.452683	1543306996.688960	3.533145	2.061019	2.044906
1.698333	470903.044797	4399155.592847	0.680801	-0.059223	0.678221	1543306996.794434	3.393044	2.034564	2.043560
1.670171	470903.041410	4399155.491654	0.321505	-0.029630	0.320137	1543306996.891126	3.335519	2.057722	2.046767
1.678079	470903.062454	4399155.583826	0.000000	0.000000	0.000000	1543306996.990301	3.442816	2.073514	2.041313
1.657509	470903.048056	4399155.514027	0.000000	0.000000	0.000000	1543306997.089089	3.297253	1.991343	2.045998
1.656281	470903.030865	4399155.625441	0.000000	0.000000	0.000000	1543306997.191201	3.511931	2.086320	2.047397
1.644369	470902.999745	4399155.646134	0.000000	0.000000	0.000000	1543306997.289273	3.576730	2.136212	2.045156
1.648446	470902.993114	4399155.739537	0.000000	0.000000	0.000000	1543306997.391597	3.716490	2.008635	2.043095
1.640822	470902.970271	4399155.619493	0.000000	0.000000	0.000000	1543306997.491763	3.517179	2.094488	2.054169
1.653519	470903.007820	4399155.611368	0.000000	0.000000	0.000000	1543306997.588209	3.544027	2.091134	2.053654
1.663541	470903.008773	4399155.526593	0.000000	0.000000	0.000000	1543306997.690466	3.376134	2.120448	2.037747
1.675981	470903.029680	4399155.607477	0.000000	0.000000	0.000000	1543306997.791017	3.501478	2.113425	2.024338
1.670447	470903.011388	4399155.613589	0.000000	0.000000	0.000000	1543306997.890656	3.568987	2.124513	2.066312
1.662102	470903.043897	4399155.668885	0.000000	0.000000	0.000000	1543306997.991845	3.686970	2.132562	2.060214
1.654317	470903.017448	4399155.573125	0.000000	0.000000	0.000000	1543306998.094573	3.358979	2.044868	2.061823
1.648917	470903.004511	4399155.708356	0.000000	0.000000	0.000000	1543306998.190999	3.599169	2.102731	2.060977
1.659436	470903.008489	4399155.673573	0.000000	0.000000	0.000000	1543306998.290341	3.467568	2.116959	2.060857
1.667265	470903.007744	4399155.703073	0.000000	0.000000	0.000000	1543306998.394552	3.489996	2.109217	2.062528
1.671980	470903.024293	4399155.729637	0.000000	0.000000	0.000000	1543306998.495199	3.505426	2.112054	2.067158
1.654464	470902.992101	4399155.768116	0.000000	0.000000	0.000000	1543306998.691677	3.601754	2.064283	2.045699
1.655174	470903.026251	4399155.810466	0.000000	0.000000	0.000000	1543306998.795234	3.649945	2.135628	2.050373
1.670475	470903.005244	4399155.822598	0.000000	0.000000	0.000000	1543306998.900892	3.538279	2.111260	2.071733
1.659960	470903.005989	4399155.824886	0.000000	0.000000	0.000000	1543306998.994719	3.596525	2.105540	2.064398
1.665383	470903.025889	4399155.810927	0.000000	0.000000	0.000000	1543306999.095206	3.455743	2.103830	2.071857
1.681902	470903.029944	4399155.860911	0.000000	0.000000	0.000000	1543306999.193876	3.457793	2.116939	2.043303
1.686505	470903.034642	4399155.960559	0.000000	0.000000	0.000000	1543306999.289977	3.599226	2.068082	2.041704
1.665818	470903.014995	4399156.074642	0.000000	0.000000	0.000000	1543306999.394371	3.752044	2.093384	2.041692
1.652187	470902.987343	4399156.100603	0.000000	0.000000	0.000000	1543306999.489461	3.725641	2.049827	2.040855
1.656567	470903.017594	4399156.121421	0.000000	0.000000	0.000000	1543306999.592850	3.660505	2.062988	2.040841
1.661342	470902.976457	4399156.087269	0.000000	0.000000	0.000000	1543306999.689656	3.564982	2.129617	2.041776
1.660437	470902.986085	4399156.196495	0.302864	-0.028404	0.301529	1543306999.890944	3.590106	2.123034	2.046582
1.664347	470902.979589	4399156.259140	0.306307	-0.028711	0.304959	1543306999.991726	3.637539	2.114708	2.040277
1.652106	470902.954098	4399156.196668	0.000000	0.000000	0.000000	1543307000.090537	3.371875	2.058924	2.041617
1.648620	470902.954799	4399156.354314	0.321346	-0.027198	0.320193	1543307000.201577	3.593488	2.105108	2.042999
1.653372	470902.959512	4399156.410577	0.294045	-0.024698	0.293006	1543307000.290697	3.620794	2.078166	2.044714
1.647956	470902.919685	4399156.462894	0.359955	-0.028955	0.358789	1543307000.402921	3.628923	2.071315	2.043509
1.646654	470902.917227	4399156.485463	0.355920	-0.027878	0.354826	1543307000.493362	3.648162	2.051353	2.044471
1.643735	470902.875085	4399156.491842	0.503672	-0.039290	0.502137	1543307000.691557	3.419538	2.104284	2.044660
1.663220	470902.896878	4399156.609919	0.504129	-0.040689	0.502485	1543307000.890887	3.508293	2.115340	2.045572
1.660099	470902.893899	4399156.626254	0.505498	-0.042304	0.503725	1543307001.001548	3.417551	2.115809	2.044476
1.648950	470902.891528	4399156.773858	0.502214	-0.040845	0.500550	1543307001.090054	3.645134	2.152500	2.044648
1.652637	470902.873293	4399156.683302	0.502442	-0.040907	0.500774	1543307001.200597	3.380126	2.071846	2.046224
1.659556	470902.896543	4399156.721085	0.390314	-0.032596	0.388951	1543307001.288068	3.426434	2.080563	2.045691
1.654229	470902.879088	4399156.877598	0.457534	-0.038176	0.455939	1543307001.400620	3.584317	2.045259	2.047146
1.645473	470902.865928	4399156.795639	0.488667	-0.039091	0.487101	1543307001.488584	3.368242	2.064452	2.045349
1.650021	470902.862473	4399156.950927	0.500472	-0.039916	0.498878	1543307001.598453	3.547951	2.057339	2.044423
1.665910	470902.837003	4399156.988914	0.501455	-0.043197	0.499591	1543307001.690573	3.540135	2.087731	2.044061
1.664271	470902.844527	4399157.077123	0.552362	-0.049298	0.550158	1543307001.800365	3.649882	2.118231	2.044949
1.651841	470902.822178	4399157.016955	0.523388	-0.045328	0.521422	1543307001.886962	3.482347	2.096085	2.042289
1.655811	470902.851603	4399157.014822	0.520628	-0.044756	0.518701	1543307002.002540	3.497976	2.069316	2.043144
1.655416	470902.824824	4399157.061167	0.500643	-0.042813	0.498809	1543307002.089265	3.370660	2.079631	2.044760
