front	position-x	position-y	speed	speed-x	speed-y	timestamp	v-x	v-y	v-z
-1.461173	470937.039829	4398735.175802	0.000000	0.000000	0.000000	1543309067.375449	3.218912	1.730417	2.013100
-1.464120	470937.098816	4398734.630145	0.000000	0.000000	0.000000	1543309067.470713	2.109297	1.727385	2.012016
-1.464403	470937.046795	4398735.173291	0.000000	0.000000	0.000000	1543309067.570290	3.212887	1.721891	2.012165
-1.469483	470937.161963	4398735.160409	0.000000	0.000000	0.000000	1543309067.673268	3.135626	1.939783	2.020415
-1.470790	470937.095866	4398734.680394	0.000000	0.000000	0.000000	1543309067.767624	2.193186	1.730346	2.013289
-1.470337	470937.129434	4398734.783141	0.000000	0.000000	0.000000	1543309067.867897	2.335544	1.767999	2.012931
-1.469232	470937.091324	4398735.234186	0.000000	0.000000	0.000000	1543309067.971367	3.166544	1.779502	2.012914
-1.466244	470937.087961	4398735.277939	0.000000	0.000000	0.000000	1543309068.065432	3.184082	1.778491	2.012830
-1.461538	470936.989807	4398735.307529	0.352813	-0.047375	0.349618	1543309068.166364	3.170732	1.823118	2.012068
-1.460481	470937.009464	4398735.393157	0.343869	-0.044617	0.340962	1543309068.270587	3.196480	1.876506	2.011729
-1.460586	470937.016168	4398735.467236	0.328196	-0.020477	0.327556	1543309068.366973	3.265338	1.768663	2.011204
-1.461061	470937.120483	4398735.608945	0.578338	-0.002875	0.578331	1543309068.468152	3.219040	1.999239	2.020847
-1.456134	470936.940772	4398735.690507	0.699718	-0.054237	0.697613	1543309068.570147	3.234179	1.785962	2.022426
-1.452855	470936.976869	4398735.900229	0.996328	-0.034221	0.995740	1543309068.667518	3.233656	1.786475	2.024054
-1.447933	470936.875830	4398736.283404	1.894964	-0.216855	1.882515	1543309068.866872	3.216654	1.740986	2.040579
1.653053	470936.911548	4398736.525344	2.456273	-0.202116	2.447943	1543309068.966105	3.216601	1.786780	2.054324
1.659967	470936.842964	4398736.805183	2.753277	-0.245091	2.742347	1543309069.065908	3.178057	1.865001	2.064357
1.653690	470936.873572	4398737.100780	2.790635	-0.231086	2.781050	1543309069.165941	3.228045	1.806290	1.871106
1.661312	470936.827817	4398737.439145	3.379302	-0.305249	3.365488	1543309069.275178	3.219943	1.790927	1.887712
1.640770	470936.772168	4398738.233223	3.753417	-0.263012	3.744191	1543309069.469067	3.093770	1.783031	1.901695
1.643134	470936.758892	4398738.630192	4.123227	-0.297923	4.112450	1543309069.567054	3.092548	1.800359	1.907698
1.665628	470936.687707	4398739.080984	4.436473	-0.419605	4.416585	1543309069.667383	3.127001	1.794908	1.908412
1.657627	470936.648385	4398739.535673	4.507217	-0.391029	4.490223	1543309069.770566	3.132787	1.781524	1.766736
1.640499	470936.681057	4398739.472528	4.899470	-0.341608	4.887547	1543309069.868890	2.044538	1.822673	1.795787
1.658371	470936.555648	4398740.484781	4.971988	-0.434394	4.952976	1543309069.971827	3.112415	1.792756	1.932640
1.670601	470936.514564	4398741.024551	5.304925	-0.528417	5.278542	1543309070.066550	3.151173	1.745206	1.945014
1.660707	470936.475605	4398741.556296	5.477385	-0.492304	5.455216	1543309070.171305	3.138429	1.837193	1.955417
1.654161	470936.442329	4398742.096479	5.560632	-0.463450	5.541285	1543309070.274263	3.113451	1.829687	1.969906
1.681189	470936.370059	4398742.634347	5.917552	-0.651436	5.881586	1543309070.370940	3.106083	1.854242	1.969527
1.679404	470936.299111	4398743.250991	6.075033	-0.658731	6.039213	1543309070.468065	3.179228	1.715346	1.982309
1.657891	470936.278010	4398743.832922	6.168890	-0.537421	6.145436	1543309070.569553	3.158085	1.813520	1.996262
1.663553	470936.211918	4398744.012820	6.255942	-0.579138	6.229078	1543309070.668735	2.297097	1.750462	1.994561
1.667294	470936.083901	4398745.048614	6.433709	-0.619535	6.403811	1543309070.768968	3.181163	1.925622	2.006054
1.667463	470936.059066	4398745.676151	6.533399	-0.630414	6.502913	1543309070.870500	3.201926	1.884213	1.994319
1.664820	470935.978508	4398746.237423	6.625387	-0.621995	6.596126	1543309070.966985	3.159317	1.734892	1.829169
1.673778	470935.834267	4398747.617716	6.891138	-0.707421	6.854731	1543309071.166984	3.185054	1.648674	1.880351
1.675353	470935.771932	4398748.337905	6.919000	-0.721965	6.881230	1543309071.266720	3.126145	2.094658	1.996675
1.676802	470935.660822	4398749.006936	7.170571	-0.758497	7.130341	1543309071.365379	3.124038	1.986802	1.999179
1.652952	470935.660376	4398749.712393	7.269020	-0.597146	7.244451	1543309071.468209	3.127710	1.831999	1.992852
1.666387	470935.659764	4398749.890582	7.366844	-0.702334	7.333288	1543309071.566803	2.019555	1.868758	1.985994
1.673291	470935.572909	4398750.468931	7.521088	-0.769353	7.481635	1543309071.666308	1.807462	1.744115	1.983297
1.657325	470935.483031	4398751.480322	7.693227	-0.665513	7.664388	1543309071.765608	2.371976	1.872250	1.983479
1.673237	470935.411648	4398752.185979	7.789869	-0.796380	7.749053	1543309071.866660	2.270663	1.746755	1.988902
1.670359	470935.331728	4398752.817734	7.900731	-0.785517	7.861584	1543309071.968168	2.051138	1.734202	1.991794
1.662984	470935.343442	4398753.388363	7.858893	-0.723864	7.825486	1543309072.066774	1.806041	1.758602	1.757887
1.658264	470935.223740	4398754.125805	7.975786	-0.697024	7.945271	1543309072.168077	1.796129	1.723065	1.766878
1.661910	470935.195146	4398754.910005	8.079151	-0.735107	8.045638	1543309072.266258	1.760723	1.923415	1.796560
1.666982	470935.104095	4398755.725410	8.037138	-0.771899	7.999985	1543309072.367161	1.819030	1.809730	1.811953
1.658189	470935.049963	4398756.539710	8.146737	-0.711527	8.115605	1543309072.466630	1.868088	1.897659	1.830005
1.659493	470934.954621	4398757.378122	8.273300	-0.733230	8.240745	1543309072.570244	1.903853	1.779904	1.833112
1.658630	470934.898121	4398758.113392	8.453184	-0.741867	8.420568	1543309072.669429	1.653872	1.866802	1.871073
1.642898	470934.866975	4398758.820713	8.449069	-0.609794	8.427035	1543309072.772538	1.470957	1.762498	1.888402
1.661534	470934.819186	4398759.624493	8.512882	-0.771083	8.477888	1543309072.869947	1.448441	1.762575	1.897709
1.664951	470934.633058	4398760.402821	8.497337	-0.799528	8.459639	1543309072.975358	1.422715	1.687718	1.972163
1.660651	470934.541081	4398761.180885	8.478422	-0.761891	8.444119	1543309073.066212	1.426503	1.807869	1.947953
1.652469	470934.560265	4398762.007379	8.484580	-0.692987	8.456232	1543309073.168552	1.416206	1.645131	1.922172
1.654786	470934.457364	4398762.837796	8.365181	-0.701436	8.335721	1543309073.268067	1.404479	1.663766	1.929056
1.637640	470934.383901	4398764.473078	8.583173	-0.572483	8.564060	1543309073.470031	1.419712	1.682915	1.954737
1.635889	470934.273488	4398765.307385	8.578309	-0.557330	8.560185	1543309073.570063	1.420954	1.832542	1.956200
1.647179	470934.220252	4398766.173177	8.628552	-0.657384	8.603474	1543309073.667751	1.501213	1.687963	2.013319
1.661631	470934.083764	4398767.364923	8.671077	-0.785714	8.635406	1543309073.769983	2.176584	1.751849	2.065044
1.631700	470934.106503	4398767.888824	8.615304	-0.525592	8.599257	1543309073.869767	1.560370	1.794049	2.077701
1.664521	470933.913614	4398769.053527	8.612248	-0.804367	8.574602	1543309073.971660	2.241879	1.768260	2.088128
1.658077	470933.861164	4398769.834717	8.599807	-0.749521	8.567082	1543309074.065435	2.122050	1.722618	1.794787
1.647935	470933.739806	4398771.485380	8.604270	-0.661772	8.578783	1543309074.267819	2.078742	1.664349	1.860371
1.620336	470933.760104	4398772.361561	8.581181	-0.425719	8.570614	1543309074.374609	2.162655	1.833084	1.866009
1.638381	470933.647084	4398772.986791	8.610410	-0.580831	8.590797	1543309074.468813	1.774219	1.814614	1.834170
1.664737	470933.559034	4398773.653714	8.490775	-0.795597	8.453419	1543309074.570004	1.460599	1.598445	2.062001
1.644039	470933.497146	4398774.509049	8.452327	-0.619528	8.429592	1543309074.668053	1.499949	1.681736	2.078026
1.643993	470933.451300	4398775.666811	8.471489	-0.619921	8.448776	1543309074.773663	2.106158	1.684639	1.867329
1.641977	470933.436773	4398775.984427	8.476001	-0.602896	8.454532	1543309074.868401	1.042625	1.770535	1.838836
1.655873	470933.318823	4398776.818296	8.529664	-0.724290	8.498857	1543309074.969554	1.078323	1.689590	1.840500
1.645544	470933.312094	4398777.624881	8.483010	-0.634118	8.459276	1543309075.066864	0.993759	1.666836	1.842841
1.651827	470933.118623	4398778.944628	8.393698	-0.679410	8.366156	1543309075.179012	2.022235	1.700240	1.856260
1.635245	470933.173279	4398779.716006	8.383281	-0.541043	8.365804	1543309075.266302	1.889576	1.794621	1.845948
1.637962	470933.092174	4398780.563891	8.384258	-0.562837	8.365345	1543309075.369752	1.927084	1.807915	1.847888
1.642934	470932.981823	4398781.545190	8.392273	-0.604849	8.370448	1543309075.467079	2.220548	1.691607	1.877186
1.643324	470932.993364	4398781.806026	8.387315	-0.607679	8.365273	1543309075.577590	1.060633	1.771439	1.842642
1.634389	470932.887293	4398783.212776	8.350738	-0.530894	8.333845	1543309075.676097	2.216613	1.771317	1.840106
1.647601	470932.826996	4398784.100107	8.339501	-0.639223	8.314967	1543309075.777880	2.313011	1.756051	1.840256
1.658424	470932.731357	4398784.813170	8.276901	-0.723766	8.245195	1543309075.867630	2.124777	1.683208	1.838506
1.643603	470932.785836	4398785.102870	8.277954	-0.602605	8.255991	1543309075.979774	1.039321	1.747684	1.834492
1.629974	470932.659104	4398785.999706	8.532961	-0.504972	8.518006	1543309076.069098	1.186306	1.749960	1.828557
1.646908	470932.559506	4398787.337505	8.228590	-0.625000	8.204820	1543309076.178070	2.239033	1.788465	1.825442
1.655104	470932.545727	4398788.157469	8.214516	-0.691455	8.185363	1543309076.268835	2.229972	1.760706	1.822435
1.664276	470932.363940	4398788.683180	8.183725	-0.763500	8.148032	1543309076.371658	1.696932	1.661812	1.835829
1.655742	470932.324713	4398789.392715	8.147256	-0.691406	8.117866	1543309076.469507	1.505363	1.778872	2.063350
1.662286	470932.281223	4398790.189779	8.146416	-0.743767	8.112392	1543309076.580809	1.470385	1.741558	2.041898
1.656219	470932.191361	4398791.056295	8.205566	-0.700221	8.175634	1543309076.671083	1.525276	1.774878	2.060521
1.649204	470932.186765	4398792.215008	8.210413	-0.643394	8.185165	1543309076.780484	2.191081	1.794353	1.777733
1.643782	470932.062032	4398793.073652	8.435293	-0.615311	8.412821	1543309076.870390	2.276346	1.787388	1.769955
1.642396	470932.062071	4398793.850146	8.193711	-0.586458	8.172696	1543309076.977294	2.196080	1.850978	1.766928
1.662563	470931.956230	4398794.704951	8.178933	-0.748905	8.144574	1543309077.069929	2.297217	1.764148	1.754460
1.650914	470931.916199	4398795.476337	8.174138	-0.655030	8.147851	1543309077.180773	2.202862	1.757138	1.742621
1.636600	470931.900187	4398795.962069	8.126486	-0.535087	8.108850	1543309077.268301	1.576057	1.745982	1.978775
1.642217	470931.818785	4398796.695232	8.174082	-0.583164	8.153254	1543309077.375438	1.478574	1.803011	1.986611
1.644970	470931.736259	4398797.503873	8.166861	-0.605145	8.144410	1543309077.467628	1.476832	1.591404	1.978790
1.659724	470931.631155	4398798.317472	8.160161	-0.724585	8.127928	1543309077.576235	1.484172	1.644660	1.996912
1.623056	470931.665134	4398799.120738	8.177220	-0.429062	8.165956	1543309077.666932	1.449739	1.763996	1.926189
1.659672	470931.515156	4398799.927111	8.152331	-0.722526	8.120250	1543309077.780801	1.465692	1.750319	1.910288
1.660080	470931.470944	4398800.731472	8.362512	-0.745674	8.329200	1543309077.866641	1.461639	1.670115	1.893406
1.628344	470931.503873	4398801.532478	8.121072	-0.468309	8.107558	1543309077.977911	1.451293	1.753369	1.882137
1.658537	470931.320750	4398803.129962	8.076423	-0.707206	8.045401	1543309078.179973	1.459412	1.837508	1.847814
1.645695	470931.228254	4398804.092934	8.088158	-0.605374	8.065471	1543309078.269909	1.782455	1.678631	1.828675
1.641772	470931.110240	4398805.543885	8.042952	-0.569975	8.022731	1543309078.378363	3.107943	1.777352	1.810691
1.653388	470931.127894	4398805.489381	8.025968	-0.661116	7.998693	1543309078.468660	1.403769	1.724038	1.792126
1.647923	470931.078235	4398806.713545	8.030866	-0.618184	8.007038	1543309078.579935	2.246453	1.792457	1.772362
1.634544	470931.007942	4398807.073341	8.031200	-0.511715	8.014881	1543309078.667653	1.366297	1.748253	1.759103
1.650779	470930.944910	4398807.885598	8.003468	-0.638524	7.977956	1543309078.777954	1.406384	1.850516	1.739277
1.655406	470930.859427	4398808.683344	7.977767	-0.674013	7.949244	1543309078.866966	1.512328	1.765962	1.704734
1.653885	470930.804641	4398809.490487	7.833483	-0.650478	7.806429	1543309078.970712	1.661368	1.756665	1.938039
1.650853	470930.791618	4398810.245864	7.866597	-0.629554	7.841366	1543309079.068689	1.581553	1.805164	1.931945
1.643429	470930.641288	4398811.883746	8.138022	-0.590550	8.116567	1543309079.270191	1.513521	1.827089	1.913419
1.645508	470930.599114	4398812.686792	8.054591	-0.601283	8.032117	1543309079.379081	1.511293	1.749002	1.936480
1.634435	470930.553144	4398813.518190	8.037558	-0.511756	8.021250	1543309079.466590	1.590708	1.783816	1.918522
1.630214	470930.440184	4398815.064323	7.889913	-0.468543	7.875988	1543309079.578477	3.212138	1.848811	2.074719
1.645272	470930.417378	4398815.134801	7.863643	-0.584312	7.841904	1543309079.675771	1.536096	1.778058	1.994343
1.654327	470930.342983	4398816.143809	7.784900	-0.648864	7.757812	1543309079.779751	2.054912	1.821572	1.997556
1.647357	470930.168114	4398817.862314	7.911749	-0.605100	7.888576	1543309079.966145	2.292762	1.788067	1.745615
1.643587	470930.137955	4398818.874987	8.108302	-0.589698	8.086830	1543309080.075015	2.703413	1.768850	1.859103
1.643882	470929.980108	4398820.688348	8.032468	-0.586995	8.010991	1543309080.266555	3.182824	1.752096	1.989956
1.657822	470929.870252	4398821.809630	8.032159	-0.698459	8.001733	1543309080.468385	2.482260	1.808424	2.031840
1.666106	470929.749250	4398823.066186	7.842408	-0.746218	7.806825	1543309080.577933	3.175365	1.808495	1.957754
1.659147	470929.731615	4398823.820061	7.857524	-0.693573	7.826854	1543309080.669765	3.163707	1.843558	2.054772
1.653172	470929.649760	4398824.198113	7.675757	-0.631757	7.649714	1543309080.782650	2.500797	1.777150	1.993242
1.641593	470929.648998	4398824.982967	7.656691	-0.542241	7.637466	1543309080.866285	2.447186	1.794103	1.989436
1.649471	470929.432643	4398826.200293	7.555919	-0.593818	7.532548	1543309080.976576	3.136611	1.858384	2.054926
1.645971	470929.461362	4398827.017102	7.665457	-0.576276	7.643765	1543309081.071291	3.158238	1.781558	1.936817
1.638515	470929.490594	4398827.814814	7.752490	-0.525140	7.734683	1543309081.177273	3.148865	1.996647	1.998597
1.643758	470929.286071	4398828.598493	7.818243	-0.569874	7.797446	1543309081.266375	3.145848	1.942216	2.025163
1.642037	470929.306219	4398829.400941	7.871157	-0.560063	7.851206	1543309081.377485	3.145689	1.815119	1.993325
1.641812	470929.211646	4398830.164438	7.847570	-0.556659	7.827802	1543309081.468122	3.119505	2.099571	1.932789
1.649260	470929.132444	4398831.553187	7.840427	-0.614574	7.816303	1543309081.672042	2.846052	1.785491	1.972504
1.640723	470929.066082	4398832.133939	7.951909	-0.555747	7.932465	1543309081.781370	2.371122	1.810564	1.976206
1.658473	470928.911628	4398833.311317	7.926485	-0.692904	7.896141	1543309081.867221	3.161720	1.949273	1.941055
1.651750	470928.906100	4398834.118687	7.947529	-0.642691	7.921500	1543309081.971178	3.167050	1.793116	2.003968
1.654214	470928.849381	4398834.918280	7.969798	-0.664084	7.942082	1543309082.076952	3.200626	1.843989	1.983047
1.637722	470928.756417	4398835.712635	7.953780	-0.532915	7.935906	1543309082.177214	3.196442	1.918440	1.970876
1.637215	470928.600935	4398837.222347	7.759730	-0.515266	7.742604	1543309082.382334	3.178316	1.975804	1.936527
1.653612	470928.633208	4398838.026802	7.848970	-0.648502	7.822134	1543309082.483505	3.211798	1.891712	1.930715
1.658337	470928.600749	4398838.918665	7.842953	-0.685510	7.812937	1543309082.579909	3.246531	1.917540	2.024276
1.659142	470928.470395	4398839.678266	7.796100	-0.687999	7.765683	1543309082.675374	3.213819	1.978679	1.977096
1.636429	470928.424676	4398840.455444	7.746547	-0.508970	7.729809	1543309082.776757	3.148488	1.886125	1.985683
1.649699	470928.302513	4398841.223086	7.659891	-0.603253	7.636100	1543309082.883645	3.154930	2.014483	1.965376
1.647603	470928.284934	4398842.061636	7.922700	-0.607972	7.899339	1543309082.975931	3.217110	1.996050	2.065567
1.655828	470928.224778	4398842.824888	7.695438	-0.653255	7.667661	1543309083.077662	3.201900	2.016513	2.063251
1.651448	470928.206822	4398843.650092	7.758212	-0.625296	7.732972	1543309083.176942	3.301905	1.886937	1.977830
1.651153	470928.094893	4398844.434396	7.666035	-0.615427	7.641292	1543309083.287803	3.275198	2.058403	2.001632
1.644424	470928.071260	4398845.225246	7.882854	-0.580257	7.861469	1543309083.382127	3.277578	1.849769	1.996819
1.645825	470927.936186	4398846.016489	7.642614	-0.572713	7.621125	1543309083.477229	3.259136	1.945452	2.001445
1.655258	470927.912585	4398846.797512	7.904151	-0.666219	7.876024	1543309083.570624	3.290345	1.937814	2.018520
1.654326	470927.838329	4398847.571575	7.716619	-0.643521	7.689739	1543309083.682564	3.442298	2.077400	2.018193
1.648851	470927.773580	4398848.337230	7.895790	-0.615868	7.871734	1543309083.780845	3.360034	1.872167	2.003753
1.656520	470927.572582	4398849.966102	7.837292	-0.670847	7.808528	1543309083.975109	3.442688	1.955790	2.023879
1.652173	470927.636949	4398850.715518	7.776420	-0.632184	7.750680	1543309084.078606	3.376006	1.967543	2.056241
1.652249	470927.538765	4398851.502365	7.963087	-0.647734	7.936699	1543309084.182678	3.281487	1.930987	1.948664
1.648918	470927.433917	4398852.293694	7.942220	-0.620151	7.917972	1543309084.278861	3.297618	1.992171	1.966888
1.644831	470927.434597	4398853.092032	7.913378	-0.585773	7.891667	1543309084.377997	3.306404	1.912180	1.987212
1.653994	470927.308703	4398853.894381	7.870839	-0.653945	7.843626	1543309084.469213	3.365901	2.040132	2.010517
1.659770	470927.257911	4398854.686904	7.823615	-0.694890	7.792694	1543309084.569102	3.393674	2.028420	2.018700
1.652334	470927.173844	4398855.472198	7.793595	-0.634959	7.767686	1543309084.667560	3.341687	2.053947	1.993060
1.651959	470927.102686	4398856.227827	7.745178	-0.627939	7.719681	1543309084.777703	3.296451	2.007365	2.068819
1.649922	470927.045946	4398857.072778	7.724322	-0.610626	7.700148	1543309084.867329	3.404956	1.875782	2.035425
1.657619	470926.983016	4398857.791571	7.951081	-0.648709	7.924574	1543309084.976384	3.252386	2.088279	2.046137
1.652947	470926.940403	4398858.592634	7.900930	-0.645889	7.874485	1543309085.074549	3.447313	2.040449	1.959399
1.693027	470926.949748	4398859.384738	7.923334	-0.596340	7.900860	1543309085.180445	3.500714	2.032026	1.983080
1.684081	470926.899830	4398860.172372	7.922678	-0.592688	7.900477	1543309085.267160	3.354188	2.054805	1.972916
1.663866	470926.771753	4398860.912057	7.791819	-0.645503	7.765035	1543309085.380185	3.475802	2.113889	1.957806
1.643615	470926.674059	4398861.720469	7.769274	-0.615486	7.744856	1543309085.467470	3.384996	2.032958	1.978348
1.641341	470926.622936	4398862.495881	8.177113	-0.655441	8.150802	1543309085.567346	3.409279	1.986901	1.990564
1.682870	470926.627625	4398863.336850	7.961665	-0.719382	7.929099	1543309085.675946	3.413435	2.027419	1.987281
1.664427	470926.502668	4398864.104991	7.960469	-0.736135	7.926359	1543309085.779189	3.411791	2.069686	1.955997
1.638259	470926.460512	4398864.883005	7.959894	-0.667822	7.931830	1543309085.867539	3.436959	1.997492	2.062291
1.640131	470926.422610	4398865.654366	7.862313	-0.657082	7.834808	1543309085.980117	3.415905	1.924013	2.066420
1.642485	470926.323185	4398866.432177	7.818549	-0.651709	7.791340	1543309086.078828	3.349560	2.043396	1.954970
1.663144	470926.263713	4398867.270194	7.935793	-0.686565	7.906038	1543309086.178901	3.449197	1.999825	1.957966
1.690442	470926.244064	4398868.064631	8.003056	-0.683590	7.973808	1543309086.278045	3.425383	2.043595	1.956291
1.624142	470926.089010	4398868.806486	7.964970	-0.595033	7.942713	1543309086.377316	3.386761	1.984917	1.967901
1.659708	470926.068111	4398869.643279	8.076813	-0.642565	8.051212	1543309086.477427	3.394160	2.012295	1.975083
1.695949	470926.054633	4398870.401944	8.155526	-0.725239	8.123216	1543309086.581151	3.349173	2.074199	1.978786
1.688213	470925.977159	4398871.213029	8.144907	-0.805751	8.104954	1543309086.677572	3.351912	2.050454	1.978336
1.623416	470925.862509	4398871.974901	8.050665	-0.687586	8.021249	1543309086.777124	3.349193	1.943997	1.982638
1.652209	470925.846698	4398872.785597	8.085387	-0.678358	8.056880	1543309086.877002	3.303180	1.948295	1.981330
1.676591	470925.784405	4398873.564835	7.808293	-0.678490	7.778759	1543309086.978238	3.355303	2.032681	1.974328
1.650544	470925.665420	4398874.401963	7.792998	-0.657349	7.765224	1543309087.078917	3.396679	1.996372	2.072833
1.614009	470925.574758	4398875.179999	7.780377	-0.637590	7.754208	1543309087.177485	3.447865	1.934703	2.064360
1.617764	470925.496896	4398875.984089	8.003215	-0.580889	7.982106	1543309087.279036	3.410562	1.979007	1.959984
1.646947	470925.468031	4398876.738733	8.015901	-0.590554	7.994117	1543309087.377730	3.311377	2.081409	1.971698
1.648844	470925.391010	4398877.517907	8.076551	-0.586527	8.055225	1543309087.487011	3.491898	1.814890	1.996690
1.636079	470925.344333	4398878.268882	8.112573	-0.568199	8.092650	1543309087.580890	3.347549	1.828274	2.003930
1.630680	470925.324765	4398879.052526	8.102891	-0.630867	8.078295	1543309087.685647	3.377260	1.908833	2.004566
1.604649	470925.220001	4398879.863073	7.932454	-0.616990	7.908422	1543309087.779601	3.412671	1.916876	2.001827
1.658798	470925.146167	4398880.665699	7.920612	-0.605061	7.897468	1543309087.876228	3.397012	1.827665	2.012840
1.665103	470925.075338	4398881.517187	7.897152	-0.583456	7.875569	1543309087.979408	3.444567	1.812786	2.019177
1.606349	470925.042824	4398882.255738	7.884576	-0.531468	7.866643	1543309088.077084	3.389014	1.890672	2.002890
1.668267	470925.040943	4398883.063915	7.878079	-0.621052	7.853561	1543309088.183671	3.539499	2.005358	1.979159
1.650312	470924.966013	4398883.879461	7.867094	-0.599470	7.844221	1543309088.283940	3.487099	1.942750	1.975955
1.644743	470924.891748	4398884.671279	7.857485	-0.573348	7.836539	1543309088.383255	3.414984	1.939070	1.997835
1.688215	470924.833301	4398885.434121	7.846705	-0.617606	7.822362	1543309088.479554	3.339321	1.997586	2.014244
1.696333	470924.780287	4398886.235638	8.098595	-0.626503	8.074326	1543309088.585531	3.374386	2.059633	2.017803
1.686352	470924.712097	4398887.021611	8.023004	-0.648632	7.996741	1543309088.677382	3.366125	2.030792	2.011470
1.668758	470924.655521	4398887.864084	8.002007	-0.620218	7.977935	1543309088.783725	3.459248	1.996752	2.005553
1.676243	470924.583274	4398888.610860	7.810818	-0.626616	7.785642	1543309088.877985	3.352423	1.970472	2.011850
1.655590	470924.244749	4398892.578157	8.053426	-0.666668	8.025784	1543309089.416306	3.311542	1.934103	2.021871
1.676892	470924.178038	4398893.397409	8.079347	-0.751687	8.044303	1543309089.479759	3.327103	2.090395	2.048266
1.657220	470924.090195	4398894.195668	8.107668	-0.767571	8.071252	1543309089.579595	3.372985	2.029965	2.042152
1.663973	470924.016749	4398894.941393	7.981495	-0.714128	7.949483	1543309089.679226	3.340843	2.018300	2.016845
1.685704	470924.015715	4398895.746368	7.988621	-0.778335	7.950614	1543309089.777333	3.374938	2.051721	1.967020
1.639605	470923.849420	4398896.492434	7.972463	-0.743230	7.937744	1543309089.880724	3.398096	2.070674	2.046282
1.634761	470923.812401	4398897.390360	7.964110	-0.683062	7.934764	1543309089.981683	3.498936	1.814745	2.051353
1.661766	470923.829219	4398898.154591	7.958260	-0.696837	7.927693	1543309090.078567	3.399615	1.998693	2.065953
1.654119	470923.759666	4398898.901865	7.944203	-0.684079	7.914695	1543309090.181259	3.325564	1.956829	1.971401
1.636447	470923.652122	4398899.685697	7.935801	-0.627130	7.910983	1543309090.279858	3.425911	1.838372	1.987137
1.648367	470923.587098	4398900.528732	7.931312	-0.622255	7.906865	1543309090.385357	3.410774	1.915938	2.000972
1.648838	470923.441461	4398902.067882	8.043139	-0.620711	8.019153	1543309090.584329	3.307291	2.001633	2.003453
1.673765	470923.433808	4398902.913367	8.007990	-0.608051	7.984871	1543309090.678442	3.457038	1.944469	2.001943
1.670420	470923.271540	4398904.488950	7.894452	-0.614512	7.870498	1543309090.883323	3.430586	1.842581	1.998263
1.641877	470923.268415	4398905.283897	7.886793	-0.594587	7.864348	1543309090.983835	3.359873	1.909595	1.993324
1.648750	470923.197801	4398906.074282	7.882292	-0.601287	7.859325	1543309091.078958	3.363223	1.911393	1.985095
1.651758	470923.057776	4398906.842603	7.870024	-0.613830	7.846049	1543309091.176934	3.313826	1.918435	1.983098
1.674152	470922.998900	4398908.418295	7.831421	-0.661577	7.803427	1543309091.395964	3.256715	1.979386	2.002584
1.674096	470922.958142	4398909.224899	7.873223	-0.664017	7.845171	1543309091.478809	3.269062	2.036263	2.002980
1.696838	470922.904588	4398910.027604	7.864885	-0.779948	7.826116	1543309091.582556	3.330714	2.037210	2.000167
1.663768	470922.811166	4398910.772123	7.820172	-0.748680	7.784251	1543309091.680394	3.309636	1.921007	1.992085
1.661098	470922.702678	4398911.568081	7.810011	-0.730093	7.775811	1543309091.779912	3.327860	1.883965	1.989177
1.672992	470922.666530	4398912.368537	7.803804	-0.754498	7.767244	1543309091.879759	3.313338	1.941248	1.989903
1.640161	470922.581012	4398913.127140	7.802291	-0.678768	7.772710	1543309091.979582	3.342172	1.978177	1.989137
1.649963	470922.497228	4398913.919900	8.043994	-0.676608	8.015488	1543309092.086511	3.337650	1.900682	1.989215
1.664299	470922.521392	4398914.761495	8.042281	-0.703151	8.011483	1543309092.179676	3.313233	1.978448	1.983903
1.667866	470922.413135	4398915.526733	8.034580	-0.729379	8.001405	1543309092.288687	3.350761	1.834028	1.978091
1.639385	470922.383496	4398916.398286	7.927209	-0.668124	7.899004	1543309092.380059	3.401944	1.903021	1.976087
1.664242	470922.272492	4398917.130693	7.890192	-0.696216	7.859416	1543309092.479891	3.299917	1.816863	1.976802
1.636946	470922.200757	4398918.108707	7.986232	-0.643380	7.960274	1543309092.580705	3.716134	1.962320	1.980917
1.647611	470922.138696	4398918.704819	7.916761	-0.678843	7.887602	1543309092.692073	3.285383	1.991899	1.988558
1.666242	470922.058641	4398919.498146	7.967673	-0.716348	7.935405	1543309092.787354	3.263836	2.025158	2.001154
1.668198	470922.065078	4398920.339472	8.062492	-0.745583	8.027944	1543309092.890674	3.284014	1.935893	2.021211
1.625870	470921.979338	4398921.144355	7.960440	-0.699314	7.929663	1543309092.981424	3.312064	1.941938	2.036310
1.614873	470921.887880	4398921.924479	7.916964	-0.675620	7.888083	1543309093.089471	3.297103	1.964503	2.036135
1.666210	470921.775469	4398923.494230	7.888628	-0.725253	7.855219	1543309093.290578	3.297790	2.023601	2.004175
1.692273	470921.747595	4398924.262381	7.821881	-0.743127	7.786500	1543309093.385558	3.248036	2.024395	1.997574
1.719809	470921.667925	4398925.063477	7.922018	-0.698409	7.891172	1543309093.494519	3.247617	2.040275	2.004187
1.679215	470921.580283	4398925.896681	7.968609	-0.715420	7.936429	1543309093.580998	3.338732	2.047236	2.010890
1.706003	470921.530293	4398926.646460	7.933069	-0.690579	7.902954	1543309093.689604	3.247570	2.006487	1.998758
1.657299	470921.395481	4398927.388769	7.924635	-0.688126	7.894702	1543309093.783072	3.357809	1.823276	1.973862
1.668787	470921.328008	4398928.196795	7.809615	-0.690472	7.779032	1543309093.890710	3.372597	1.826844	2.064664
1.677950	470921.251349	4398928.983004	7.852147	-0.685960	7.822127	1543309093.980623	3.370028	1.840360	1.970955
1.692049	470921.254488	4398929.801663	8.040685	-0.791050	8.001678	1543309094.089410	3.318657	2.044116	1.992723
1.659658	470921.100573	4398930.613075	8.045391	-0.763561	8.009075	1543309094.182599	3.357764	2.083129	2.010159
1.684578	470921.113348	4398931.396113	8.052565	-0.820221	8.010683	1543309094.289567	3.316657	2.026019	2.005995
1.666229	470920.993455	4398932.176857	7.992234	-0.773062	7.954758	1543309094.382024	3.337055	2.079491	1.999522
1.702299	470920.986594	4398932.965449	7.903896	-0.714313	7.871552	1543309094.488497	3.275572	2.031026	1.996960
1.702463	470920.899078	4398933.748309	7.998956	-0.693448	7.968841	1543309094.581665	3.283837	2.026730	1.995624
1.668057	470920.818080	4398934.496479	7.898358	-0.713894	7.866029	1543309094.688259	3.346419	2.018080	1.986625
1.656784	470920.770202	4398935.269724	7.844905	-0.697099	7.813872	1543309094.780277	3.425541	1.910711	1.977259
1.656647	470920.689099	4398936.063607	7.858011	-0.687613	7.827868	1543309094.888396	3.355949	1.880660	1.982165
1.670776	470920.629833	4398936.857164	7.817723	-0.719243	7.784567	1543309094.980238	3.403762	1.969543	1.983218
1.655406	470920.528189	4398937.663235	7.920394	-0.708336	7.888656	1543309095.092865	3.262753	2.017050	1.997351
1.661115	470920.435778	4398938.463208	7.937980	-0.711873	7.905995	1543309095.181497	3.289065	2.017514	2.002148
1.663416	470920.398424	4398939.238747	7.944559	-0.720314	7.911837	1543309095.286362	3.259426	2.018527	1.996099
1.686606	470920.335701	4398940.039582	7.881791	-0.700880	7.850567	1543309095.379698	3.220938	2.073982	1.997490
1.665442	470920.239816	4398940.840104	7.788565	-0.708023	7.756317	1543309095.491478	3.303845	2.022432	2.005094
1.678289	470920.151256	4398941.657526	7.804143	-0.775473	7.765519	1543309095.582812	3.291346	1.995308	2.012455
1.675861	470920.104270	4398942.439879	7.827119	-0.793869	7.786756	1543309095.691126	3.346808	2.026777	2.015181
1.675994	470920.029299	4398943.226630	7.868806	-0.808660	7.827144	1543309095.778831	3.276505	2.114875	2.014804
1.667984	470919.971851	4398944.030950	7.878822	-0.793265	7.838786	1543309095.889010	3.316460	1.967993	2.013886
1.669223	470919.917479	4398944.789812	7.823804	-0.780814	7.784744	1543309095.980671	3.300528	1.965047	2.008791
1.665892	470919.795515	4398945.594627	7.906283	-0.774503	7.868257	1543309096.095450	3.320912	2.023826	2.016231
1.661632	470919.775423	4398946.400988	7.961825	-0.758743	7.925589	1543309096.180967	3.318362	1.996787	2.021450
1.667360	470919.709300	4398947.181751	7.964531	-0.762028	7.927993	1543309096.279082	3.299689	1.967604	2.015627
1.659827	470919.651439	4398947.961830	7.927761	-0.739026	7.893240	1543309096.381870	3.302379	1.992930	2.009933
1.678169	470919.578050	4398948.701909	7.892899	-0.662555	7.865042	1543309096.482409	3.361494	2.017057	1.993133
1.647857	470919.530690	4398949.479725	7.863556	-0.640595	7.837420	1543309096.587211	3.351049	1.960229	1.978060
1.667142	470919.470823	4398950.266901	7.831762	-0.598521	7.808859	1543309096.688210	3.333843	1.940631	1.975184
1.679463	470919.332620	4398951.073149	7.780533	-0.614625	7.756218	1543309096.782349	3.338562	1.826776	1.968228
1.638306	470919.340260	4398951.870485	7.880524	-0.590616	7.858360	1543309096.879112	3.377118	1.880592	1.971846
1.681976	470919.258576	4398952.707630	8.029321	-0.740555	7.995097	1543309096.983365	3.357270	2.022353	1.993587
1.654864	470919.177667	4398953.494945	8.114076	-0.732887	8.080910	1543309097.087200	3.369424	2.022284	2.010121
1.658492	470919.145461	4398954.263376	8.163579	-0.729021	8.130962	1543309097.184400	3.256072	2.076016	2.016930
1.684631	470919.089840	4398955.074224	8.138634	-0.799397	8.099279	1543309097.290902	3.297219	2.023167	2.019118
1.683956	470919.052156	4398955.856521	8.023235	-0.830300	7.980156	1543309097.382648	3.332060	2.075792	2.012894
1.666623	470918.935746	4398956.671937	7.927171	-0.797114	7.886992	1543309097.490536	3.336239	2.023235	2.010985
1.669905	470918.908007	4398957.436797	7.925857	-0.792278	7.886159	1543309097.581620	3.302818	2.023845	2.008893
1.681558	470918.837245	4398958.199846	7.891163	-0.818826	7.848565	1543309097.689171	3.330050	2.023082	1.999961
1.668650	470918.784627	4398958.963242	7.845544	-0.797591	7.804896	1543309097.783935	3.311702	2.013495	1.983093
1.675357	470918.666401	4398959.752236	7.779869	-0.797843	7.738851	1543309097.887689	3.333385	1.865855	1.968997
1.676351	470918.690172	4398960.555896	7.793162	-0.806798	7.751287	1543309097.981480	3.338748	1.997962	2.064897
1.646614	470918.582399	4398961.326217	7.735869	-0.799117	7.694484	1543309098.089650	3.314073	1.859937	1.969738
1.671354	470918.538552	4398962.113462	7.864879	-0.804290	7.823647	1543309098.179728	3.282623	2.012335	1.984577
1.682756	470918.488727	4398962.959603	7.940827	-0.753735	7.904974	1543309098.288906	3.360094	2.024128	2.000344
1.689933	470918.430634	4398963.728031	7.958085	-0.824397	7.915269	1543309098.379375	3.293833	2.076672	2.011976
1.667392	470918.390404	4398964.511413	7.958121	-0.803726	7.917431	1543309098.491073	3.298504	1.948686	2.014898
1.662134	470918.314815	4398965.322199	7.945224	-0.773407	7.907492	1543309098.580555	3.355554	1.995798	2.012457
1.662114	470918.233023	4398966.114254	7.951475	-0.755661	7.915486	1543309098.691960	3.364266	2.067870	2.016206
1.684741	470918.175795	4398966.900296	7.938888	-0.809010	7.897560	1543309098.787697	3.335413	2.081247	2.021095
1.702584	470918.132895	4398967.687572	7.917689	-0.891933	7.867290	1543309098.896677	3.328287	2.026173	2.012750
1.696808	470918.027732	4398968.439879	7.825870	-0.915504	7.772136	1543309098.990923	3.385931	1.901339	1.982506
1.695436	470918.030919	4398969.199192	7.738819	-0.924625	7.683384	1543309099.089113	3.419215	2.020759	2.072181
1.678778	470917.867086	4398969.974177	7.802616	-0.898799	7.750676	1543309099.193342	3.420803	1.816388	2.072982
1.655211	470917.757096	4398971.588343	7.969780	-0.829450	7.926500	1543309099.391412	3.235392	2.065376	1.995630
1.651046	470917.676811	4398972.426147	7.976708	-0.760732	7.940350	1543309099.488958	3.325221	1.980370	2.010408
1.676222	470917.627867	4398974.018550	7.683810	-0.663029	7.655151	1543309099.694313	3.393762	2.063112	2.063181
1.666478	470917.487229	4398974.817865	7.641180	-0.684371	7.610471	1543309099.792385	3.394979	2.058500	2.056886
1.686837	470917.461016	4398975.571855	7.805962	-0.679951	7.776291	1543309099.892763	3.282539	2.061941	2.036082
1.647208	470917.338361	4398976.355779	7.784885	-0.650679	7.757645	1543309099.992512	3.352625	2.005090	2.000874
1.670414	470917.313701	4398977.080991	7.666624	-0.683391	7.636105	1543309100.092023	3.315236	2.010405	1.975720
1.669082	470917.263019	4398977.906350	7.616764	-0.701990	7.584346	1543309100.191394	3.470202	1.968334	2.063695
1.668920	470917.254777	4398978.656557	7.608260	-0.716986	7.574401	1543309100.287979	3.320521	1.975393	2.052743
1.739874	470916.990198	4398980.203074	7.978890	-0.720715	7.946273	1543309100.490976	3.488622	1.828446	2.058736
1.702258	470916.995065	4398981.039266	7.976336	-0.727922	7.943051	1543309100.591783	3.336100	1.903510	2.071398
1.692802	470916.999514	4398981.832041	7.976927	-0.811536	7.935539	1543309100.688184	3.300562	2.020944	1.977425
1.709739	470916.918749	4398982.607590	7.993267	-0.759637	7.957089	1543309100.792442	3.270124	2.006804	1.988848
1.683496	470916.845928	4398983.414588	7.977792	-0.738094	7.943575	1543309100.890597	3.297702	2.053238	1.995186
1.655105	470916.765540	4398984.218594	7.983523	-0.714101	7.951522	1543309100.989833	3.340679	2.048700	1.993520
1.679264	470916.682875	4398984.980142	7.970882	-0.699290	7.940148	1543309101.087358	3.284463	1.997752	1.994427
1.691484	470916.638319	4398985.770038	7.950580	-0.692701	7.920346	1543309101.190075	3.268061	1.997609	1.991092
1.692600	470916.589563	4398986.559731	7.961825	-0.695506	7.931389	1543309101.289534	3.264224	2.085047	1.989870
1.674347	470916.535409	4398987.369282	7.959169	-0.739645	7.924727	1543309101.390988	3.302717	2.000447	2.004774
1.656783	470916.496871	4398988.151905	7.975040	-0.722086	7.942283	1543309101.492904	3.280678	1.994506	2.017729
1.713692	470916.307152	4398990.547108	7.819985	-0.625347	7.794941	1543309101.781089	3.385579	2.071599	2.030478
1.687028	470916.204659	4398991.316512	7.892768	-0.645850	7.866299	1543309101.891178	3.352943	2.074546	2.021928
1.691200	470916.155086	4398992.064374	7.879607	-0.649545	7.852789	1543309101.981611	3.269213	2.007452	2.015152
1.701610	470916.088819	4398992.849646	7.909494	-0.652550	7.882529	1543309102.089839	3.285267	2.044179	2.011882
1.688930	470916.008883	4398993.626287	7.963258	-0.753190	7.927559	1543309102.182282	3.277534	2.053457	1.998069
1.686238	470915.960719	4398994.410423	7.930920	-0.809730	7.889476	1543309102.289621	3.291489	2.042086	1.989489
1.699602	470915.914340	4398995.190562	7.900952	-0.761065	7.864211	1543309102.379965	3.294463	2.042500	1.985318
1.681079	470915.801197	4398995.919166	7.815927	-0.717241	7.782948	1543309102.490737	3.255628	1.993193	1.977531
1.682586	470915.723413	4398996.745414	7.895131	-0.690575	7.864871	1543309102.584281	3.299863	1.966448	1.978884
1.675263	470915.622806	4398997.580767	7.924031	-0.685629	7.894313	1543309102.689903	3.362743	2.047644	1.991560
1.689537	470915.642193	4398998.332172	7.933328	-0.772955	7.895584	1543309102.783032	3.272036	2.006093	2.014183
1.694344	470915.533390	4398999.109534	7.928709	-0.757392	7.892451	1543309102.888463	3.265403	2.047789	2.021932
1.714016	470915.502314	4398999.967888	7.906824	-0.701668	7.875628	1543309102.980257	3.385752	2.132989	2.019517
1.649616	470915.392335	4399000.705916	7.864791	-0.668719	7.836310	1543309103.093530	3.283052	2.049604	2.015007
1.674391	470915.316459	4399001.500074	7.891222	-0.722378	7.858089	1543309103.188555	3.305192	2.053625	2.006603
1.679205	470915.236994	4399002.297404	7.849959	-0.694974	7.819135	1543309103.290815	3.327005	2.056626	2.007000
1.681461	470915.236558	4399003.067537	7.852888	-0.759388	7.816085	1543309103.393727	3.278500	2.011443	2.006001
1.675694	470915.168504	4399003.878796	7.846888	-0.782235	7.807801	1543309103.489176	3.329835	2.045538	2.008002
1.679115	470915.093085	4399004.644174	7.886979	-0.810747	7.845198	1543309103.591707	3.288015	2.004156	2.010019
1.688786	470914.992553	4399005.414405	7.870319	-0.851074	7.824168	1543309103.689349	3.274082	2.056513	2.005425
1.684729	470914.983602	4399006.210487	7.882115	-0.868642	7.834105	1543309103.791580	3.281934	1.997287	2.003520
1.681682	470914.911994	4399007.004572	7.869810	-0.868478	7.821743	1543309103.890066	3.308495	2.047648	2.007947
1.690488	470914.835952	4399007.780493	7.872020	-0.894152	7.821074	1543309103.989039	3.291694	2.058484	2.011560
1.642897	470914.764113	4399008.603166	7.815526	-0.820152	7.772374	1543309104.089072	3.371421	1.910204	2.010465
1.676077	470914.681585	4399009.334095	7.830562	-0.821902	7.787309	1543309104.188718	3.267225	2.051849	1.999296
1.681740	470914.580404	4399010.878652	7.830493	-0.861111	7.783001	1543309104.392275	3.257686	1.971835	1.984756
1.693064	470914.518838	4399011.702579	7.892801	-0.903000	7.840976	1543309104.490648	3.311356	1.983184	1.978026
1.677231	470914.467544	4399012.534617	7.896052	-0.879998	7.846862	1543309104.589438	3.401247	1.949955	1.978017
1.668460	470914.356152	4399013.311053	7.910757	-0.841592	7.865863	1543309104.691405	3.380390	2.053262	1.991438
1.655968	470914.314973	4399014.084228	7.917993	-0.782514	7.879231	1543309104.789328	3.348311	1.972516	2.002718
1.673881	470914.263830	4399014.857076	7.909482	-0.793012	7.869627	1543309104.892461	3.320277	2.062298	2.005678
1.648514	470914.165576	4399015.664499	7.928414	-0.728068	7.894914	1543309104.987153	3.363691	1.975618	2.008148
1.667120	470914.002831	4399017.213444	7.934365	-0.711414	7.902408	1543309105.191653	3.262844	1.910037	2.020121
1.670349	470913.975338	4399017.994396	7.905924	-0.736121	7.871579	1543309105.289393	3.254602	1.838771	2.023546
1.661531	470913.901558	4399018.777690	7.917654	-0.730051	7.883924	1543309105.392842	3.226382	1.833561	2.019043
1.672548	470913.892025	4399019.575860	7.882389	-0.753415	7.846300	1543309105.490281	3.258370	2.063271	2.017360
1.658147	470913.773947	4399020.403345	7.786249	-0.720608	7.752832	1543309105.590462	3.355031	2.005651	2.018240
1.662180	470913.755597	4399021.145810	7.924600	-0.729802	7.890924	1543309105.688424	3.247221	2.006411	2.022097
1.668209	470913.741050	4399021.957602	7.917543	-0.744160	7.882494	1543309105.789940	3.290100	1.993934	2.018417
1.694302	470913.663838	4399022.733823	7.861249	-0.693457	7.830604	1543309105.892248	3.280180	2.003563	2.011724
1.686073	470913.601881	4399023.507080	7.873567	-0.667773	7.845199	1543309105.989268	3.267212	2.061989	1.999891
1.702232	470913.556626	4399024.253273	7.716107	-0.772784	7.677312	1543309106.088810	3.423232	1.978853	1.982883
1.664523	470913.442214	4399025.012837	7.740018	-0.766011	7.702020	1543309106.188674	3.390123	1.819985	1.980429
1.642297	470913.394654	4399025.803456	7.778074	-0.691028	7.747317	1543309106.289436	3.383339	1.952336	1.979620
1.696128	470913.345536	4399026.638590	7.779887	-0.690127	7.749217	1543309106.393052	3.536674	2.010157	1.978975
1.685622	470913.277214	4399027.405842	7.784459	-0.756607	7.747602	1543309106.489271	3.275827	2.070038	1.995892
1.674669	470913.185398	4399028.213895	7.847566	-0.781912	7.808515	1543309106.588151	3.313489	2.018862	2.002366
1.690107	470913.134103	4399028.992233	7.854694	-0.769007	7.816959	1543309106.692780	3.295632	2.072872	1.999788
1.690574	470913.049417	4399029.965625	7.894318	-0.777442	7.855943	1543309106.791260	3.639961	2.017485	1.997870
1.697320	470912.963591	4399031.364947	7.925167	-0.686404	7.895386	1543309106.989100	3.266386	2.019134	2.002901
1.683315	470912.858008	4399032.178649	7.914309	-0.725565	7.880980	1543309107.092462	3.294800	2.027347	2.010439
1.701796	470912.825356	4399032.941456	7.933375	-0.624409	7.908764	1543309107.191736	3.246191	2.025570	2.003588
1.685566	470912.749039	4399033.721986	7.857815	-0.646350	7.831187	1543309107.294871	3.244185	2.022997	2.004147
1.646350	470912.657609	4399034.542328	7.787727	-0.631467	7.762084	1543309107.394019	3.323027	2.025257	2.011084
1.645554	470912.564460	4399035.334369	7.787095	-0.655693	7.759440	1543309107.487163	3.329581	1.970782	2.013029
1.645778	470912.530490	4399036.110577	7.874494	-0.636028	7.848766	1543309107.589406	3.306369	2.024455	2.008780
1.672547	470912.480766	4399036.826101	7.979018	-0.716096	7.946819	1543309107.696049	3.422266	2.024637	2.000703
1.640431	470912.342812	4399037.657803	8.093268	-0.668978	8.065573	1543309107.794521	3.299360	1.943480	1.996952
1.648823	470912.329099	4399038.447346	7.996295	-0.661965	7.968848	1543309107.892874	3.305674	1.844075	1.989664
1.674403	470912.295491	4399039.204166	7.987258	-0.656315	7.960248	1543309107.989657	3.380150	2.027948	1.997228
1.676010	470912.220172	4399040.065339	7.992342	-0.640258	7.966656	1543309108.098236	3.317357	2.038693	2.016350
1.651892	470912.134540	4399040.854788	7.790675	-0.626568	7.765439	1543309108.189676	3.294684	2.037904	2.025882
1.667353	470912.108850	4399041.651041	7.973988	-0.686156	7.944411	1543309108.292906	3.412492	1.938330	2.035168
1.662007	470912.054858	4399042.403188	7.903109	-0.679418	7.873851	1543309108.390336	3.235020	1.960833	2.039201
1.668774	470911.967516	4399043.257181	7.931594	-0.697827	7.900837	1543309108.494449	3.365621	1.969420	2.039884
1.662296	470911.896592	4399044.014920	7.795017	-0.657566	7.767232	1543309108.588139	3.353406	1.937645	2.031022
1.668953	470911.800154	4399044.714651	7.969557	-0.732025	7.935867	1543309108.695666	3.391208	2.035590	2.008781
1.648121	470911.668580	4399045.540821	7.878701	-0.670089	7.850153	1543309108.791209	3.310786	1.944469	1.989851
1.660275	470911.636459	4399046.341866	7.665643	-0.665220	7.636725	1543309108.899392	3.329015	1.808950	1.972385
1.668350	470911.575076	4399047.107352	7.810428	-0.646448	7.783630	1543309108.989321	3.371201	1.833884	1.984995
1.691786	470911.569484	4399047.904753	7.815482	-0.741674	7.780211	1543309109.105593	3.281442	2.009373	2.007390
1.673448	470911.472037	4399048.673315	8.032095	-0.784660	7.993676	1543309109.189357	3.281669	1.984657	2.008889
1.686738	470911.432548	4399049.479288	8.057755	-0.742809	8.023444	1543309109.300858	3.318693	2.040402	2.002655
1.646423	470911.271057	4399051.031968	8.089280	-0.734096	8.055902	1543309109.498628	3.302252	1.902076	2.002379
1.671778	470911.146199	4399052.600703	8.024685	-0.739317	7.990555	1543309109.700412	3.315960	1.903345	2.008036
1.666511	470911.070239	4399053.382646	7.848667	-0.732266	7.814433	1543309109.790253	3.322585	1.964453	2.004221
1.666579	470911.021665	4399054.164766	7.897084	-0.785240	7.857947	1543309109.904939	3.317101	1.919650	2.005397
1.677497	470910.958224	4399054.940675	7.851705	-0.694293	7.820948	1543309109.989819	3.289619	1.931606	2.013367
1.699899	470910.854475	4399056.533978	7.905289	-0.635152	7.879732	1543309110.199049	3.361830	2.002623	2.018003
1.686026	470910.776161	4399057.326989	7.907558	-0.703330	7.876217	1543309110.290666	3.279285	2.046520	2.020383
1.665257	470910.651588	4399058.068773	7.873116	-0.710231	7.841016	1543309110.387026	3.315220	2.049516	2.018722
1.681592	470910.578731	4399059.073719	7.969830	-0.687150	7.940152	1543309110.500108	3.705301	1.969177	2.010950
1.668622	470910.578825	4399059.669003	7.877520	-0.709965	7.845461	1543309110.591436	3.422603	1.962124	2.009237
1.674874	470910.457642	4399060.621539	7.902235	-0.750161	7.866548	1543309110.698806	3.706452	1.997319	2.012480
1.676752	470910.343434	4399062.006315	7.954180	-0.814741	7.912343	1543309110.891172	3.282168	1.988615	2.015272
1.662452	470910.266817	4399062.799933	7.995429	-0.788675	7.956437	1543309110.988704	3.295056	1.960826	2.016538
1.686818	470910.221617	4399063.633658	8.002428	-0.720863	7.969894	1543309111.093208	3.407344	2.054488	2.022265
1.664025	470910.137041	4399064.343841	7.979212	-0.692809	7.949078	1543309111.188909	3.273759	1.956991	2.011603
1.667011	470910.126679	4399065.169974	7.964007	-0.715868	7.931767	1543309111.287574	3.339740	1.927749	1.984884
1.667359	470910.043243	4399065.938076	7.896835	-0.726998	7.863299	1543309111.389151	3.337963	1.970942	2.060017
1.667845	470909.920856	4399066.738868	7.858116	-0.737288	7.823451	1543309111.487721	3.403758	1.838104	2.057109
1.652522	470909.927652	4399067.547769	7.913049	-0.709740	7.881156	1543309111.591710	3.416946	1.950757	1.968865
1.661767	470909.820565	4399068.297970	7.950568	-0.716001	7.918262	1543309111.689600	3.331607	1.900020	1.994925
1.691551	470909.783768	4399069.084685	8.054668	-0.666989	8.027004	1543309111.787770	3.311492	2.048920	2.011773
1.678615	470909.731846	4399069.866742	7.957969	-0.729625	7.924450	1543309111.888051	3.289655	2.043803	2.007209
1.676312	470909.587649	4399071.461705	7.958894	-0.719481	7.926307	1543309112.103718	3.325917	1.952685	2.001512
1.680860	470909.423766	4399073.060977	7.954299	-0.671231	7.925927	1543309112.288061	3.335900	2.051297	2.020723
1.650551	470909.409734	4399073.850363	7.985616	-0.660745	7.958233	1543309112.392236	3.285936	1.954721	2.036121
1.658495	470909.311064	4399074.617953	7.942736	-0.646284	7.916399	1543309112.499860	3.271013	2.044660	2.036908
1.679260	470909.264852	4399075.421585	7.942530	-0.660259	7.915039	1543309112.591096	3.309636	2.014508	2.019263
1.678272	470909.181339	4399076.183991	7.996660	-0.639542	7.971045	1543309112.699632	3.271470	1.979207	2.005983
1.649034	470909.085818	4399076.963342	8.111786	-0.643312	8.086237	1543309112.791812	3.307280	1.897514	1.998073
1.680078	470909.047156	4399077.763051	8.038514	-0.636198	8.013299	1543309112.899514	3.288146	2.043962	2.022973
1.638518	470908.911272	4399078.576585	7.956325	-0.656391	7.929203	1543309112.991051	3.325001	2.037278	2.051129
1.647815	470908.877055	4399079.373201	7.939803	-0.638789	7.914064	1543309113.104231	3.344986	2.008332	2.041685
1.647814	470908.827204	4399080.140091	7.890320	-0.687099	7.860346	1543309113.191794	3.307656	2.006043	2.020103
1.658862	470908.811653	4399080.863441	7.890553	-0.689352	7.860383	1543309113.297733	3.336962	1.920422	1.995494
1.656856	470908.755023	4399081.733076	7.858626	-0.613664	7.834630	1543309113.388992	3.400167	1.941733	1.985010
1.653170	470908.504103	4399084.025666	7.824030	-0.676959	7.794689	1543309113.701226	3.255463	2.036255	2.008202
1.685090	470908.496165	4399084.806590	7.797594	-0.695035	7.766557	1543309113.790115	3.233203	2.032685	2.011716
1.644366	470908.369677	4399085.600871	7.831368	-0.673508	7.802353	1543309113.897620	3.265243	2.030270	2.006979
1.653432	470908.289188	4399086.379188	7.953874	-0.674697	7.925207	1543309113.990644	3.266326	2.032695	2.007263
1.650665	470908.268562	4399087.164794	7.957246	-0.661378	7.929713	1543309114.099327	3.285517	1.890280	1.999299
1.650636	470908.169532	4399087.943856	7.764856	-0.635902	7.738774	1543309114.190775	3.289164	1.948283	1.996768
1.656216	470908.122942	4399088.739940	7.817676	-0.649879	7.790617	1543309114.300234	3.315192	2.040994	1.995364
1.644857	470908.077317	4399089.528003	7.803320	-0.623557	7.778366	1543309114.388663	3.310428	1.888602	1.985417
1.645500	470907.992535	4399090.318834	7.807242	-0.608888	7.783462	1543309114.498190	3.312316	1.976119	1.990474
1.636509	470907.981108	4399091.110926	7.762571	-0.609630	7.738595	1543309114.590587	3.349912	1.881765	1.981483
1.634939	470907.915629	4399091.950677	7.905400	-0.578370	7.884215	1543309114.701209	3.410461	1.920296	1.980957
1.648018	470907.772026	4399092.686420	7.879737	-0.619686	7.855332	1543309114.791614	3.315984	2.000646	1.986779
1.648539	470907.760459	4399093.522372	7.955223	-0.614475	7.931456	1543309114.889535	3.409590	1.945078	1.991023
1.639855	470907.670915	4399094.260707	7.957744	-0.613105	7.934090	1543309114.990317	3.271769	2.024379	1.998900
1.655783	470907.553376	4399096.630555	7.937227	-0.655814	7.910088	1543309115.296183	3.236074	1.926715	2.031736
1.640815	470907.423478	4399097.450729	7.948323	-0.621261	7.924006	1543309115.392762	3.308939	2.082038	2.028881
1.674980	470907.405637	4399098.235536	7.914191	-0.691315	7.883939	1543309115.498256	3.335068	2.001908	2.014814
1.677341	470907.342613	4399099.029053	7.921461	-0.663746	7.893604	1543309115.592463	3.305757	2.000897	2.011253
1.655393	470907.282729	4399099.798427	7.931417	-0.666553	7.903359	1543309115.702163	3.264044	2.022276	2.005558
1.675390	470907.220586	4399100.575506	7.878773	-0.674976	7.849807	1543309115.794356	3.357853	1.959331	1.999015
1.658339	470907.094721	4399101.360947	7.902854	-0.682269	7.873348	1543309115.891711	3.253482	2.023020	2.003528
1.663382	470907.078902	4399102.313558	7.914319	-0.700177	7.883286	1543309115.991219	3.579699	2.022739	2.003641
1.656490	470906.997055	4399103.725941	7.827476	-0.697996	7.796293	1543309116.187966	3.290101	1.960649	1.991191
1.662216	470906.928600	4399104.471150	7.786327	-0.700119	7.754787	1543309116.299522	3.369605	1.936494	1.987761
1.662913	470906.846240	4399105.274076	7.847390	-0.716749	7.814589	1543309116.388716	3.328435	2.010931	1.987334
1.666184	470906.791831	4399106.060234	7.851819	-0.728497	7.817951	1543309116.498292	3.300019	1.899998	1.985838
1.674827	470906.726686	4399106.858071	7.851061	-0.760109	7.814179	1543309116.591650	3.313660	1.911201	1.981864
1.662636	470906.690563	4399107.651927	7.928538	-0.752667	7.892732	1543309116.698198	3.308186	1.941083	1.984932
1.688858	470906.560324	4399109.254365	7.925117	-0.710391	7.893214	1543309116.889096	3.329575	1.992353	1.996743
1.671373	470906.481513	4399109.995453	7.932180	-0.742212	7.897379	1543309116.989246	3.235234	2.047647	1.999271
1.646406	470906.399097	4399110.778576	7.917344	-0.707848	7.885638	1543309117.097953	3.258154	2.017075	2.000505
1.649536	470906.340682	4399111.574425	7.906674	-0.673267	7.877957	1543309117.190137	3.268491	2.016219	2.002386
1.683583	470906.329220	4399112.370558	7.898560	-0.687771	7.868559	1543309117.299395	3.238933	2.016325	2.006921
1.671560	470906.229494	4399113.168380	7.900502	-0.727345	7.866950	1543309117.392358	3.267209	1.933409	2.009588
1.671195	470906.167260	4399113.982469	7.897855	-0.750834	7.862084	1543309117.499290	3.324138	2.077157	2.017937
1.671199	470906.052572	4399115.560791	7.904098	-0.772033	7.866304	1543309117.698200	3.326175	1.965505	2.015100
1.647565	470905.970281	4399116.329978	7.878249	-0.720327	7.845249	1543309117.816117	3.316394	2.019699	2.009216
1.672426	470905.932141	4399117.126369	7.949666	-0.755821	7.913654	1543309117.897895	3.373753	2.073610	2.013555
1.661260	470905.888488	4399117.889275	7.914577	-0.758837	7.878115	1543309118.004273	3.261798	2.007256	2.019390
1.651729	470905.821703	4399118.647037	7.868652	-0.742132	7.833577	1543309118.101084	3.261050	1.930231	2.021189
1.689625	470905.663912	4399120.408176	7.750518	-0.680313	7.720603	1543309118.305539	3.744115	1.993927	1.988431
1.669851	470905.624571	4399120.969895	7.715451	-0.602624	7.691881	1543309118.401587	3.353442	1.959470	1.975733
1.685299	470905.564738	4399121.811427	7.860053	-0.656398	7.832597	1543309118.503539	3.505090	1.987017	1.982417
1.693981	470905.467455	4399122.598601	7.963703	-0.658279	7.936450	1543309118.602052	3.294805	1.994086	2.000887
1.654089	470905.393414	4399123.409895	7.963383	-0.659945	7.935990	1543309118.701022	3.327516	2.023931	2.014097
1.647567	470905.270997	4399124.189200	7.915558	-0.637472	7.889847	1543309118.800025	3.338550	2.077910	2.011752
1.680361	470905.269412	4399124.941906	7.911883	-0.720911	7.878971	1543309118.901503	3.266837	2.024108	2.003698
1.708101	470905.207739	4399125.714085	7.897426	-0.753132	7.861433	1543309118.998807	3.242985	2.001548	2.001129
1.669507	470905.133657	4399126.503493	7.856614	-0.758348	7.819929	1543309119.099179	3.287910	2.022090	2.002474
1.646166	470905.034604	4399127.274209	7.888980	-0.795696	7.848750	1543309119.201555	3.256671	2.016906	1.996226
1.642983	470904.981196	4399128.102161	7.953441	-0.719864	7.920796	1543309119.297364	3.306247	1.988795	2.004894
1.642785	470904.897086	4399128.906353	7.977938	-0.666633	7.950037	1543309119.400742	3.323501	2.079347	2.014802
1.676778	470904.921969	4399129.679414	7.936812	-0.727922	7.903361	1543309119.490371	3.288774	2.108137	2.016010
1.620539	470904.776518	4399130.493140	7.897404	-0.732967	7.863317	1543309119.597959	3.355683	2.023864	2.016622
1.668205	470904.711803	4399132.044985	7.845890	-0.747696	7.810182	1543309119.789623	3.360444	2.075019	2.012941
1.634063	470904.591857	4399132.805116	7.842625	-0.731800	7.808408	1543309119.899301	3.272758	2.080623	2.023207
1.638701	470904.557570	4399133.586131	7.879637	-0.675890	7.850595	1543309119.991802	3.274523	2.079045	2.032388
1.648654	470904.502960	4399134.410102	7.880354	-0.689502	7.850132	1543309120.106428	3.347814	2.027394	2.019423
1.661686	470904.457215	4399135.142448	7.806089	-0.582150	7.784351	1543309120.191589	3.263345	2.081790	1.998777
1.629346	470904.405653	4399135.895240	7.754326	-0.585067	7.732223	1543309120.300931	3.394061	1.913869	1.982383
1.641622	470904.328048	4399136.750050	7.771979	-0.574782	7.750695	1543309120.392363	3.367196	1.825579	2.071364
1.682285	470904.240068	4399137.505479	7.838078	-0.610665	7.814253	1543309120.494008	3.323322	1.818653	1.972223
1.619893	470904.122394	4399139.179523	7.868136	-0.525731	7.850553	1543309120.700127	3.693684	1.976143	1.988002
1.656456	470904.098843	4399139.906480	7.835293	-0.563690	7.814990	1543309120.789312	3.330946	1.999954	2.011997
