front	position-x	position-y	speed	speed-x	speed-y	timestamp	v-x	v-y	v-z
0.094486	470909.381943	4399048.460638	0.000000	0.000000	0.000000	1543457846.849745	0.470000	0.470000	0.800000
0.095179	470908.662361	4399055.706604	0.000000	0.000000	0.000000	1543457847.248532	0.470000	0.470000	0.800000
0.095614	470908.425252	4399058.012509	0.000000	0.000000	0.000000	1543457847.351004	0.470000	0.470000	0.800000
0.095820	470908.061525	4399061.627183	0.000000	0.000000	0.000000	1543457847.449746	0.470000	0.470000	0.800000
0.096360	470907.413729	4399068.036851	0.000000	0.000000	0.000000	1543457847.649107	0.470000	0.470000	0.800000
0.096592	470907.400194	4399068.266739	0.000000	0.000000	0.000000	1543457847.848109	0.470000	0.470000	0.800000
0.096566	470907.507244	4399067.152753	0.000000	0.000000	0.000000	1543457847.949501	0.470000	0.470000	0.800000
0.095954	470907.900972	4399063.127038	0.000000	0.000000	0.000000	1543457848.249080	0.470000	0.470000	0.800000
0.095347	470908.357526	4399058.634565	0.000000	0.000000	0.000000	1543457848.451137	0.470000	0.470000	0.800000
0.095109	470908.536762	4399056.915023	0.000000	0.000000	0.000000	1543457848.548037	0.470000	0.470000	0.800000
0.094887	470908.713523	4399055.256688	0.000000	0.000000	0.000000	1543457848.648504	0.470000	0.470000	0.800000
0.094510	470909.247360	4399050.306452	0.000000	0.000000	0.000000	1543457848.847849	0.470000	0.470000	0.800000
0.094601	470909.413262	4399048.766357	0.000000	0.000000	0.000000	1543457848.948955	0.470000	0.470000	0.800000
0.094738	470909.458989	4399048.372550	0.000000	0.000000	0.000000	1543457849.050716	0.470000	0.470000	0.800000
0.095146	470909.411760	4399048.981130	0.000000	0.000000	0.000000	1543457849.148621	0.470000	0.470000	0.800000
-3.069522	470907.744471	4399065.726650	0.000000	0.000000	0.000000	1543457849.248861	0.725814	0.616103	0.010000
-3.069522	470907.744471	4399065.726650	0.000000	0.000000	0.000000	1543457849.347702	0.725814	0.616103	0.010000
-3.069522	470907.744471	4399065.726650	0.000000	0.000000	0.000000	1543457849.548464	0.725814	0.616103	0.010000
0.939450	470907.786936	4399065.603020	0.000000	0.000000	0.000000	1543457849.756762	1.080592	0.333251	0.010000
0.960695	470907.680581	4399065.565581	0.000000	0.000000	0.000000	1543457849.851711	1.034408	0.370100	0.010000
0.892398	470907.726761	4399065.646894	0.000000	0.000000	0.000000	1543457849.948838	0.800012	0.185859	0.010000
0.892398	470907.726761	4399065.646894	0.000000	0.000000	0.000000	1543457850.051239	0.800012	0.185859	0.010000
0.869752	470907.656548	4399065.448829	0.000000	0.000000	0.000000	1543457850.253069	1.063660	0.210677	0.010000
0.954289	470907.730166	4399065.479938	0.000000	0.000000	0.000000	1543457850.347950	0.986197	0.141487	0.012196
0.954289	470907.730166	4399065.479938	0.000000	0.000000	0.000000	1543457850.448590	0.986197	0.141487	0.012196
0.954289	470907.730166	4399065.479938	0.000000	0.000000	0.000000	1543457850.550265	0.986197	0.141487	0.012196
0.954289	470907.730166	4399065.479938	0.000000	0.000000	0.000000	1543457850.651072	0.986197	0.141487	0.012196
1.624092	470907.586636	4399065.397862	0.000000	0.000000	0.000000	1543457850.755661	0.547478	0.799550	0.010000
1.624092	470907.586636	4399065.397862	0.000000	0.000000	0.000000	1543457850.849318	0.547478	0.799550	0.010000
1.624092	470907.586636	4399065.397862	0.000000	0.000000	0.000000	1543457850.951138	0.547478	0.799550	0.010000
1.624092	470907.586636	4399065.397862	0.000000	0.000000	0.000000	1543457851.052826	0.547478	0.799550	0.010000
1.584760	470907.665734	4399065.454223	0.000000	0.000000	0.000000	1543457851.153073	0.637305	0.714155	0.011126
1.576886	470907.704208	4399065.516458	0.000000	0.000000	0.000000	1543457851.250150	0.752028	0.902658	0.010367
1.589150	470907.667661	4399065.521654	0.000000	0.000000	0.000000	1543457851.356550	0.563824	0.588023	0.383454
1.598249	470907.644732	4399065.470643	0.000000	0.000000	0.000000	1543457851.448758	0.635921	0.888934	0.374036
1.621101	470907.753446	4399065.594849	0.000000	0.000000	0.000000	1543457851.551358	0.744668	0.877986	0.368987
1.649671	470907.616973	4399065.483053	0.000000	0.000000	0.000000	1543457851.750844	0.589541	0.864448	0.356643
1.662975	470907.537665	4399065.530883	0.000000	0.000000	0.000000	1543457851.849061	0.472110	0.663152	0.346198
1.686629	470907.605590	4399065.523485	0.000000	0.000000	0.000000	1543457851.953217	0.574154	1.013879	0.341316
1.689930	470907.676849	4399065.580881	0.000000	0.000000	0.000000	1543457852.051270	0.612028	1.018596	0.332823
1.708096	470907.656919	4399065.610879	0.000000	0.000000	0.000000	1543457852.252282	0.658409	1.073668	0.321994
1.728105	470907.613617	4399065.620212	0.000000	0.000000	0.000000	1543457852.448975	0.673882	1.021487	0.592969
1.733797	470907.632331	4399065.559883	0.000000	0.000000	0.000000	1543457852.551182	0.588765	1.033038	0.581332
1.729318	470907.630601	4399065.588810	0.000000	0.000000	0.000000	1543457852.653755	0.618872	1.125015	0.287204
1.739982	470907.666511	4399065.623109	0.000000	0.000000	0.000000	1543457852.754833	0.590930	0.913242	0.282655
1.745062	470907.592878	4399065.616955	0.000000	0.000000	0.000000	1543457852.852550	0.579960	0.892810	0.553044
1.747701	470907.637470	4399065.626468	0.000000	0.000000	0.000000	1543457852.954101	0.670882	1.097649	0.560956
1.750991	470907.584447	4399065.604435	0.000000	0.000000	0.000000	1543457853.052418	0.659920	1.047040	0.544670
1.746956	470907.704718	4399065.632167	0.000000	0.000000	0.000000	1543457853.151131	0.644318	1.016803	0.530485
1.752265	470907.620824	4399065.618672	0.000000	0.000000	0.000000	1543457853.248752	0.663437	1.060375	0.515943
1.738629	470907.635434	4399065.608197	0.000000	0.000000	0.000000	1543457853.451558	0.589886	0.971646	0.473879
1.744228	470907.646826	4399065.666595	0.000000	0.000000	0.000000	1543457853.549716	0.698601	1.095963	0.458954
1.747818	470907.639096	4399065.618405	0.000000	0.000000	0.000000	1543457853.647790	0.644692	1.094651	0.447739
1.750648	470907.621425	4399065.657738	0.000000	0.000000	0.000000	1543457853.759249	0.706305	1.139523	0.431566
1.755577	470907.614681	4399065.647102	0.000000	0.000000	0.000000	1543457853.848363	0.627979	1.042771	0.630207
1.756179	470907.636984	4399065.679475	0.000000	0.000000	0.000000	1543457853.950248	0.720065	1.079890	0.641507
1.777512	470907.614578	4399065.662936	0.000000	0.000000	0.000000	1543457854.049688	0.709874	1.111959	0.599697
1.765431	470907.615176	4399065.680446	0.000000	0.000000	0.000000	1543457854.149795	0.753455	1.090420	0.731139
1.768199	470907.637072	4399065.687389	0.000000	0.000000	0.000000	1543457854.252692	0.664779	1.108866	0.570287
1.772577	470907.587839	4399065.647814	0.000000	0.000000	0.000000	1543457854.355408	0.763107	1.106575	0.538003
1.763287	470907.607083	4399065.644125	0.000000	0.000000	0.000000	1543457854.450619	0.739679	1.110770	0.688962
1.855609	470907.601346	4399065.609092	0.000000	0.000000	0.000000	1543457854.649442	0.692734	1.142829	0.682598
1.916162	470907.609562	4399065.634187	0.000000	0.000000	0.000000	1543457854.760323	0.685582	1.216153	0.624120
2.017154	470907.612984	4399065.620117	0.000000	0.000000	0.000000	1543457854.951491	0.523272	1.227658	0.664728
2.080131	470907.608948	4399065.627948	0.000000	0.000000	0.000000	1543457855.054473	0.474516	1.294074	0.719354
0.059119	470907.567046	4399065.621257	0.000000	0.000000	0.000000	1543457855.151836	1.003618	0.932342	0.704719
0.075646	470907.586099	4399065.839650	0.000000	0.000000	0.000000	1543457855.249565	1.033744	1.324831	0.727341
-0.203510	470907.592650	4399065.659980	0.000000	0.000000	0.000000	1543457855.449311	0.791584	1.189544	0.722829
0.257683	470907.615258	4399065.646144	0.000000	0.000000	0.000000	1543457855.551294	1.122055	0.748958	0.718190
-0.177702	470907.621189	4399065.716216	0.000000	0.000000	0.000000	1543457855.765300	0.803710	1.128600	0.720711
-0.399407	470907.638038	4399065.705378	0.000000	0.000000	0.000000	1543457855.848791	0.635762	1.218718	0.715595
0.255779	470907.602672	4399065.705742	0.000000	0.000000	0.000000	1543457855.951685	1.129986	0.740277	0.720398
-0.309287	470907.608364	4399065.725927	0.000000	0.000000	0.000000	1543457856.051878	0.682631	1.204408	0.713643
-0.298900	470907.613334	4399065.733019	0.000000	0.000000	0.000000	1543457856.153130	0.710845	1.236726	0.718650
0.221268	470907.599501	4399065.739659	0.000000	0.000000	0.000000	1543457856.453368	1.100357	0.939166	0.730231
-0.393134	470907.585791	4399065.704077	0.000000	0.000000	0.000000	1543457856.556604	0.748505	1.225231	0.738135
-0.277069	470907.600162	4399065.721778	0.000000	0.000000	0.000000	1543457856.656205	0.886953	1.221344	0.725636
-0.345469	470907.591164	4399065.744981	0.000000	0.000000	0.000000	1543457856.854208	0.821853	1.254253	0.711485
2.237718	470907.497275	4399065.789608	0.000000	0.000000	0.000000	1543457856.950876	0.583065	1.363902	0.522769
2.120927	470907.599697	4399065.720899	0.000000	0.000000	0.000000	1543457857.055327	0.472007	1.275900	0.349352
-0.528978	470907.376109	4399065.557440	0.000000	0.000000	0.000000	1543457857.154824	0.294630	0.818432	0.257228
1.847736	470907.404424	4399065.552655	0.000000	0.000000	0.000000	1543457857.252336	0.530106	0.664586	0.279736
0.335488	470907.639067	4399065.716980	0.000000	0.000000	0.000000	1543457857.451057	1.213559	0.744479	0.728540
-0.599378	470907.597110	4399065.780859	0.000000	0.000000	0.000000	1543457857.550841	0.414834	1.282015	0.736885
1.840449	470907.556256	4399065.767294	0.000000	0.000000	0.000000	1543457857.651100	0.756493	1.190019	0.749478
0.170887	470907.582804	4399065.768741	0.000000	0.000000	0.000000	1543457857.752302	1.124303	0.805293	0.719695
0.078826	470907.599182	4399065.783707	0.000000	0.000000	0.000000	1543457857.951662	1.019917	0.892588	0.725611
-0.202405	470907.576002	4399065.718148	0.000000	0.000000	0.000000	1543457858.054078	0.824878	1.231133	0.727598
-0.117009	470907.574440	4399065.708923	0.000000	0.000000	0.000000	1543457858.158742	0.901011	1.099187	0.707466
-0.299260	470907.594707	4399065.771414	0.000000	0.000000	0.000000	1543457858.248654	0.716328	1.205742	0.713268
-0.337900	470907.584072	4399065.768304	0.000000	0.000000	0.000000	1543457858.350605	0.680509	1.123224	0.709123
-0.399208	470907.578366	4399065.736872	0.000000	0.000000	0.000000	1543457858.451132	0.645620	1.169273	0.720201
-0.396535	470907.558659	4399065.755459	0.000000	0.000000	0.000000	1543457858.651037	0.612186	1.201501	0.714897
-0.210974	470907.556970	4399065.749946	0.000000	0.000000	0.000000	1543457858.752469	0.811148	1.113234	0.723209
-0.266086	470907.567935	4399065.745727	0.000000	0.000000	0.000000	1543457858.854556	0.756049	1.077156	0.712492
-0.380417	470907.552279	4399065.793993	0.000000	0.000000	0.000000	1543457858.947679	0.641216	1.165483	0.730184
-0.438396	470907.547342	4399065.779827	0.000000	0.000000	0.000000	1543457859.050206	0.566554	1.243105	0.717560
-0.160304	470907.560862	4399065.796459	0.000000	0.000000	0.000000	1543457859.153600	0.792014	1.011854	0.718880
-0.355185	470907.565719	4399065.790572	0.000000	0.000000	0.000000	1543457859.253197	0.655115	1.189536	0.711015
-0.329911	470907.553947	4399065.814082	0.000000	0.000000	0.000000	1543457859.449787	0.652452	1.108081	0.730556
-0.278128	470907.528656	4399065.798913	0.000000	0.000000	0.000000	1543457859.554003	0.713252	1.160132	0.739004
-0.255978	470907.522996	4399065.822906	0.000000	0.000000	0.000000	1543457859.756834	0.767586	1.082707	0.650198
-0.267646	470907.504214	4399065.787934	0.000000	0.000000	0.000000	1543457859.848091	0.809878	1.138334	0.689222
-0.249192	470907.494941	4399065.804645	0.000000	0.000000	0.000000	1543457859.949180	0.786416	1.072081	0.674048
-0.268077	470907.491004	4399065.797461	0.000000	0.000000	0.000000	1543457860.050595	0.767741	1.120280	0.706701
-0.248478	470907.519001	4399065.775434	0.000000	0.000000	0.000000	1543457860.150730	0.760187	1.133827	0.637648
-0.280979	470907.471503	4399065.581907	0.000000	0.000000	0.000000	1543457860.248160	0.755272	1.459086	0.650183
-0.263874	470907.504894	4399065.811413	0.000000	0.000000	0.000000	1543457860.351216	0.779191	1.047768	0.708512
-0.208093	470907.512337	4399065.784273	0.000000	0.000000	0.000000	1543457860.450118	0.776861	1.030147	0.570013
-0.217405	470907.499455	4399065.742382	0.000000	0.000000	0.000000	1543457860.649340	0.756207	1.052046	0.692352
-0.185829	470907.489686	4399065.769154	0.000000	0.000000	0.000000	1543457860.848421	0.812831	1.014114	0.607588
-0.183383	470907.474285	4399065.778315	0.000000	0.000000	0.000000	1543457860.949749	0.752791	0.897036	0.574896
-0.262066	470907.477174	4399065.720524	0.000000	0.000000	0.000000	1543457861.159995	0.726426	1.062089	0.686435
-0.304809	470907.486702	4399065.766535	0.000000	0.000000	0.000000	1543457861.249791	0.665234	0.999271	0.656888
-0.359097	470907.476953	4399065.740416	0.000000	0.000000	0.000000	1543457861.358569	0.604530	1.075177	0.664427
-0.396256	470907.526161	4399065.733256	0.000000	0.000000	0.000000	1543457861.452642	0.580554	1.056101	0.448863
-0.464524	470907.525571	4399065.742752	0.000000	0.000000	0.000000	1543457861.549638	0.477909	1.060683	0.458743
-0.482130	470907.488724	4399065.727710	0.000000	0.000000	0.000000	1543457861.649480	0.568939	1.143325	0.467057
-0.605316	470907.528328	4399065.759078	0.000000	0.000000	0.000000	1543457861.848255	0.345416	1.132754	0.708679
-0.675827	470907.526099	4399065.776668	0.000000	0.000000	0.000000	1543457861.950367	0.305998	1.171759	0.722201
-0.799562	470907.501794	4399065.777782	0.000000	0.000000	0.000000	1543457862.150141	0.158553	1.263987	0.542469
-0.857550	470907.499714	4399065.785340	0.000000	0.000000	0.000000	1543457862.245849	0.175776	1.097664	0.552182
-0.907122	470907.457162	4399065.756158	0.000000	0.000000	0.000000	1543457862.349924	0.160965	1.163872	0.563084
-0.969135	470907.514436	4399065.782425	0.000000	0.000000	0.000000	1543457862.454376	0.251533	1.099158	0.576545
-1.018672	470907.548564	4399065.791267	0.000000	0.000000	0.000000	1543457862.550534	0.269146	1.132942	0.588145
-1.049366	470907.467746	4399065.729406	0.000000	0.000000	0.000000	1543457862.652547	0.280007	1.099975	0.559550
-1.107976	470907.493669	4399065.782392	0.000000	0.000000	0.000000	1543457862.748848	0.323807	1.203004	0.298347
-1.130262	470907.488115	4399065.766227	0.000000	0.000000	0.000000	1543457862.848733	0.363233	0.986924	0.601121
-1.166811	470907.442165	4399065.730092	0.000000	0.000000	0.000000	1543457862.948910	0.400924	1.230321	0.628283
-1.200439	470907.428437	4399065.730116	0.000000	0.000000	0.000000	1543457863.052338	0.450718	1.149398	0.638729
-1.230820	470907.502020	4399065.728590	0.000000	0.000000	0.000000	1543457863.153985	0.488040	1.268625	0.625051
-1.252504	470907.470805	4399065.733271	0.000000	0.000000	0.000000	1543457863.249228	0.429288	0.976747	0.320205
-1.266649	470907.426628	4399065.730212	0.000000	0.000000	0.000000	1543457863.359419	0.420125	0.928928	0.324675
-1.289506	470907.430414	4399065.724673	0.000000	0.000000	0.000000	1543457863.448091	0.437569	0.940489	0.325923
-1.319417	470907.411697	4399065.726322	0.000000	0.000000	0.000000	1543457863.556828	0.481910	0.984525	0.336539
-1.342795	470907.566521	4399065.813128	0.000000	0.000000	0.000000	1543457863.648445	0.502463	0.973264	0.341027
-1.344127	470907.537991	4399065.824760	0.000000	0.000000	0.000000	1543457863.749880	0.429152	0.964755	0.346703
-1.353209	470907.517454	4399065.803727	0.000000	0.000000	0.000000	1543457863.852770	0.466138	0.981721	0.351807
-1.365670	470907.390472	4399065.733039	0.000000	0.000000	0.000000	1543457863.951826	0.529570	1.000596	0.352419
-1.362725	470907.543590	4399065.796777	0.000000	0.000000	0.000000	1543457864.051360	0.555723	1.127534	0.363330
-1.367254	470907.513590	4399065.786669	0.000000	0.000000	0.000000	1543457864.158844	0.525824	1.036838	0.367816
-1.361870	470907.494794	4399065.786882	0.000000	0.000000	0.000000	1543457864.252634	0.515854	1.157398	0.374425
-1.377445	470907.495998	4399065.778046	0.000000	0.000000	0.000000	1543457864.358599	0.578079	1.063556	0.378731
-1.380760	470907.464874	4399065.767345	0.000000	0.000000	0.000000	1543457864.453202	0.472367	0.830016	0.378747
-1.379822	470907.441959	4399065.780622	0.000000	0.000000	0.000000	1543457864.554140	0.462392	0.848299	0.381796
-1.383505	470907.454652	4399065.826367	0.000000	0.000000	0.000000	1543457864.649094	0.439734	1.064765	0.389499
-1.402280	470907.468982	4399065.826769	0.000000	0.000000	0.000000	1543457864.764524	0.501799	0.737630	0.390863
-1.416783	470907.416664	4399065.781847	0.000000	0.000000	0.000000	1543457864.864823	0.430986	0.843403	0.395536
-1.409543	470907.377729	4399065.839714	0.000000	0.000000	0.000000	1543457865.063723	0.472498	0.870673	0.406683
-1.338982	470907.452946	4399065.837336	0.000000	0.000000	0.000000	1543457865.151607	0.432967	0.914913	0.384163
-1.342242	470907.544866	4399065.825335	0.000000	0.000000	0.000000	1543457865.264496	0.478908	0.930029	0.413646
-1.344093	470907.295616	4399065.785689	0.000000	0.000000	0.000000	1543457865.358414	0.469635	0.930278	0.419413
-1.349768	470907.373548	4399065.830323	0.000000	0.000000	0.000000	1543457865.459085	0.414520	0.932400	0.423526
-1.362457	470907.412023	4399065.757257	0.000000	0.000000	0.000000	1543457865.563565	0.524345	1.322881	0.425716
-1.316849	470907.737156	4399066.059010	0.000000	0.000000	0.000000	1543457865.661139	0.276476	0.283797	0.408244
-1.335884	470907.405682	4399065.825480	0.000000	0.000000	0.000000	1543457865.754666	0.443052	0.971253	0.016139
-1.400167	470907.499139	4399065.830023	0.000000	0.000000	0.000000	1543457865.858812	0.590151	0.958970	0.018536
-1.393816	470907.624154	4399065.998994	0.000000	0.000000	0.000000	1543457865.954469	0.348275	0.410832	0.458928
-1.398345	470907.425966	4399065.829018	0.000000	0.000000	0.000000	1543457866.058859	0.440692	0.571487	0.461352
-1.393250	470907.475701	4399065.831298	0.000000	0.000000	0.000000	1543457866.155834	0.442467	0.708274	0.465029
-1.385141	470907.558475	4399065.881469	0.000000	0.000000	0.000000	1543457866.259993	0.623905	1.004417	0.474577
-1.374709	470907.445035	4399065.775908	0.000000	0.000000	0.000000	1543457866.350811	0.652574	0.628838	0.473548
-1.377036	470907.545508	4399065.964639	0.000000	0.000000	0.000000	1543457866.460488	0.409752	0.593166	0.477321
-1.371249	470907.415427	4399065.823959	0.000000	0.000000	0.000000	1543457866.555548	0.654706	1.043359	0.479176
-1.395539	470907.261913	4399065.727590	0.000000	0.000000	0.000000	1543457866.657336	0.373452	0.308093	0.486418
-1.382742	470907.641323	4399066.122448	0.000000	0.000000	0.000000	1543457866.750485	0.010000	0.010000	0.014403
-1.382742	470907.641323	4399066.122448	0.000000	0.000000	0.000000	1543457866.858986	0.010000	0.010000	0.014403
-1.346114	470907.386987	4399065.842884	0.000000	0.000000	0.000000	1543457867.153292	0.418361	0.779133	0.499398
-1.383783	470907.404784	4399065.876153	0.000000	0.000000	0.000000	1543457867.259771	0.526184	1.055549	0.502309
-1.452834	470907.418696	4399065.844610	0.000000	0.000000	0.000000	1543457867.550997	0.668992	1.030930	0.509090
-1.487999	470907.659179	4399066.091586	0.000000	0.000000	0.000000	1543457867.658081	0.334932	0.435504	0.514027
-1.485628	470907.466846	4399065.872376	0.000000	0.000000	0.000000	1543457867.751620	0.660265	0.878812	0.514942
-1.458812	470907.524855	4399065.914302	0.000000	0.000000	0.000000	1543457867.860268	0.719659	1.054987	0.518475
-1.450828	470907.418181	4399065.919974	0.000000	0.000000	0.000000	1543457867.953351	0.522666	0.762305	0.515570
-1.443198	470907.385185	4399065.843193	0.000000	0.000000	0.000000	1543457868.066502	0.540160	0.772274	0.014623
-1.404506	470907.366762	4399065.857447	0.000000	0.000000	0.000000	1543457868.158123	0.573479	1.097142	0.017503
2.207012	470907.493439	4399065.877950	0.000000	0.000000	0.000000	1543457868.257549	0.064697	1.258097	0.018036
2.267144	470907.351206	4399065.829936	0.000000	0.000000	0.000000	1543457868.352322	0.036908	0.921345	0.013234
2.281876	470907.452127	4399065.890611	0.000000	0.000000	0.000000	1543457868.463259	0.038502	1.120488	0.014790
2.225209	470907.480918	4399065.866088	0.000000	0.000000	0.000000	1543457868.556239	0.231550	0.881812	0.013760
2.267921	470907.434995	4399065.856644	0.000000	0.000000	0.000000	1543457868.658594	0.064453	1.280453	0.016404
2.253799	470907.740779	4399066.157536	0.000000	0.000000	0.000000	1543457868.752349	0.387401	0.389746	0.535309
2.221586	470907.563681	4399066.046842	0.000000	0.000000	0.000000	1543457868.860761	0.104269	0.933451	0.537663
2.282707	470907.329692	4399065.803512	0.000000	0.000000	0.000000	1543457868.957895	0.075026	0.961616	0.013187
2.282707	470907.329692	4399065.803512	0.000000	0.000000	0.000000	1543457869.061964	0.075026	0.961616	0.013187
2.253804	470907.618038	4399066.080418	0.000000	0.000000	0.000000	1543457869.259554	0.077598	0.802335	0.540389
2.197196	470907.645163	4399066.113260	0.000000	0.000000	0.000000	1543457869.349325	0.015609	0.913136	0.541029
2.091144	470907.731611	4399066.166404	0.000000	0.000000	0.000000	1543457869.558575	0.010000	0.010000	0.541103
2.042696	470907.514844	4399066.032316	0.000000	0.000000	0.000000	1543457869.665891	0.227941	0.908319	0.542107
2.000380	470907.681997	4399066.166560	0.000000	0.000000	0.000000	1543457869.859651	0.174041	0.600747	0.534354
2.000380	470907.681997	4399066.166560	0.136805	-0.133861	0.028231	1543457870.059093	0.174041	0.600747	0.534354
-1.493961	470906.635383	4399065.827617	0.292815	-0.289773	0.042099	1543457870.260170	2.000000	2.400000	2.000000
-1.493357	470906.687183	4399065.922562	0.330207	-0.325325	0.056570	1543457870.356521	2.000000	2.400000	2.000000
-1.492276	470906.398619	4399065.867833	0.430952	-0.422696	0.083953	1543457870.460617	2.000000	2.400000	2.000000
-1.491895	470906.447411	4399065.752193	0.530510	-0.521982	0.094736	1543457870.548471	2.000000	2.400000	2.000000
-1.491596	470906.273464	4399065.810800	0.643461	-0.635123	0.103250	1543457870.660271	2.000000	2.400000	2.000000
-1.491066	470906.132253	4399065.745459	0.887891	-0.884213	0.080736	1543457870.756387	2.000000	2.400000	2.000000
-1.490926	470906.140982	4399065.809598	0.938866	-0.936062	0.072505	1543457870.855628	2.000000	2.400000	2.000000
-1.490585	470906.183090	4399065.733486	0.941277	-0.938443	0.072987	1543457870.956481	2.000000	2.400000	2.000000
-1.490472	470906.391272	4399065.804064	0.860644	-0.856362	0.085737	1543457871.062507	1.000000	1.000000	2.000000
-1.490347	470906.218598	4399065.635478	0.786484	-0.782992	0.074032	1543457871.147920	2.000000	2.400000	2.000000
-1.490229	470906.224773	4399065.723528	0.658341	-0.656679	0.046746	1543457871.257242	2.000000	2.400000	2.000000
-1.490096	470906.233044	4399065.766513	0.619757	-0.618047	0.046005	1543457871.352198	2.000000	2.400000	2.000000
-1.490004	470906.256769	4399065.600658	0.587999	-0.586068	0.047614	1543457871.455753	2.000000	2.400000	2.000000
-1.490054	470906.249620	4399065.655609	0.547877	-0.545606	0.049831	1543457871.550000	2.000000	2.400000	2.000000
-1.489983	470906.057354	4399065.660299	0.536989	-0.534848	0.047903	1543457871.660512	2.000000	2.400000	2.000000
-1.489928	470906.061496	4399065.678253	0.525959	-0.523939	0.046052	1543457871.749300	2.000000	2.400000	2.000000
-1.489941	470906.057621	4399065.697456	0.292344	-0.283012	-0.073275	1543457871.854774	2.000000	2.400000	2.000000
-1.489899	470906.261200	4399065.716743	0.255797	-0.246359	-0.068841	1543457871.948783	2.000000	2.400000	2.000000
-1.489918	470906.262844	4399065.712823	0.067210	-0.066922	-0.006218	1543457872.152425	2.000000	2.400000	2.000000
-1.489943	470906.259971	4399065.716462	0.000000	0.000000	0.000000	1543457872.260316	2.000000	2.400000	2.000000
-1.489864	470906.265887	4399065.721473	0.120477	0.115112	0.035550	1543457872.349754	2.000000	2.400000	2.000000
-1.489859	470906.266374	4399065.722176	0.176817	0.171468	0.043161	1543457872.460909	2.000000	2.400000	2.000000
-1.489879	470906.280576	4399065.524561	0.225178	0.220409	0.046101	1543457872.557369	2.000000	2.400000	2.000000
-1.489871	470906.281875	4399065.525407	0.259463	0.254716	0.049405	1543457872.660347	2.000000	2.400000	2.000000
-1.489872	470906.479678	4399065.544596	0.301677	0.296809	0.053977	1543457872.757240	2.000000	2.400000	2.000000
-1.489861	470906.478693	4399065.546403	0.402942	0.398081	0.062400	1543457872.860664	2.000000	2.400000	2.000000
-1.489858	470906.478840	4399065.546010	0.423945	0.419114	0.063818	1543457872.955976	2.000000	2.400000	2.000000
-1.489864	470906.478045	4399065.545685	0.435922	0.431067	0.064882	1543457873.058404	2.000000	2.400000	2.000000
-1.489874	470906.477020	4399065.545187	0.435642	0.430606	0.066053	1543457873.157906	2.000000	2.400000	2.000000
-1.489875	470906.475349	4399065.546927	0.441817	0.436795	0.066427	1543457873.256615	2.000000	2.400000	2.000000
