front	position-x	position-y	speed	speed-x	speed-y	timestamp	v-x	v-y	v-z
-1.433985	470936.887205	4398735.807217	1.737242	-0.194033	1.726372	1543370277.308430	3.223506	1.773741	2.053082
-1.435018	470937.038880	4398736.059886	2.247242	-0.221167	2.236332	1543370277.406714	3.260640	2.033218	2.051256
-1.435948	470936.986369	4398736.299487	2.488242	-0.148129	2.483829	1543370277.511140	3.310024	1.929234	2.058298
1.616132	470936.982196	4398735.908778	2.486336	-0.112959	2.483769	1543370277.608551	1.951288	1.789747	2.060879
1.669315	470936.865610	4398736.876170	2.994975	-0.293907	2.980519	1543370277.717378	3.292284	1.890002	2.055723
1.633347	470936.866347	4398737.254321	3.237813	-0.202923	3.231448	1543370277.808353	3.176934	1.798736	2.061528
1.639699	470936.866027	4398737.639160	3.490056	-0.240188	3.481781	1543370277.908398	3.171158	1.864206	2.060447
1.648028	470936.835278	4398737.539590	3.988802	-0.307602	3.976924	1543370278.004976	2.194805	1.804235	2.042610
1.642258	470936.772861	4398738.214747	3.993530	-0.285257	3.983329	1543370278.109622	2.697089	1.805755	2.051234
1.652140	470936.726427	4398738.899565	4.243538	-0.344616	4.229522	1543370278.209064	3.170282	1.953593	2.069974
1.648620	470936.659973	4398739.360931	4.744112	-0.368903	4.729747	1543370278.307024	3.214926	1.923196	2.067739
1.643709	470936.650781	4398739.847279	4.754733	-0.346492	4.742091	1543370278.408218	3.203656	1.883417	2.077234
1.667337	470936.582868	4398740.882412	5.355960	-0.515573	5.331088	1543370278.610993	3.203631	1.887043	1.872587
1.665206	470936.483100	4398741.419751	5.658452	-0.533177	5.633276	1543370278.722444	3.160480	1.913799	1.890530
1.661462	470936.466670	4398742.551557	6.082082	-0.551238	6.057051	1543370278.919674	3.245153	1.970293	1.924970
1.651862	470936.355267	4398743.171405	6.144279	-0.497728	6.124086	1543370279.017149	3.241748	1.999953	1.941612
1.656613	470936.332573	4398743.759694	6.202575	-0.531321	6.179777	1543370279.121704	3.295137	1.902601	1.794755
1.646843	470936.253791	4398744.396733	6.589240	-0.500765	6.570184	1543370279.208537	3.245984	1.868385	1.825394
1.656752	470936.189448	4398745.112755	6.680905	-0.573384	6.656254	1543370279.319303	3.179263	1.859023	1.957619
1.643242	470936.209723	4398745.140845	6.760407	-0.489982	6.742627	1543370279.412949	1.901867	1.850950	1.966070
1.642460	470936.115180	4398745.819456	6.918936	-0.495622	6.901162	1543370279.521062	1.918267	1.886716	1.973860
1.664784	470935.950149	4398747.498580	7.340230	-0.688350	7.307883	1543370279.718422	2.495158	1.818106	1.991367
1.655495	470935.885774	4398748.025778	7.511079	-0.635773	7.484123	1543370279.811395	2.111545	1.699540	2.004432
1.661819	470935.812155	4398748.881924	7.599421	-0.690566	7.567979	1543370279.917622	2.299593	1.696007	2.018208
1.657029	470935.761912	4398749.716888	7.697324	-0.663096	7.668709	1543370280.009000	2.445999	1.851627	2.024055
1.657392	470935.721639	4398750.348541	7.889727	-0.682458	7.860155	1543370280.118706	2.199002	1.780788	1.780300
1.670380	470935.611430	4398751.189337	7.977709	-0.792802	7.938218	1543370280.208978	2.298522	1.803808	1.807039
1.667440	470935.490761	4398751.913602	8.065946	-0.778390	8.028299	1543370280.320016	2.304200	1.640106	1.834332
1.659333	470935.500996	4398752.719596	8.501989	-0.751988	8.468668	1543370280.409141	2.194851	1.738873	1.850174
1.673030	470935.382377	4398753.495604	8.598905	-0.876876	8.554078	1543370280.517717	1.956395	1.796591	1.889832
1.656799	470935.252793	4398755.175325	8.868127	-0.760969	8.835418	1543370280.718422	1.935017	1.786716	1.947235
1.645880	470935.222458	4398755.938704	8.966937	-0.672822	8.941659	1543370280.807745	1.716719	1.745470	1.974286
1.649963	470935.121378	4398756.759175	9.054033	-0.715907	9.025685	1543370280.919274	1.615346	1.838441	2.047041
1.661393	470935.006233	4398757.615951	9.156504	-0.828280	9.118965	1543370281.007848	1.583341	1.621524	2.050562
1.643159	470934.963906	4398758.535313	9.332033	-0.675627	9.307544	1543370281.121774	1.630778	1.758772	2.046647
1.651342	470934.823043	4398759.994711	9.436223	-0.758594	9.405682	1543370281.211738	2.754536	1.676636	2.044693
1.654170	470934.751552	4398761.167317	9.467162	-0.787715	9.434334	1543370281.413037	1.597999	1.697173	1.871041
1.653913	470934.625708	4398762.096566	9.564925	-0.794215	9.531895	1543370281.517163	1.568586	1.736471	1.895009
1.651893	470934.603763	4398763.108082	9.657349	-0.782290	9.625612	1543370281.607969	1.652407	1.520029	1.917396
1.654530	470934.491350	4398765.043098	9.962848	-0.834411	9.927845	1543370281.811298	1.510664	1.537947	1.962014
1.646168	470934.447764	4398766.044924	10.050634	-0.757441	10.022052	1543370281.917961	1.541909	1.573310	1.982260
1.675190	470934.202654	4398767.019797	10.256124	-1.067467	10.200421	1543370282.006418	1.550314	1.551464	2.002692
1.661152	470934.322744	4398768.020564	10.352799	-0.934808	10.310509	1543370282.119971	1.517763	1.608776	2.026997
1.649856	470934.071114	4398770.003346	10.406622	-0.822612	10.374059	1543370282.317359	1.480983	1.733941	1.808414
1.654721	470933.897823	4398772.053250	10.622140	-0.890096	10.584781	1543370282.518081	1.430865	1.677860	1.732832
1.645416	470933.829744	4398773.117983	10.465941	-0.781146	10.436749	1543370282.614253	1.523364	1.694034	1.753146
1.637665	470933.760809	4398774.083139	10.426680	-0.697627	10.403316	1543370282.723181	1.433261	1.711059	1.775447
1.660763	470933.618116	4398774.855886	10.396292	-0.933476	10.354300	1543370282.819009	1.011415	1.595300	1.795616
1.640313	470933.630887	4398776.162925	10.470770	-0.729134	10.445353	1543370282.921228	1.457318	1.542399	1.813341
1.651232	470933.509915	4398777.196187	10.552716	-0.847989	10.518590	1543370283.008968	1.530400	1.857389	1.828826
1.645480	470933.439120	4398777.760981	10.594837	-0.791341	10.565243	1543370283.119789	0.567149	1.657854	1.845685
1.627875	470933.392199	4398779.801733	10.915986	-0.623411	10.898170	1543370283.211126	2.419368	1.572497	1.861104
1.637910	470933.342473	4398780.448265	10.863251	-0.727072	10.838892	1543370283.317455	1.542958	1.595452	1.547895
1.655106	470933.127376	4398781.456176	10.880061	-0.914114	10.841592	1543370283.409376	1.460988	1.597592	1.558174
1.634076	470933.203882	4398782.530690	10.909726	-0.690361	10.887861	1543370283.517685	1.468938	1.853540	1.582013
1.650632	470932.989507	4398784.710456	10.938985	-0.872454	10.904138	1543370283.721176	1.519044	1.644591	1.597790
1.661473	470932.797675	4398785.744838	10.949760	-0.990830	10.904839	1543370283.809812	1.476700	1.656957	1.605989
1.644075	470932.815308	4398786.838742	11.067453	-0.810839	11.037710	1543370283.917455	1.509437	1.665724	1.620392
1.641200	470932.706380	4398787.907636	10.948533	-0.769898	10.921430	1543370284.007437	1.508332	1.455780	1.638759
1.643900	470932.720233	4398788.975981	10.957361	-0.799608	10.928146	1543370284.116787	1.461064	1.686113	1.655303
1.662905	470932.479252	4398790.035422	10.809713	-0.992513	10.764051	1543370284.207352	1.564143	1.553507	1.663568
1.660103	470932.343858	4398791.103818	10.891733	-0.971084	10.848356	1543370284.318965	1.482793	1.615206	1.668656
1.651334	470932.309093	4398792.232074	11.145301	-0.897112	11.109137	1543370284.415998	1.513512	1.708416	1.668423
1.640532	470932.227439	4398793.676682	10.947463	-0.763755	10.920789	1543370284.517772	2.213613	1.724838	1.677677
1.649824	470932.061810	4398794.776302	10.880022	-0.859289	10.846036	1543370284.617033	2.280697	1.736999	1.686046
1.645454	470932.027092	4398795.842478	10.877702	-0.812500	10.847315	1543370284.720693	2.226439	1.518864	1.693024
1.658868	470931.948621	4398796.553655	10.751448	-0.945746	10.709771	1543370284.816163	1.587845	1.421130	1.712312
1.655458	470931.833273	4398797.606951	10.733259	-0.907928	10.694789	1543370284.919300	1.484215	1.522371	1.718452
1.659811	470931.664689	4398798.682128	10.739584	-0.954694	10.697066	1543370285.015428	1.495413	1.529070	1.726502
1.666161	470931.697969	4398799.819000	10.738513	-1.022325	10.689738	1543370285.117819	1.550850	1.772154	1.730098
1.639209	470931.503582	4398802.370548	10.763143	-0.735796	10.737963	1543370285.319237	2.254608	1.549386	1.728951
1.642789	470931.406840	4398803.326676	10.706268	-0.769381	10.678587	1543370285.423929	2.101700	1.556086	1.738067
1.632014	470931.416556	4398804.543705	10.807096	-0.661458	10.786835	1543370285.518142	2.265585	1.557517	1.743470
1.659723	470931.193269	4398805.504828	10.785063	-0.955960	10.742613	1543370285.616365	2.072211	1.562698	1.744983
1.652676	470931.106386	4398806.600249	10.841339	-0.886797	10.805009	1543370285.717096	2.065249	1.565670	1.747407
1.657023	470931.042448	4398807.695304	10.730290	-0.923238	10.690498	1543370285.821195	2.152893	1.567603	1.750648
1.665933	470930.850655	4398808.649713	10.708835	-1.016139	10.660517	1543370285.918559	1.940383	1.450065	1.763970
1.677076	470930.737296	4398809.528797	10.752299	-1.139456	10.691752	1543370286.017143	1.534286	1.422459	1.762386
1.661688	470930.731157	4398810.539633	10.565715	-0.960248	10.521989	1543370286.120146	1.535754	1.566099	1.769089
1.642768	470930.638839	4398811.640998	10.512699	-0.757477	10.485374	1543370286.218265	1.550448	1.570734	1.770316
1.647125	470930.526158	4398812.716613	10.499836	-0.801195	10.469224	1543370286.318838	1.615595	1.445846	1.768987
1.645954	470930.576172	4398813.879706	10.745464	-0.807354	10.715091	1543370286.417390	1.584470	1.575470	1.765655
1.641995	470930.452398	4398815.293243	10.754772	-0.765810	10.727472	1543370286.519892	2.274872	1.911224	1.765401
1.655180	470930.229265	4398816.344344	10.667892	-0.898864	10.629956	1543370286.616585	2.195399	1.576214	1.754611
1.637231	470930.247731	4398818.431357	10.636583	-0.706745	10.613077	1543370286.821206	2.119373	1.566690	1.762658
1.659771	470930.007971	4398819.142995	10.572726	-0.938312	10.531007	1543370286.920904	1.505226	1.424892	1.767729
1.650683	470929.969012	4398820.237880	10.441078	-0.833575	10.407750	1543370287.017230	1.473429	1.564949	1.770934
1.639826	470929.940640	4398821.263306	10.395393	-0.717330	10.370614	1543370287.119127	1.537691	1.450399	1.762792
1.664613	470929.729355	4398822.346321	10.494355	-0.981547	10.448352	1543370287.219799	1.518561	1.417204	1.758819
1.674283	470929.686403	4398823.419993	10.532274	-1.087313	10.475999	1543370287.318430	1.542024	1.551298	1.732107
1.652077	470929.739654	4398824.495528	10.563970	-0.858730	10.529010	1543370287.418217	1.493562	1.701669	1.752718
1.649493	470929.515058	4398825.551816	10.571430	-0.831108	10.538709	1543370287.517790	1.523862	1.416725	1.748723
1.644754	470929.376097	4398827.662282	11.036574	-0.815101	11.006433	1543370287.717021	1.528259	1.633022	1.740076
1.653455	470929.298438	4398828.739809	10.687354	-0.881540	10.650935	1543370287.818661	1.526926	1.735176	1.740756
1.643031	470929.277729	4398829.317052	10.761129	-0.776806	10.733055	1543370287.916665	0.362534	1.666447	2.046350
1.638591	470929.230214	4398830.452080	10.721949	-0.726398	10.697314	1543370288.011362	0.584971	1.750973	1.692371
1.651317	470929.100175	4398831.944674	10.597138	-0.851547	10.562869	1543370288.117661	1.561674	1.752271	1.688857
1.660652	470928.821806	4398833.026805	10.564033	-0.947340	10.521470	1543370288.207680	1.575037	1.189800	1.680776
1.652330	470928.917133	4398834.089123	10.547782	-0.859335	10.512718	1543370288.316701	1.568969	1.738792	1.675490
1.655495	470928.753651	4398835.179709	10.583628	-0.895590	10.545668	1543370288.412153	1.559672	1.641451	1.667436
1.627687	470928.698990	4398836.360383	10.605499	-0.604797	10.588240	1543370288.517893	1.771242	1.720186	1.308954
1.636659	470928.670124	4398837.324637	10.605436	-0.697815	10.582454	1543370288.610032	1.576309	1.620604	1.648280
1.654353	470928.289818	4398839.415039	10.597480	-0.884714	10.560486	1543370288.806877	1.557348	1.486316	1.642861
1.626254	470928.382492	4398840.514612	10.627525	-0.590753	10.611094	1543370288.918715	1.579102	1.599257	1.623587
1.636869	470928.336454	4398841.553667	10.636472	-0.701908	10.613287	1543370289.008318	1.516015	1.693153	1.631264
1.630166	470928.237766	4398842.511314	10.711500	-0.635923	10.692607	1543370289.118425	1.191548	1.676448	2.031967
1.646596	470928.052079	4398844.074798	10.684322	-0.808100	10.653718	1543370289.205999	2.199721	1.579413	1.648235
1.650349	470927.794912	4398846.892151	10.623891	-0.843823	10.590327	1543370289.521575	1.562820	1.540065	1.594644
1.626540	470927.728335	4398848.303781	10.598050	-0.591848	10.581511	1543370289.619710	2.232222	1.525567	1.594723
1.615400	470927.776775	4398850.477930	10.386256	-0.463639	10.375902	1543370289.816828	2.211573	1.613661	1.997313
1.644261	470927.599225	4398851.129878	10.368223	-0.760038	10.340328	1543370289.920145	1.539938	1.415951	1.974277
1.649262	470927.487104	4398852.153800	10.468974	-0.820893	10.436741	1543370290.020583	1.433486	1.410461	1.970309
1.631887	470927.444878	4398853.410052	10.499970	-0.642267	10.480309	1543370290.119797	1.607741	1.610432	1.592362
1.655331	470927.301831	4398854.468128	10.673503	-0.899685	10.635517	1543370290.216858	1.499328	1.611611	1.594173
1.661345	470927.149197	4398856.585773	10.760704	-0.971735	10.716739	1543370290.415723	1.629757	1.589411	1.563761
1.658980	470927.022142	4398857.478267	10.737962	-0.945719	10.696235	1543370290.515973	1.445351	1.572915	1.927943
1.657564	470927.094900	4398858.679684	10.709117	-0.927778	10.668853	1543370290.616868	1.534807	1.576952	1.512723
1.658623	470926.932952	4398860.104213	10.779353	-0.944859	10.737863	1543370290.719397	2.167334	1.567734	1.862260
1.645302	470926.868886	4398861.191275	10.772607	-0.801950	10.742716	1543370290.817647	2.198736	1.676973	1.879186
1.656894	470926.857093	4398861.911975	10.605299	-0.910929	10.566105	1543370290.928985	1.518212	1.756038	1.810714
1.646931	470926.723801	4398863.335963	10.679826	-0.812431	10.648880	1543370291.018351	2.295847	1.548639	1.892426
1.657306	470926.736155	4398863.723235	10.594066	-0.914949	10.554482	1543370291.129356	0.861452	1.662827	1.894895
1.652268	470926.516394	4398865.056541	10.699413	-0.872090	10.663813	1543370291.219174	1.416724	1.638303	1.880396
1.657537	470926.428870	4398867.292314	10.663348	-0.923363	10.623295	1543370291.414495	1.660601	1.720145	1.898544
1.657283	470926.144745	4398869.722086	10.607393	-0.916608	10.567716	1543370291.618455	2.376321	1.492510	1.840513
1.650932	470926.109331	4398870.352755	10.557329	-0.846378	10.523347	1543370291.728962	1.440755	1.586380	1.441913
1.657151	470926.119637	4398871.438738	10.548611	-0.909851	10.509299	1543370291.815583	1.485983	1.903237	1.751228
1.643906	470926.000878	4398872.535682	10.536722	-0.770217	10.508533	1543370291.928007	1.606934	1.688863	1.434536
1.659972	470925.781297	4398873.941610	10.522589	-0.936581	10.480825	1543370292.019113	2.365533	1.613424	1.811724
1.667894	470925.707053	4398874.979074	10.429963	-1.011405	10.380809	1543370292.129573	2.416453	1.607972	1.807118
1.651527	470925.630649	4398875.891537	10.647475	-0.859756	10.612707	1543370292.222210	1.937968	1.596822	1.795910
1.639666	470925.566316	4398878.115984	10.591567	-0.728732	10.566467	1543370292.419793	2.144498	1.854283	1.777545
1.646385	470925.456671	4398878.886125	10.647725	-0.803461	10.617368	1543370292.528551	1.548264	1.759786	1.767208
1.644987	470925.449008	4398879.929682	10.710439	-0.794041	10.680964	1543370292.620930	1.466604	1.750170	1.764081
1.653790	470925.260279	4398882.057044	10.630788	-0.880797	10.594236	1543370292.823940	1.462999	1.629183	2.024235
1.656818	470925.059674	4398883.492444	10.683434	-0.917465	10.643967	1543370292.928461	2.259305	1.544587	1.739089
1.632574	470924.991421	4398884.535971	10.671921	-0.660205	10.651480	1543370293.022836	2.218298	1.435571	1.740905
1.641963	470924.843831	4398886.826144	10.846584	-0.771236	10.819130	1543370293.222322	2.462132	1.711264	2.045309
1.663218	470924.715713	4398887.415192	10.868856	-1.001522	10.822615	1543370293.317423	1.496194	1.594741	1.676460
1.647258	470924.638167	4398888.576602	10.909608	-0.833903	10.877690	1543370293.425743	1.941968	1.683553	1.670987
1.651539	470924.528451	4398889.924469	11.122647	-0.896520	11.086457	1543370293.520505	2.303493	1.675551	1.650328
1.652015	470924.481020	4398890.642999	11.135915	-0.903235	11.099224	1543370293.623457	1.512007	1.685812	1.658092
1.650279	470924.427830	4398891.617832	11.281579	-0.895751	11.245962	1543370293.719713	1.414518	1.678685	1.685290
1.657649	470924.277505	4398893.128093	11.144238	-0.966757	11.102226	1543370293.819914	2.323881	1.758924	1.675178
1.665393	470924.067245	4398894.840486	10.883883	-1.027495	10.835274	1543370294.016900	1.624901	1.454675	1.634220
1.642244	470924.054747	4398895.930524	10.824216	-0.774176	10.796495	1543370294.121438	1.631884	1.719198	1.626985
1.651788	470923.965639	4398897.013443	10.696148	-0.865070	10.661109	1543370294.217565	1.625652	1.832571	1.618713
1.648999	470923.916558	4398898.045634	10.692683	-0.835450	10.659995	1543370294.320737	1.632987	1.827002	1.615443
1.655643	470923.675813	4398901.230656	10.897476	-0.923491	10.858275	1543370294.630256	1.596296	1.809734	1.938980
1.645287	470923.573081	4398902.303589	10.829024	-0.806710	10.798934	1543370294.728411	1.602823	1.800259	1.590454
1.640443	470923.469401	4398903.436583	10.767610	-0.749274	10.741508	1543370294.820966	1.608382	1.774552	1.573463
1.643935	470923.420960	4398904.674002	10.799795	-0.788390	10.770980	1543370294.926624	1.906237	1.782953	1.564974
1.635278	470923.390402	4398905.722094	10.727262	-0.690943	10.704988	1543370295.018123	1.887253	1.771685	1.560542
1.651111	470923.213150	4398906.697935	10.743802	-0.860724	10.709269	1543370295.129202	1.714787	1.649391	1.549609
1.650371	470923.169013	4398907.675599	10.762984	-0.855570	10.728925	1543370295.218968	1.535440	1.764933	1.547945
1.645903	470923.112574	4398908.690278	10.737112	-0.805987	10.706819	1543370295.327076	1.588669	1.853995	1.886422
1.652778	470922.974213	4398909.777765	10.677718	-0.874460	10.641850	1543370295.416313	1.707273	1.753226	1.872040
1.648317	470922.883598	4398911.220297	10.681709	-0.827687	10.649593	1543370295.526643	2.216278	1.846477	1.827069
1.653072	470922.786262	4398911.882998	10.739545	-0.882418	10.703232	1543370295.619748	1.429248	1.738120	1.873990
1.645223	470922.714513	4398912.913240	10.689714	-0.795168	10.660098	1543370295.728613	1.362489	1.729855	1.862628
1.657081	470922.619613	4398914.429822	10.667572	-0.918731	10.627936	1543370295.817819	2.291545	1.866534	1.872909
1.654385	470922.433059	4398916.216811	10.697861	-0.893008	10.660523	1543370296.023335	1.582084	1.709967	1.497842
1.655396	470922.360440	4398917.258424	10.614847	-0.897048	10.576875	1543370296.129012	1.621003	1.674452	1.785813
1.648200	470922.243630	4398918.686521	10.752863	-0.832228	10.720609	1543370296.217279	2.246408	1.617458	1.848080
1.649141	470922.096053	4398920.818785	10.696355	-0.837177	10.663543	1543370296.427611	2.281031	1.784942	1.846967
1.655780	470921.960373	4398921.854306	10.674746	-0.905530	10.636269	1543370296.526342	2.213340	1.596054	1.829743
1.665395	470921.804739	4398923.965727	10.678717	-1.008563	10.630983	1543370296.728724	2.196772	1.751114	1.820880
1.662832	470921.667633	4398925.091677	10.682715	-0.982130	10.637472	1543370296.828488	2.322958	1.667843	1.769340
1.669341	470921.660487	4398926.143327	10.666491	-1.049221	10.614761	1543370296.929341	2.292371	1.803938	1.761161
1.657865	470921.637823	4398926.859404	10.696411	-0.930761	10.655838	1543370297.029426	1.520301	1.800622	2.067120
1.647261	470921.482559	4398927.818766	10.596182	-0.810011	10.565177	1543370297.130447	1.529755	1.645102	1.744589
1.657167	470921.397952	4398928.905634	10.518206	-0.906900	10.479035	1543370297.231373	1.522744	1.784829	1.734469
1.652486	470921.389681	4398930.054216	10.563570	-0.861644	10.528370	1543370297.327977	1.595498	1.775057	2.023240
1.647925	470921.232112	4398931.399145	10.540749	-0.812161	10.509414	1543370297.426074	2.209761	1.870358	1.722433
1.657187	470921.102757	4398932.499855	10.608569	-0.914677	10.569063	1543370297.527434	2.272549	1.761098	1.722809
1.659096	470921.000770	4398933.530630	10.537458	-0.929463	10.496386	1543370297.632320	2.229643	1.750845	1.707155
1.649595	470920.821683	4398935.329748	10.542133	-0.829765	10.509427	1543370297.815870	1.589209	1.739313	1.989007
1.657097	470920.829189	4398936.382787	10.617755	-0.914363	10.578311	1543370297.928990	1.565024	1.814515	1.980129
1.644418	470920.696977	4398937.578801	10.600162	-0.779951	10.571429	1543370298.018353	1.839586	1.721775	1.969114
1.650320	470920.583317	4398938.816333	10.449601	-0.829549	10.416622	1543370298.129140	2.338867	1.687331	1.670623
1.637375	470920.563157	4398939.891449	10.435236	-0.694689	10.412087	1543370298.220819	2.245120	1.773580	1.665638
1.639311	470920.501159	4398940.706737	10.347589	-0.708206	10.323325	1543370298.328645	1.718788	1.767229	1.942645
1.665494	470920.351332	4398941.676950	10.378379	-0.980102	10.331997	1543370298.417686	1.607044	1.766083	1.934201
1.652512	470920.179954	4398943.802551	10.477356	-0.854981	10.442413	1543370298.621382	1.582530	1.760528	1.914902
1.650944	470920.019806	4398945.947318	10.508687	-0.841640	10.474930	1543370298.817116	1.659122	1.728438	1.901251
1.669118	470919.832676	4398947.238071	10.388665	-1.019222	10.338547	1543370298.928037	2.266435	1.710130	1.806441
1.652372	470919.844389	4398948.001791	10.600770	-0.864829	10.565434	1543370299.019120	1.522137	1.707435	1.873798
1.647881	470919.757337	4398949.535152	10.673140	-0.822311	10.641416	1543370299.127546	2.412529	1.748941	1.812644
1.652187	470919.687656	4398950.134303	10.556948	-0.858275	10.522001	1543370299.217195	1.568267	1.741149	1.847925
1.662639	470919.597668	4398951.096046	10.575666	-0.969362	10.531147	1543370299.328539	1.457838	1.797607	2.063766
1.656563	470919.473514	4398952.436280	10.560963	-0.904945	10.522120	1543370299.420534	1.976394	1.791000	2.058724
1.652286	470919.401988	4398953.412279	10.554759	-0.859131	10.519735	1543370299.528261	1.820255	1.784999	2.044821
1.646192	470919.313312	4398954.359015	10.570917	-0.796322	10.540880	1543370299.622006	1.578610	1.800602	1.988908
1.659392	470919.268471	4398955.406184	10.568843	-0.934146	10.527479	1543370299.726756	1.648560	1.859503	2.001257
1.656709	470919.163333	4398956.811676	10.667905	-0.915436	10.628554	1543370299.821336	2.191590	1.847467	2.062868
1.656992	470919.048856	4398957.921480	10.626467	-0.914847	10.587013	1543370299.931317	2.310224	1.769609	2.083550
1.655118	470918.922694	4398958.928586	10.636647	-0.896004	10.598842	1543370300.025993	2.201414	1.734780	2.055947
1.662073	470918.809770	4398959.712028	10.629187	-0.968440	10.584977	1543370300.130388	1.656875	1.714487	1.741421
1.648730	470918.551748	4398963.189309	10.667699	-0.831236	10.635264	1543370300.426019	2.244082	1.755260	1.958170
1.637731	470918.521340	4398964.283721	10.745537	-0.719387	10.721429	1543370300.528671	2.244578	1.680128	1.944751
1.635804	470918.445810	4398965.361230	10.759201	-0.699163	10.736460	1543370300.626287	2.275535	1.795928	1.940894
1.648731	470918.324415	4398966.419081	10.717412	-0.833842	10.684925	1543370300.731841	2.273086	1.724450	1.926351
1.656930	470918.232556	4398967.480027	10.718888	-0.921870	10.679173	1543370300.826531	2.250811	1.714437	1.915693
1.651785	470918.148520	4398968.541824	10.676183	-0.864296	10.641141	1543370300.930692	2.264163	1.811234	1.904182
1.647789	470918.091105	4398969.654590	10.687087	-0.822409	10.655396	1543370301.029450	2.346205	1.835879	1.886065
1.655950	470917.965093	4398971.127045	10.655386	-0.905855	10.616811	1543370301.128566	3.177992	1.794375	1.862530
1.647539	470917.915545	4398972.181707	10.639229	-0.816191	10.607876	1543370301.229337	3.161779	1.869913	1.872765
1.656816	470917.850123	4398972.411216	10.520446	-0.903499	10.481578	1543370301.327989	1.582587	1.828224	1.862592
1.664922	470917.691477	4398973.883788	10.549101	-0.991014	10.502448	1543370301.431709	2.420219	1.839447	1.849810
1.639574	470917.643791	4398975.393525	10.566516	-0.727251	10.541459	1543370301.531845	3.226981	1.830096	1.832538
1.662293	470917.530712	4398976.416010	10.437748	-0.952225	10.394222	1543370301.626366	3.311237	1.804763	2.067412
1.654891	470917.514217	4398976.547646	10.323063	-0.867262	10.286569	1543370301.729442	1.564948	1.701271	1.832726
1.655183	470917.330258	4398978.466870	10.365144	-0.873529	10.328270	1543370301.831449	3.324359	1.761772	2.064148
1.653287	470917.324584	4398978.678766	10.381288	-0.855340	10.345991	1543370301.932753	1.536743	1.742546	2.051924
1.649611	470917.154777	4398980.630866	10.467927	-0.824266	10.435424	1543370302.030419	3.312790	1.776785	2.011623
1.652947	470917.110911	4398981.736230	10.654664	-0.874093	10.618749	1543370302.128086	3.232951	1.911713	1.768774
1.650693	470917.030068	4398982.765970	10.662436	-0.851122	10.628411	1543370302.226151	3.166386	1.779039	1.763277
1.655255	470916.980870	4398983.327225	10.707138	-0.903015	10.668991	1543370302.330840	2.294491	1.826504	2.006740
1.652047	470916.798172	4398984.886271	10.786646	-0.875595	10.751050	1543370302.428413	3.236988	1.709067	2.049809
1.660615	470916.802154	4398985.458580	10.724365	-0.961585	10.681169	1543370302.528462	2.257240	1.745929	2.055524
1.643631	470916.730903	4398986.110149	10.707049	-0.780077	10.678595	1543370302.626864	1.460593	1.794318	2.046103
1.651250	470916.646544	4398987.177791	10.697574	-0.859352	10.663002	1543370302.729879	1.467460	1.784455	2.015768
1.663445	470916.509110	4398988.218163	10.535381	-0.974038	10.490257	1543370302.826561	1.689139	1.767515	1.953664
1.653031	470916.419934	4398989.364566	10.556786	-0.867769	10.521060	1543370302.927603	1.779315	1.759677	1.939548
1.651224	470916.289161	4398991.224110	10.747551	-0.863675	10.712792	1543370303.029200	3.279948	1.783708	1.986950
1.648970	470916.129769	4398993.347435	10.725608	-0.837770	10.692840	1543370303.230919	3.265959	2.033345	1.930671
1.661808	470916.084405	4398994.403731	10.670650	-0.969269	10.626537	1543370303.328111	3.270308	2.080836	1.911151
1.658366	470916.024829	4398994.584943	10.417580	-0.911272	10.377647	1543370303.429249	1.469725	1.743975	2.024095
1.661859	470915.809311	4398996.449780	10.471224	-0.952102	10.427849	1543370303.530029	3.251673	1.744699	1.917976
1.656565	470915.761205	4398997.516972	10.459322	-0.896148	10.420860	1543370303.626121	3.281971	1.778916	1.869110
1.655651	470915.695155	4398998.582245	10.686871	-0.905696	10.648423	1543370303.727751	3.319283	1.862387	1.896786
1.656067	470915.637712	4398999.082731	10.940539	-0.931583	10.900805	1543370303.830305	2.017723	1.783552	1.837734
1.651740	470915.568256	4399000.239687	10.773455	-0.871216	10.738171	1543370303.930035	2.425290	1.799740	2.011860
1.659029	470915.430738	4399001.275984	10.803886	-0.951520	10.761904	1543370304.028200	2.413244	1.786133	2.018870
1.649622	470915.335755	4399002.297362	10.581862	-0.833765	10.548964	1543370304.128880	2.280815	1.713643	2.013135
1.655297	470915.276177	4399003.413411	10.568618	-0.891628	10.530939	1543370304.227470	2.483516	1.763940	2.012045
1.648964	470915.195648	4399004.924822	11.100350	-0.867285	11.066417	1543370304.330511	3.196016	1.928784	2.037429
1.657192	470914.973241	4399007.055600	10.939345	-0.943821	10.898554	1543370304.531048	3.231057	1.778597	2.084382
1.654957	470914.804497	4399008.065625	10.488191	-0.881829	10.451054	1543370304.634869	3.156695	1.851983	2.073850
1.646619	470914.808496	4399009.159224	10.483952	-0.794793	10.453782	1543370304.727548	3.233968	2.035678	2.045359
1.642730	470914.768355	4399010.203616	10.476175	-0.753213	10.449062	1543370304.830021	3.240518	1.915947	2.004834
1.651825	470914.587831	4399012.309674	10.492272	-0.848947	10.457870	1543370305.028713	3.198668	1.796285	1.981446
1.646456	470914.495413	4399013.353694	10.491882	-0.793417	10.461839	1543370305.132403	3.181926	2.097089	2.020549
1.658301	470914.386156	4399014.445578	10.684810	-0.933318	10.643970	1543370305.230885	3.219196	1.814104	2.068296
1.653483	470914.138758	4399017.613021	10.686346	-0.881994	10.649886	1543370305.536610	3.235887	1.759301	2.032259
1.656410	470914.015408	4399018.644055	10.745689	-0.918382	10.706372	1543370305.627177	3.215914	1.788149	2.034582
1.645164	470913.966794	4399019.713086	10.740458	-0.798218	10.710755	1543370305.727990	3.195266	1.791684	2.030946
1.649501	470913.851584	4399021.825046	10.686725	-0.840291	10.653638	1543370305.930670	3.225765	1.912986	2.033429
1.661865	470913.747211	4399022.874544	10.625346	-0.965497	10.581388	1543370306.027116	3.260703	1.963694	2.030683
1.658575	470913.603766	4399023.931376	10.631128	-0.931943	10.590201	1543370306.128467	3.163723	2.078367	1.996112
1.650732	470913.522053	4399025.006883	10.508084	-0.839544	10.474493	1543370306.228900	3.179711	2.066724	1.975034
1.660987	470913.429010	4399026.083861	10.628149	-0.956889	10.584986	1543370306.330931	3.253795	1.811186	1.976323
1.655764	470913.254721	4399028.156086	10.390443	-0.881733	10.352963	1543370306.531985	3.202748	1.847860	2.035509
1.659394	470913.143810	4399029.202175	10.419932	-0.921945	10.379066	1543370306.629876	3.192220	1.830558	2.045236
1.645009	470913.129111	4399030.266874	10.460283	-0.776462	10.431425	1543370306.728271	3.178691	1.908046	2.056654
1.649509	470912.902460	4399032.387171	10.428308	-0.820358	10.395990	1543370306.931002	3.184727	1.811891	2.034349
1.647411	470912.836272	4399033.442532	10.663512	-0.816426	10.632213	1543370307.028536	3.167639	1.771570	2.032503
1.649483	470912.753202	4399034.508722	10.636792	-0.836064	10.603883	1543370307.128369	3.220402	1.868582	2.008202
1.658499	470912.603208	4399035.573390	10.608124	-0.928597	10.567403	1543370307.229710	3.236653	1.897259	1.979843
1.650634	470912.604774	4399036.629047	10.560895	-0.842759	10.527215	1543370307.329862	3.257030	1.855717	1.957577
1.648370	470912.470402	4399037.687390	10.591521	-0.821081	10.559647	1543370307.426340	3.245346	1.851182	1.966030
1.655258	470912.342052	4399038.749991	10.525105	-0.887555	10.487616	1543370307.529694	3.221339	1.869583	1.992824
1.654030	470912.199330	4399040.864663	10.667658	-0.886967	10.630720	1543370307.727484	3.188813	1.848613	1.983389
1.651885	470912.109168	4399041.900977	10.416124	-0.843696	10.381899	1543370307.827525	3.207181	1.822490	1.987971
1.654144	470912.074958	4399042.952548	10.401186	-0.865708	10.365096	1543370307.929391	3.254921	1.915479	1.986677
1.658477	470911.982576	4399043.993427	10.941767	-0.957869	10.899759	1543370308.027569	3.261011	1.958462	1.987180
1.652828	470911.860505	4399045.067343	10.892751	-0.892848	10.856097	1543370308.128182	3.294806	1.938778	1.991503
1.646536	470911.792227	4399046.108813	10.900837	-0.825193	10.869558	1543370308.233684	3.207670	1.970300	1.972539
1.656514	470911.667203	4399047.182249	10.499586	-0.898431	10.461077	1543370308.326372	3.280020	1.830587	1.954474
1.648619	470911.607210	4399048.248061	10.467590	-0.814341	10.435865	1543370308.428139	3.230381	1.989788	1.955627
1.655326	470911.504730	4399049.325996	10.900674	-0.920054	10.861776	1543370308.532834	3.245221	2.033833	1.993596
1.657164	470911.302902	4399051.417876	10.665043	-0.919952	10.625292	1543370308.731738	3.270945	1.804199	2.038446
1.649820	470911.293540	4399052.528112	10.682836	-0.843720	10.649466	1543370308.828125	3.349604	1.950501	2.016435
1.653061	470911.159851	4399053.573964	10.509066	-0.863418	10.473537	1543370308.928948	3.333929	2.042462	1.968482
1.659273	470911.070712	4399054.593980	10.483059	-0.926010	10.442080	1543370309.026819	3.254645	1.904129	1.923058
1.642378	470911.021113	4399055.636714	10.417032	-0.745826	10.390298	1543370309.130035	3.225914	2.020219	1.931704
1.647955	470910.899064	4399056.683139	10.633128	-0.819231	10.601522	1543370309.228821	3.242161	1.807055	1.961112
1.645818	470910.807407	4399057.729425	10.633925	-0.797029	10.604013	1543370309.327286	3.249435	2.045402	1.971009
1.642741	470910.741260	4399058.798192	10.604590	-0.762456	10.577145	1543370309.429193	3.245317	2.081924	1.960545
1.645466	470910.652153	4399059.858573	10.515930	-0.784420	10.486633	1543370309.530574	3.244078	2.072773	1.963412
1.642998	470910.648044	4399060.917885	10.480272	-0.756353	10.452944	1543370309.630768	3.253938	1.944765	1.962255
1.653568	470910.550846	4399061.976277	10.385394	-0.858131	10.349880	1543370309.730925	3.263387	1.954977	1.960655
1.662036	470910.346405	4399063.010581	10.600719	-0.965490	10.556660	1543370309.843023	3.251159	1.928546	1.954463
1.659336	470910.351466	4399064.069369	10.582308	-0.935869	10.540844	1543370309.928070	3.280951	2.130661	1.962752
1.658734	470910.192654	4399065.122783	10.601724	-0.930995	10.560767	1543370310.027362	3.314141	1.918156	1.985183
1.656104	470910.203321	4399066.209576	10.513178	-0.895817	10.474942	1543370310.130605	3.409381	1.954887	1.972340
1.651989	470910.008710	4399068.309823	10.453094	-0.848102	10.418633	1543370310.332914	3.289412	1.906156	1.964245
1.654367	470909.929626	4399069.353751	10.644980	-0.888352	10.607847	1543370310.428675	3.360259	1.909710	1.985025
1.646936	470909.771536	4399070.468523	10.610765	-0.807399	10.580002	1543370310.528277	3.427232	1.817639	1.990125
1.648541	470909.751812	4399071.507177	10.578673	-0.821417	10.546734	1543370310.632879	3.499610	1.952286	1.973428
1.645850	470909.542669	4399073.672615	10.323056	-0.774013	10.293998	1543370310.831245	3.280650	2.010198	2.043917
1.649722	470909.474858	4399074.686334	10.375974	-0.817990	10.343680	1543370310.926774	3.210807	1.832510	1.929863
1.644554	470909.452167	4399075.702968	10.369821	-0.764552	10.341598	1543370311.029134	3.312415	1.951923	1.986175
1.654269	470909.280038	4399076.783368	10.633078	-0.886288	10.596077	1543370311.131847	3.333848	1.956548	2.006021
1.651441	470909.240547	4399077.823462	10.615556	-0.855512	10.581027	1543370311.230715	3.348356	1.902120	1.998995
1.652477	470909.104732	4399078.913539	10.316470	-0.841782	10.282069	1543370311.339653	3.430024	1.773637	1.996561
1.650320	470909.033433	4399079.954924	10.346615	-0.822075	10.313905	1543370311.428860	3.337613	1.872928	2.016153
1.655034	470908.969448	4399080.997819	10.373455	-0.872528	10.336695	1543370311.531068	3.285720	2.001856	2.032937
1.650240	470908.831181	4399082.069760	10.495554	-0.833032	10.462442	1543370311.627243	3.281459	1.870580	2.015887
1.657733	470908.793144	4399083.123485	10.466071	-0.908282	10.426584	1543370311.731099	3.325017	1.944942	1.987627
1.653137	470908.673612	4399084.137852	10.390017	-0.854679	10.354804	1543370311.830830	3.343915	1.817440	1.992182
1.654182	470908.569512	4399085.235417	10.462938	-0.871401	10.426588	1543370311.931771	3.285191	1.991004	2.037641
1.655129	470908.480457	4399086.313975	10.611775	-0.893333	10.574106	1543370312.029264	3.312791	1.950311	2.040708
1.648534	470908.379635	4399088.364007	10.667058	-0.828488	10.634836	1543370312.239002	3.333287	1.936181	1.986925
1.651917	470908.199783	4399090.541167	10.539600	-0.854002	10.504944	1543370312.441389	3.437886	1.944049	2.002056
1.652055	470908.091068	4399091.539808	10.638623	-0.863943	10.603485	1543370312.527208	3.254024	1.863194	2.016633
1.646565	470907.957644	4399093.685541	10.670627	-0.807680	10.640016	1543370312.733085	3.266590	1.851126	2.020192
1.645146	470907.857046	4399094.727627	10.649028	-0.790900	10.619617	1543370312.839184	3.310477	1.940325	2.009903
1.645059	470907.717997	4399095.779054	10.626925	-0.788494	10.597632	1543370312.928650	3.313027	1.944840	2.001528
1.648908	470907.652453	4399096.830515	10.606912	-0.827322	10.574598	1543370313.040495	3.288505	1.931906	1.995792
1.649308	470907.640931	4399097.967999	10.635715	-0.834005	10.602965	1543370313.132163	3.419752	1.881362	1.987203
1.654294	470907.544301	4399099.017455	10.619328	-0.885176	10.582372	1543370313.242036	3.404392	1.933105	1.993763
1.655270	470907.423914	4399100.047040	10.583057	-0.892730	10.545337	1543370313.328111	3.283042	1.869510	2.010251
1.657233	470907.343225	4399101.081024	10.522239	-0.908066	10.482983	1543370313.436992	3.289601	1.953673	2.024446
1.659442	470907.245117	4399102.145656	10.556261	-0.934097	10.514852	1543370313.531433	3.300315	2.063498	2.048882
1.650423	470907.145730	4399103.221590	10.573891	-0.841446	10.540358	1543370313.638370	3.342290	2.060742	2.066146
1.651323	470907.089318	4399104.265233	10.576489	-0.850859	10.542209	1543370313.729533	3.308723	2.019213	2.065588
1.661590	470906.968766	4399105.287049	10.545187	-0.956137	10.501751	1543370313.839019	3.269710	2.061292	2.047584
1.656144	470906.904755	4399106.365931	10.498244	-0.895573	10.459975	1543370313.931305	3.353712	1.942113	2.036922
1.656610	470906.824270	4399107.369980	10.439616	-0.894937	10.401186	1543370314.046801	3.385865	1.939588	2.026903
1.650903	470906.754826	4399108.483467	10.555903	-0.844875	10.522038	1543370314.134198	3.302429	1.939720	2.032902
1.645109	470906.643330	4399109.471068	10.453119	-0.776407	10.424245	1543370314.240659	3.358829	1.869695	2.021767
1.647899	470906.541181	4399110.523788	10.455578	-0.805267	10.424521	1543370314.332879	3.335565	1.947209	2.015856
1.653303	470906.467924	4399111.612033	10.462207	-0.862066	10.426630	1543370314.432950	3.269187	1.851668	2.008969
1.646105	470906.377923	4399112.657474	10.468571	-0.787907	10.438878	1543370314.527467	3.239101	1.851862	2.016852
1.654464	470906.261353	4399113.699922	10.458660	-0.873456	10.422123	1543370314.628242	3.211832	1.850215	2.013325
1.656177	470906.200171	4399114.750476	10.475459	-0.893075	10.437321	1543370314.728458	3.305758	1.982142	2.020536
1.658420	470906.114486	4399115.849336	10.660400	-0.932833	10.619508	1543370314.828713	3.302923	2.051806	2.033147
1.649557	470905.937984	4399117.967242	10.632430	-0.837012	10.599433	1543370315.029258	3.342055	1.928307	2.025276
1.659383	470905.840660	4399119.015394	10.619795	-0.939092	10.578193	1543370315.134023	3.290949	2.046787	2.034298
1.656376	470905.693536	4399120.028276	10.539995	-0.900970	10.501416	1543370315.230483	3.339448	1.943958	2.045047
1.649895	470905.701415	4399121.109705	10.554319	-0.834280	10.521294	1543370315.332099	3.308617	1.992308	2.054528
1.653779	470905.599385	4399122.148390	10.561247	-0.875058	10.524933	1543370315.429142	3.297623	1.960222	2.045937
1.658669	470905.469945	4399123.221579	10.592319	-0.929244	10.551480	1543370315.534734	3.299552	1.994559	2.052706
1.652387	470905.443900	4399124.301884	10.629396	-0.866556	10.594014	1543370315.630237	3.310402	1.956739	2.058333
1.653702	470905.295882	4399125.323280	10.628272	-0.880121	10.591768	1543370315.727847	3.240596	2.031589	2.056653
1.649302	470905.233376	4399126.364303	10.593603	-0.831069	10.560954	1543370315.840939	3.374005	1.990941	2.025258
1.655384	470905.179444	4399127.427423	10.610870	-0.896203	10.572955	1543370315.930656	3.267151	1.943632	2.001505
1.647967	470905.029750	4399128.480581	10.616998	-0.818878	10.585371	1543370316.043462	3.321511	1.908530	2.014063
1.649211	470905.017313	4399129.564991	10.631744	-0.832748	10.599081	1543370316.133918	3.286128	1.931218	2.045793
1.645961	470904.883267	4399130.661413	10.688583	-0.802856	10.658388	1543370316.245599	3.334714	2.099503	2.053294
1.647163	470904.863283	4399131.689294	10.629253	-0.810992	10.598269	1543370316.330043	3.281914	1.973424	2.038517
1.649239	470904.746250	4399132.710607	10.488902	-0.821957	10.456646	1543370316.439629	3.323016	2.018684	2.026807
1.650396	470904.642215	4399133.911452	10.606710	-0.843453	10.573121	1543370316.529728	3.559807	2.103505	2.024599
1.645191	470904.637026	4399134.998158	10.600703	-0.788214	10.571359	1543370316.642409	3.552683	1.968533	2.042807
1.648317	470904.449457	4399135.917087	10.572080	-0.818685	10.540334	1543370316.729446	3.304493	2.146901	2.047376
1.641336	470904.457904	4399136.992649	10.565588	-0.744877	10.539298	1543370316.838292	3.332789	1.892911	2.039274
1.650698	470904.203619	4399139.090697	10.582731	-0.844368	10.548992	1543370317.044192	3.310330	2.041774	2.024495
1.655507	470904.155999	4399140.195183	10.403708	-0.879951	10.366427	1543370317.141077	3.383837	1.966670	1.977769
1.649640	470904.001297	4399142.237700	10.624188	-0.836610	10.591197	1543370317.344555	3.364765	1.934607	2.020924
1.658634	470903.914552	4399143.342479	10.772493	-0.944520	10.731006	1543370317.442105	3.391828	1.895262	2.013969
1.653683	470903.830744	4399144.385625	10.557863	-0.874475	10.521585	1543370317.546979	3.347313	1.960906	2.022502
1.651937	470903.685467	4399145.511942	10.656799	-0.863987	10.621717	1543370317.643334	3.431198	1.825040	1.952433
1.656787	470903.516319	4399147.549322	10.654731	-0.915251	10.615348	1543370317.840908	3.365546	2.008966	2.007030
1.652345	470903.471818	4399148.492227	10.273085	-0.837309	10.238906	1543370317.938961	3.324886	2.037821	1.993000
1.653136	470903.323947	4399150.662747	9.221347	-0.758484	9.190101	1543370318.051301	6.042817	2.188790	1.992366
1.651210	470903.384782	4399150.319949	8.439939	-0.678093	8.412655	1543370318.140830	3.638985	2.004208	1.991385
1.648754	470903.308999	4399150.883513	7.657519	-0.596537	7.634248	1543370318.252163	3.349536	1.954639	1.977326
1.643532	470903.219888	4399151.557006	7.129389	-0.518106	7.110538	1543370318.345044	3.341468	1.994140	1.964577
1.645026	470903.156024	4399152.146692	6.067606	-0.449724	6.050916	1543370318.453629	3.316221	2.139213	1.971719
1.637555	470903.073107	4399152.722597	5.538954	-0.369459	5.526618	1543370318.538187	3.359020	2.069490	1.975803
1.708395	470903.086939	4399153.242758	4.490674	-0.352865	4.476789	1543370318.647753	3.685938	2.185825	1.965847
1.694249	470903.100534	4399153.590436	4.191641	-0.364132	4.175795	1543370318.738564	3.640732	2.182547	1.954450
1.697398	470903.001126	4399153.845494	3.612220	-0.309551	3.598932	1543370318.853250	3.680315	2.351314	2.059577
1.679703	470903.114291	4399154.200603	3.020712	-0.269809	3.008638	1543370318.942072	3.740485	2.060863	2.039503
1.670512	470903.072779	4399154.297308	1.747569	-0.160636	1.740171	1543370319.055018	3.303623	1.986820	2.006080
1.676159	470903.063950	4399154.495344	1.311762	-0.122421	1.306037	1543370319.144112	3.519812	2.045316	2.045562
1.711560	470903.049914	4399154.730088	1.393683	-0.141160	1.386516	1543370319.252266	3.445549	2.109200	2.013632
1.712421	470902.972949	4399154.980146	1.391929	-0.162557	1.382404	1543370319.341647	3.472011	2.048570	2.000650
1.679600	470902.980725	4399155.219997	1.104528	-0.131658	1.096653	1543370319.444795	3.723650	2.049150	1.980701
1.714497	470902.947287	4399155.365871	1.029415	-0.136672	1.020302	1543370319.547812	3.510071	2.106194	2.049229
1.652981	470902.936286	4399155.499223	1.074789	-0.132497	1.066591	1543370319.645637	3.670031	1.975064	1.998919
1.640783	470902.893002	4399155.652763	0.957659	-0.142275	0.947031	1543370319.739795	3.506570	1.991175	2.064462
1.691647	470902.900027	4399155.735419	0.882727	-0.129724	0.873143	1543370319.843087	3.302366	2.039593	2.071974
1.673483	470902.862957	4399155.862595	0.769088	-0.107564	0.761529	1543370319.940833	3.303445	2.095326	1.996118
1.645305	470902.841449	4399155.928585	0.330485	-0.042150	0.327786	1543370320.047804	3.326391	2.037109	2.077051
1.681349	470902.854983	4399156.077965	0.327881	-0.041921	0.325190	1543370320.139743	3.452958	2.051367	2.071877
1.723257	470902.907959	4399156.080302	0.327452	-0.046298	0.324163	1543370320.244777	3.391402	2.111754	2.006052
1.659447	470902.858801	4399156.200501	0.351057	-0.042775	0.348442	1543370320.340646	3.433158	2.106945	2.010922
1.649282	470902.841357	4399156.132322	0.000000	0.000000	0.000000	1543370320.446583	3.360629	2.013625	2.013454
1.647769	470902.814166	4399156.330606	0.000000	0.000000	0.000000	1543370320.540644	3.756565	2.065019	2.023611
1.670123	470902.880998	4399156.202334	0.000000	0.000000	0.000000	1543370320.638832	3.552207	2.133328	2.029344
1.662157	470902.879512	4399156.112113	0.000000	0.000000	0.000000	1543370320.741417	3.305140	2.063613	2.030700
1.669541	470902.867993	4399156.220186	0.000000	0.000000	0.000000	1543370320.846469	3.529831	2.057905	2.041542
1.669578	470902.875405	4399156.276189	0.000000	0.000000	0.000000	1543370320.951418	3.658280	2.075119	2.045876
1.647738	470902.870956	4399156.114371	0.000000	0.000000	0.000000	1543370321.045227	3.406970	2.063282	2.039261
1.641867	470902.843936	4399156.178587	0.000000	0.000000	0.000000	1543370321.142303	3.455034	2.088622	2.053717
1.659654	470902.885678	4399156.252312	0.000000	0.000000	0.000000	1543370321.245286	3.535398	2.070551	2.073100
1.652365	470902.883705	4399156.222450	0.000000	0.000000	0.000000	1543370321.349144	3.423078	2.061721	2.045017
1.638553	470902.879125	4399156.208911	0.000000	0.000000	0.000000	1543370321.444533	3.368746	2.055099	2.062861
1.639063	470902.863514	4399156.249928	0.000000	0.000000	0.000000	1543370321.542561	3.444790	2.056674	2.072298
1.644840	470902.848795	4399156.326247	0.000000	0.000000	0.000000	1543370321.641435	3.608652	2.068561	2.068409
1.624272	470902.830946	4399156.362436	0.000000	0.000000	0.000000	1543370321.742444	3.631128	2.101887	2.065701
1.626392	470902.817127	4399156.282635	0.000000	0.000000	0.000000	1543370321.846205	3.451454	2.089550	2.071159
1.640893	470902.816653	4399156.281238	0.000000	0.000000	0.000000	1543370321.938619	3.418321	2.103873	2.069094
1.635677	470902.804305	4399156.421849	0.000000	0.000000	0.000000	1543370322.040838	3.676406	2.118804	2.043308
1.658631	470902.837737	4399156.372633	0.000000	0.000000	0.000000	1543370322.139245	3.612419	2.017731	2.062234
1.648530	470902.846555	4399156.396032	0.000000	0.000000	0.000000	1543370322.240933	3.568288	2.037955	2.068680
1.672255	470902.883534	4399156.341559	0.000000	0.000000	0.000000	1543370322.342844	3.426989	2.027192	2.061450
1.656560	470902.873592	4399156.310163	0.000000	0.000000	0.000000	1543370322.441987	3.346119	2.050139	2.064047
1.659382	470902.881698	4399156.485882	0.000000	0.000000	0.000000	1543370322.541309	3.723929	2.089809	2.069977
1.661054	470902.892576	4399156.321025	0.000000	0.000000	0.000000	1543370322.651129	3.364183	2.029760	2.066344
1.659145	470902.862601	4399156.390437	0.000000	0.000000	0.000000	1543370322.740906	3.459886	2.010166	2.065020
1.646595	470902.864191	4399156.468501	0.000000	0.000000	0.000000	1543370323.056468	3.626204	2.091517	2.106440
1.654281	470902.875377	4399156.467335	0.000000	0.000000	0.000000	1543370323.144452	3.621803	2.096974	2.109066
1.650992	470902.856970	4399156.397253	0.000000	0.000000	0.000000	1543370323.244853	3.490815	2.028880	2.105438
1.678633	470902.910454	4399156.338913	0.000000	0.000000	0.000000	1543370323.339885	3.373415	2.044477	2.101120
1.655102	470902.875853	4399156.446193	0.000000	0.000000	0.000000	1543370323.453672	3.601297	2.094301	2.107672
1.655860	470902.837285	4399156.691925	0.000000	0.000000	0.000000	1543370323.539966	4.081048	2.025711	2.110811
