front	position-x	position-y	speed	speed-x	speed-y	timestamp	v-x	v-y	v-z
-1.508911	470936.763140	4398737.174576	0.000000	0.000000	0.000000	1543370118.537059	3.304146	1.869444	2.070812
-1.510177	470936.810272	4398737.222291	0.000000	0.000000	0.000000	1543370118.640375	3.295022	1.872821	2.070905
-1.510325	470936.792888	4398736.724568	0.000000	0.000000	0.000000	1543370118.737550	2.138328	1.789884	2.065424
-1.510347	470936.767021	4398737.340023	0.000000	0.000000	0.000000	1543370118.836964	3.276789	1.882321	2.060974
-1.508038	470936.827197	4398737.415734	0.249568	-0.052282	0.244031	1543370118.938051	3.235391	1.939221	2.063625
-1.505959	470936.823877	4398737.523813	0.449102	-0.058644	0.445257	1543370119.037401	3.244550	1.943299	2.063431
-1.504291	470936.767683	4398737.640150	0.612139	-0.025806	0.611595	1543370119.137224	3.283556	1.868760	2.071301
-1.501606	470936.722374	4398737.819236	0.839351	-0.041175	0.838340	1543370119.241212	3.290508	1.825571	2.069423
-1.496384	470936.698797	4398737.997588	0.998694	-0.067230	0.996428	1543370119.347701	3.205328	1.850472	2.070762
-1.494087	470936.659596	4398738.195192	1.747420	-0.179706	1.738155	1543370119.439710	3.178309	1.905829	2.069690
-1.491845	470936.674605	4398738.379691	1.993667	-0.141222	1.988659	1543370119.537828	3.160068	1.858613	2.069440
-1.489387	470936.674247	4398738.619543	1.598182	-0.018195	1.598078	1543370119.643660	3.213166	1.896464	2.072786
1.530998	470936.673204	4398738.865596	2.267682	0.089911	2.265898	1543370119.729572	3.296952	1.992668	1.873918
1.540899	470936.560053	4398739.015582	2.561677	-0.040049	2.561364	1543370119.843738	3.003399	2.092966	1.874983
1.606411	470936.574672	4398739.391683	2.596246	-0.092125	2.594611	1543370119.927850	3.189506	1.981240	1.728009
1.602318	470936.585278	4398739.689093	3.175808	-0.100171	3.174228	1543370120.039700	3.189002	1.959093	1.737841
1.610431	470936.636868	4398740.014789	3.229698	-0.127859	3.227166	1543370120.136020	3.168424	1.812736	1.771068
1.628293	470936.607153	4398740.364812	3.525576	-0.202306	3.519767	1543370120.237858	3.192590	1.729743	1.910634
1.592224	470936.604498	4398740.747260	3.873135	-0.083614	3.872232	1543370120.332668	3.200748	1.840570	1.927348
1.627928	470936.570670	4398741.142315	3.928963	-0.223631	3.922594	1543370120.440474	3.202439	1.763280	1.945391
1.642656	470936.466790	4398741.546505	4.243014	-0.304437	4.232078	1543370120.529466	3.185060	1.873609	1.954269
1.646196	470936.454647	4398741.991667	4.626683	-0.348565	4.613534	1543370120.646444	3.198098	1.892383	1.963690
1.643073	470936.456921	4398741.994237	4.690581	-0.338876	4.678324	1543370120.727484	2.303536	1.772625	1.972438
1.642236	470936.358822	4398743.420128	5.066824	-0.361650	5.053901	1543370120.929137	3.203925	1.727670	1.982823
1.633588	470936.351211	4398743.931535	5.225162	-0.328084	5.214851	1543370121.041929	3.181288	1.756705	1.980975
1.649918	470936.237471	4398745.043534	5.692587	-0.450154	5.674761	1543370121.239795	3.216011	1.910535	1.996297
1.615343	470936.178853	4398745.620924	6.011733	-0.268899	6.005716	1543370121.342932	3.332054	1.957876	1.994289
1.636692	470936.173802	4398746.216523	6.101469	-0.401386	6.088253	1543370121.441434	3.352518	1.942143	1.838622
1.647745	470936.167166	4398746.836175	6.258631	-0.480915	6.240127	1543370121.538007	3.198507	1.965266	1.972951
1.637386	470936.168146	4398747.508323	6.591146	-0.438912	6.576516	1543370121.644542	3.182819	1.906198	1.978332
1.653818	470936.058781	4398747.574513	6.661719	-0.551870	6.638821	1543370121.741311	2.013187	1.673011	1.979760
1.627408	470936.050156	4398748.210282	6.810727	-0.386108	6.799774	1543370121.840571	1.978456	1.707024	1.986612
1.651484	470935.924871	4398749.118373	7.144984	-0.574975	7.121812	1543370121.938174	2.439543	1.764030	1.979136
1.646219	470935.908471	4398749.819156	7.225453	-0.544506	7.204907	1543370122.044443	2.419102	1.794968	1.988445
1.642772	470935.885698	4398750.497691	7.308887	-0.525674	7.289958	1543370122.138275	2.308190	1.848974	1.999763
1.639628	470935.798131	4398750.987328	7.467139	-0.513555	7.449458	1543370122.240187	1.822908	1.791971	1.992261
1.653439	470935.696806	4398752.352313	7.865033	-0.649000	7.838210	1543370122.442431	1.684855	1.775869	1.773820
1.655431	470935.590812	4398753.782310	8.044150	-0.679801	8.015374	1543370122.538766	2.740866	1.797508	1.793730
1.642098	470935.549606	4398754.546833	8.128959	-0.579508	8.108276	1543370122.639220	2.677008	1.773952	1.829179
1.642787	470935.455759	4398755.361171	8.232108	-0.592168	8.210782	1543370122.742637	2.726798	1.732556	1.853915
1.646908	470935.327239	4398756.392410	8.506805	-0.646845	8.482177	1543370122.935883	1.525356	1.775450	1.899191
1.660974	470935.293706	4398757.256863	8.600236	-0.773962	8.565340	1543370123.037489	1.542147	1.785815	1.919380
1.656025	470935.193405	4398758.161940	8.781014	-0.747695	8.749124	1543370123.139078	1.658241	1.646215	1.943378
1.666313	470935.130318	4398759.022314	8.892488	-0.847655	8.851995	1543370123.241181	1.662542	1.733050	1.965511
1.649590	470935.092761	4398759.900774	8.901230	-0.701733	8.873527	1543370123.336256	1.667752	1.828207	1.995324
1.654702	470934.985243	4398760.857714	9.237381	-0.773812	9.204913	1543370123.444380	1.857932	1.711064	1.761627
1.665014	470934.750291	4398762.710926	9.456340	-0.889315	9.414430	1543370123.643084	1.929792	1.722347	1.841978
1.654701	470934.794061	4398763.579633	9.437840	-0.791681	9.404576	1543370123.738989	1.847890	1.840907	1.833346
1.655427	470934.713980	4398764.371035	9.536924	-0.806403	9.502769	1543370123.840305	1.618659	1.708833	2.074235
1.657145	470934.590661	4398765.252156	9.215309	-0.795297	9.180927	1543370123.940373	1.555189	1.629332	1.854038
1.650912	470934.567159	4398766.139762	9.874305	-0.791133	9.842561	1543370124.040259	1.523687	1.832224	1.878666
1.646051	470934.432664	4398767.120115	9.967619	-0.750529	9.939322	1543370124.139400	1.439401	1.682997	1.895084
1.650919	470934.371572	4398768.160342	9.544663	-0.764536	9.513993	1543370124.239673	1.627734	1.635988	1.961774
1.639783	470934.288671	4398769.055073	9.703236	-0.670114	9.680069	1543370124.337614	1.469811	1.776670	1.977352
1.640839	470934.290584	4398770.023033	10.007745	-0.700409	9.983205	1543370124.438547	1.462913	1.632807	1.984590
1.645374	470934.210100	4398771.017533	10.072050	-0.749919	10.044093	1543370124.538450	1.453644	1.744058	1.965443
1.637898	470934.147010	4398772.417252	10.163763	-0.681534	10.140887	1543370124.639514	2.267516	1.846889	1.978817
1.633568	470934.110561	4398773.007752	10.044540	-0.629932	10.024768	1543370124.737341	1.461865	1.587543	2.025009
1.651244	470934.002927	4398774.006285	10.100027	-0.810239	10.067475	1543370124.839967	1.463974	1.878670	2.055614
1.632995	470933.986499	4398775.022931	10.186444	-0.633481	10.166727	1543370124.938094	1.450908	1.611543	2.059991
1.632837	470933.835728	4398776.060608	10.449936	-0.647712	10.429843	1543370125.042814	1.516599	1.723412	1.806244
1.630171	470933.761460	4398777.088222	10.449786	-0.619910	10.431382	1543370125.138646	1.521803	1.643993	1.784282
1.639374	470933.388948	4398781.257404	10.725252	-0.733068	10.700171	1543370125.538813	1.634952	1.487169	1.871880
1.657305	470933.296674	4398782.279034	10.784330	-0.930594	10.744103	1543370125.640556	1.499748	1.509047	1.847539
1.649992	470933.237627	4398783.376706	10.676821	-0.844758	10.643350	1543370125.740341	1.643878	1.807465	1.889093
1.656721	470933.099079	4398784.704790	10.715359	-0.918737	10.675900	1543370125.852016	2.218895	1.513139	1.909334
1.655669	470932.900854	4398785.771129	10.885264	-0.923041	10.846058	1543370125.942413	2.317999	1.536747	1.880561
1.670708	470932.794035	4398786.893972	10.712417	-1.068409	10.659004	1543370126.055562	2.563926	1.526585	1.890148
1.648487	470932.849128	4398787.868368	10.735788	-0.835625	10.703218	1543370126.137336	2.295077	1.539809	1.900335
1.655072	470932.740158	4398788.931062	10.721859	-0.902648	10.683796	1543370126.249729	2.213523	1.857821	1.951621
1.652929	470932.680004	4398789.679274	10.765552	-0.883802	10.729213	1543370126.338192	1.507600	1.566470	1.520470
1.659318	470932.550549	4398790.738000	10.756357	-0.950991	10.714235	1543370126.450278	1.521555	1.776343	1.531330
1.639972	470932.532754	4398791.809900	10.818251	-0.749157	10.792280	1543370126.545085	1.510688	1.577978	1.534376
1.646863	470932.359711	4398793.215783	10.970025	-0.833474	10.938316	1543370126.650071	2.285547	1.585820	1.941218
1.647325	470932.321082	4398793.547717	11.010453	-0.842231	10.978193	1543370126.738382	0.797547	1.677532	1.984213
1.649128	470932.297624	4398794.650301	10.847381	-0.848804	10.814120	1543370126.850219	0.971284	1.583895	1.955664
1.657245	470932.051697	4398796.482968	10.968550	-0.946354	10.927649	1543370126.935597	2.543767	1.590563	1.964096
1.641958	470932.051931	4398797.532595	11.005178	-0.782479	10.977325	1543370127.051268	2.424866	1.595471	1.968338
1.653403	470932.025740	4398798.632130	11.008818	-0.906695	10.971416	1543370127.147202	2.518153	1.596678	1.976452
1.632661	470931.874734	4398799.660834	10.967178	-0.678697	10.946157	1543370127.243139	2.302121	1.701348	1.990438
1.633241	470931.807477	4398800.685985	11.001970	-0.685972	10.980564	1543370127.350753	2.147418	1.614253	1.957610
1.658417	470931.562290	4398801.778053	11.006744	-0.961405	10.964676	1543370127.451030	2.186985	1.622156	1.571881
1.649279	470931.597928	4398802.526111	10.883427	-0.853201	10.849933	1543370127.549125	1.548899	1.622850	1.575392
1.634269	470931.595245	4398803.576020	10.850047	-0.688462	10.828182	1543370127.655176	1.498914	1.719723	1.584117
1.655998	470931.396882	4398804.639495	10.850694	-0.921741	10.811473	1543370127.748804	1.494180	1.626171	1.576714
1.658264	470931.296476	4398805.708923	10.800290	-0.943485	10.759001	1543370127.850760	1.521827	1.629471	1.578360
1.646094	470931.304873	4398807.135460	10.875145	-0.819653	10.844213	1543370127.952743	2.225227	1.626419	1.947987
1.640838	470931.249481	4398808.186936	10.862084	-0.761587	10.835352	1543370128.048187	2.138852	1.625300	1.994883
1.660779	470931.058983	4398809.359957	10.856477	-0.975634	10.812550	1543370128.148105	2.462441	1.412195	2.017597
1.638955	470931.021276	4398810.360559	10.847842	-0.740278	10.822554	1543370128.249242	2.294785	1.626453	2.014798
1.643759	470930.902544	4398811.405657	10.843580	-0.790252	10.814746	1543370128.351406	2.275810	1.716558	1.993539
1.670803	470930.710705	4398812.089739	10.776439	-1.074515	10.722735	1543370128.450317	1.537538	1.625059	1.579520
1.665360	470930.708378	4398813.181373	10.881464	-1.027751	10.832820	1543370128.549237	1.483265	1.716918	1.583144
1.671905	470930.496709	4398814.238957	10.868465	-1.096706	10.812990	1543370128.651991	1.473024	1.621709	1.572298
1.674990	470930.444825	4398815.334481	10.849069	-1.128197	10.790249	1543370128.754657	1.505948	1.618477	1.572518
1.647349	470930.513600	4398816.409354	10.834826	-0.830096	10.802980	1543370128.844211	1.509421	1.614642	1.579165
1.655509	470930.411293	4398817.473871	10.792580	-0.912535	10.753932	1543370128.949206	1.586811	1.714396	1.574925
1.663702	470930.186382	4398818.866627	10.785763	-0.999973	10.739308	1543370129.050581	2.181430	1.819104	1.574244
1.675484	470930.065226	4398819.576252	10.828486	-1.131222	10.769236	1543370129.137877	1.566179	1.603313	1.558527
1.679589	470929.984651	4398820.641178	10.759505	-1.168709	10.695844	1543370129.245973	1.493950	1.600992	1.554833
1.664531	470929.904608	4398821.718294	10.694861	-1.002203	10.647799	1543370129.336451	1.542980	1.598056	1.549828
1.651193	470929.866554	4398822.751713	10.690309	-0.859351	10.655713	1543370129.449056	1.468230	1.678811	1.546983
1.649276	470929.766344	4398823.818762	10.659542	-0.835439	10.626753	1543370129.544755	1.521280	1.458267	1.871097
1.637865	470929.684562	4398825.224835	10.612853	-0.711426	10.588981	1543370129.649300	2.320694	1.569625	1.864132
1.666096	470929.552635	4398826.340454	10.624074	-1.009463	10.576008	1543370129.737754	2.331928	1.563108	1.856005
1.675292	470929.370232	4398828.377632	10.694281	-1.115293	10.635965	1543370129.937937	2.067240	1.433990	1.881297
1.656517	470929.307637	4398829.471676	10.706119	-0.917260	10.666753	1543370130.052714	2.322945	1.546084	1.833659
1.647543	470929.158325	4398830.559999	10.653491	-0.816932	10.622123	1543370130.135686	2.297097	1.541374	1.823740
1.656817	470929.112501	4398831.623926	10.666461	-0.915632	10.627089	1543370130.246333	2.222449	1.534564	1.817768
1.654325	470929.025033	4398832.678171	10.683189	-0.891049	10.645965	1543370130.338997	2.147256	1.609576	1.808290
1.656856	470928.927930	4398833.757328	10.722067	-0.921216	10.682419	1543370130.448876	2.219058	1.519673	1.800428
1.629115	470928.977673	4398834.752609	10.678947	-0.623508	10.660729	1543370130.541122	1.991708	1.621456	1.793780
1.637519	470928.865559	4398835.521058	10.641685	-0.708543	10.618071	1543370130.648692	1.486506	1.813184	1.457967
1.634341	470928.820053	4398836.563436	10.626001	-0.674149	10.604594	1543370130.736769	1.456307	1.696851	1.826116
1.646739	470928.656697	4398838.096370	10.592331	-0.802646	10.561876	1543370130.845587	2.399031	1.599017	1.811136
1.650305	470928.484879	4398839.853254	10.779176	-0.856573	10.745088	1543370131.051755	1.491401	1.761412	1.773901
1.655067	470928.419709	4398840.931930	10.798412	-0.909332	10.760056	1543370131.140180	1.517391	1.577792	1.745799
1.647939	470928.359069	4398841.935807	10.887634	-0.840105	10.855174	1543370131.247263	1.498371	1.760277	2.061761
1.657188	470928.205402	4398842.981739	10.966156	-0.946247	10.925255	1543370131.344988	1.499082	1.738471	1.764344
1.660478	470928.179826	4398844.060323	10.919948	-0.978252	10.876041	1543370131.451269	1.476290	1.637232	2.036905
1.639173	470928.100802	4398845.139682	10.923200	-0.748003	10.897559	1543370131.538980	1.489414	1.630521	2.071171
1.655606	470928.011371	4398847.354717	10.549767	-0.893545	10.511858	1543370131.746961	1.594773	1.720370	1.748022
1.641354	470927.792874	4398848.342952	10.929616	-0.771231	10.902371	1543370131.850414	1.534647	1.608594	1.739266
1.646382	470927.684340	4398849.409056	10.854643	-0.819325	10.823677	1543370131.948370	1.672335	1.584515	1.731242
1.640804	470927.681700	4398850.475592	10.978428	-0.768255	10.951514	1543370132.051718	1.525216	1.782250	1.709307
1.639941	470927.576037	4398851.587667	11.025251	-0.761835	10.998899	1543370132.148427	1.515540	1.582440	2.018686
1.656642	470927.437241	4398852.961473	10.954766	-0.938329	10.914506	1543370132.248709	2.179844	1.595186	1.641749
1.667398	470927.377095	4398854.065127	10.860577	-1.046509	10.810040	1543370132.352209	2.241551	1.851787	1.644572
1.642793	470927.304852	4398855.041450	10.763008	-0.775112	10.735062	1543370132.451092	2.090396	1.677836	1.632465
1.641579	470927.247832	4398855.830700	10.625869	-0.751520	10.599260	1543370132.547206	1.481663	1.666813	1.983359
1.646283	470927.147414	4398856.878799	10.608900	-0.799772	10.578711	1543370132.650668	1.533420	1.821981	1.674556
1.649627	470927.060512	4398857.907124	10.745582	-0.846277	10.712206	1543370132.747424	1.394610	1.645231	1.959741
1.657616	470926.878462	4398859.017886	10.757132	-0.932061	10.716677	1543370132.844362	1.459331	1.595485	1.971795
1.656908	470926.828332	4398860.406998	10.572431	-0.909284	10.533257	1543370132.946805	2.236217	1.708130	1.629824
1.659155	470926.718024	4398861.535877	10.735727	-0.946748	10.693900	1543370133.051910	2.325461	1.614439	1.926588
1.657972	470926.710093	4398862.637449	10.526684	-0.916558	10.486706	1543370133.150045	2.371748	1.868078	1.962636
1.655071	470926.583058	4398863.238897	10.789442	-0.908526	10.751122	1543370133.249909	1.584561	1.789111	1.917943
1.645432	470926.480410	4398865.422628	10.940148	-0.816348	10.909648	1543370133.448421	1.639360	1.766674	1.894226
1.649789	470926.447115	4398866.440718	10.911169	-0.861113	10.877136	1543370133.548148	1.413783	1.827943	1.884606
1.640954	470926.292207	4398867.501131	10.729949	-0.753113	10.703486	1543370133.648933	1.494298	1.821886	1.939106
1.657336	470926.113234	4398868.990404	10.668498	-0.921192	10.628653	1543370133.748719	2.340361	1.721210	1.909677
1.645849	470926.155742	4398870.056197	10.649131	-0.799117	10.619105	1543370133.850547	2.334711	1.799456	1.903035
1.657676	470925.965847	4398870.685471	10.793921	-0.935696	10.753288	1543370133.957074	1.432888	1.705330	1.853419
1.648707	470925.786899	4398872.801915	10.600101	-0.825030	10.567945	1543370134.150676	1.615499	1.718506	1.837795
1.647973	470925.737058	4398873.931552	10.779359	-0.831285	10.747257	1543370134.249841	1.611220	1.706531	1.820653
1.668176	470925.608695	4398874.948642	10.735108	-1.042612	10.684358	1543370134.350374	1.539030	1.696604	1.812132
1.651044	470925.608879	4398875.982940	10.771656	-0.864095	10.736941	1543370134.446610	1.444223	1.777205	1.822390
1.653922	470925.423694	4398877.495356	10.851407	-0.900508	10.813978	1543370134.559530	2.294423	1.748921	1.810582
1.667296	470925.339454	4398878.059485	10.589518	-1.019053	10.540371	1543370134.652735	1.566476	1.728724	1.790604
1.643812	470925.296788	4398879.263014	10.428579	-0.761075	10.400770	1543370134.755871	1.624797	1.671561	1.778947
1.640451	470925.107839	4398881.700585	10.419139	-0.725896	10.393822	1543370134.949537	2.305139	1.689717	1.775836
1.650986	470925.051384	4398882.407242	10.541188	-0.844418	10.507312	1543370135.050220	1.569195	1.624290	1.770333
1.664500	470924.991705	4398883.373700	10.739957	-1.004571	10.692872	1543370135.148409	1.387344	1.801832	1.761365
1.655703	470924.845061	4398884.473849	10.735701	-0.910994	10.696980	1543370135.252260	1.441829	1.613988	1.736830
1.651047	470924.755112	4398885.819756	10.741103	-0.861354	10.706511	1543370135.352269	2.216113	1.690351	1.737840
1.662446	470924.745680	4398886.702125	10.705965	-0.979277	10.661083	1543370135.448314	1.615679	1.779546	2.032769
1.653790	470924.658295	4398887.910896	10.683779	-0.886301	10.646953	1543370135.547282	1.931170	1.773224	1.731014
1.642909	470924.520483	4398889.054376	10.650769	-0.767997	10.623044	1543370135.650881	2.154768	1.869322	1.722777
1.656118	470924.403257	4398890.186984	10.746147	-0.914962	10.707125	1543370135.746535	2.244218	1.759508	1.713838
1.649561	470924.334452	4398891.250137	10.718747	-0.843511	10.685506	1543370135.846481	2.240204	1.752221	1.706271
1.649186	470924.221068	4398891.975914	10.724967	-0.840000	10.692021	1543370135.947115	1.554867	1.718965	2.051218
1.643330	470924.270172	4398893.093892	10.752040	-0.779664	10.723735	1543370136.051552	1.611500	1.729781	2.028527
1.649586	470924.130885	4398894.112083	10.668370	-0.839495	10.635288	1543370136.148956	1.573226	1.809999	1.982654
1.655341	470923.962634	4398895.292937	10.712951	-0.904345	10.674712	1543370136.251754	1.761285	1.657104	1.974951
1.643488	470923.917102	4398896.584277	10.671022	-0.775559	10.642801	1543370136.347684	2.232296	1.710223	1.675326
1.654571	470923.705579	4398898.698097	10.500758	-0.878391	10.463955	1543370136.552891	2.359251	1.739569	1.840580
1.637342	470923.687091	4398899.769102	10.539547	-0.701758	10.516158	1543370136.646629	2.292038	1.756007	1.843819
1.643794	470923.465101	4398901.636197	10.325048	-0.753793	10.297496	1543370136.847208	1.683798	1.748544	1.932399
1.637496	470923.439691	4398902.732786	10.427066	-0.695363	10.403854	1543370136.956685	1.717717	1.736991	1.917464
1.646790	470923.316518	4398904.047470	10.419867	-0.790811	10.389814	1543370137.054674	2.270077	1.726176	1.838729
1.645199	470923.236793	4398904.727787	10.513842	-0.781789	10.484735	1543370137.153502	1.479670	1.730730	1.888951
1.645495	470923.191602	4398905.808938	10.714899	-0.799628	10.685020	1543370137.248236	1.498559	1.621851	1.885277
1.652152	470923.033127	4398907.220097	10.543421	-0.856360	10.508586	1543370137.356318	2.180702	1.831169	1.820039
1.653662	470923.008749	4398907.919232	10.535627	-0.871532	10.499517	1543370137.447545	1.471088	1.749113	1.587251
1.664069	470922.821425	4398909.389286	10.568409	-0.983481	10.522549	1543370137.548712	2.298384	1.813546	2.100552
1.646647	470922.739067	4398910.424566	10.494853	-0.795734	10.464643	1543370137.650256	2.220424	1.737903	2.089401
1.644491	470922.720133	4398911.576243	10.570404	-0.778467	10.541699	1543370137.749811	2.339752	1.893702	1.785514
1.649718	470922.654254	4398912.642040	10.568545	-0.833016	10.535665	1543370137.850799	2.316383	1.714705	1.781242
1.644572	470922.556534	4398913.685872	10.553752	-0.778305	10.525014	1543370137.946264	2.265793	1.767119	1.768695
1.657841	470922.373084	4398914.731881	10.580122	-0.918920	10.540141	1543370138.050130	2.251475	1.698660	1.761753
1.641999	470922.381181	4398915.828775	10.576216	-0.753145	10.549366	1543370138.156338	2.317554	1.856427	1.751674
1.656525	470922.199392	4398916.841861	10.592656	-0.906340	10.553810	1543370138.251631	2.197993	1.681713	1.742704
1.647061	470922.231867	4398917.547220	10.653560	-0.812609	10.622523	1543370138.348978	1.432663	1.835574	1.741806
1.659520	470921.886980	4398920.783547	10.593024	-0.938915	10.551332	1543370138.651142	1.655395	1.677594	1.974025
1.646721	470921.881772	4398921.777555	10.552883	-0.801341	10.522414	1543370138.760871	1.640294	1.794096	1.950016
1.644727	470921.776648	4398922.899706	10.518026	-0.777127	10.489278	1543370138.851635	1.579490	1.784437	2.008045
1.644295	470921.663497	4398924.328840	10.650732	-0.782243	10.621967	1543370138.952542	2.258507	1.768956	1.953820
1.653375	470921.500172	4398925.852975	10.783832	-0.889089	10.747118	1543370139.050313	3.214303	1.758415	1.661627
1.649763	470921.543400	4398926.051341	10.667249	-0.841533	10.634004	1543370139.146640	1.450898	1.866835	1.666105
1.651321	470921.434853	4398927.132074	10.654129	-0.856636	10.619635	1543370139.253580	1.500943	1.858410	1.922767
1.661191	470921.166062	4398929.599140	10.543038	-0.951132	10.500048	1543370139.450669	2.207238	1.803217	1.895464
1.653916	470921.082074	4398930.661271	10.545893	-0.875842	10.509460	1543370139.546612	2.216476	1.790741	1.876489
1.659583	470920.957023	4398932.222229	10.637095	-0.942761	10.595235	1543370139.654928	3.234266	1.777041	1.617584
1.652442	470920.980826	4398932.369265	10.521568	-0.858290	10.486503	1543370139.746971	1.536579	1.749373	1.825654
1.649185	470920.912473	4398933.469224	10.794825	-0.845399	10.761670	1543370139.849047	1.470717	1.733352	1.842414
1.658260	470920.715948	4398935.409845	10.792184	-0.942207	10.750976	1543370139.949093	3.221272	1.817201	1.828443
1.652667	470920.649834	4398936.469381	10.819280	-0.885109	10.783014	1543370140.053481	3.262322	1.750198	1.822626
1.650622	470920.573544	4398937.523102	10.800797	-0.861392	10.766393	1543370140.149920	3.223036	1.802625	1.811787
1.654837	470920.491162	4398938.099197	10.811746	-0.907444	10.773597	1543370140.249707	2.222643	1.755102	1.798631
1.648468	470920.462846	4398939.156240	10.696523	-0.830380	10.664243	1543370140.358475	2.253669	1.763471	2.027650
1.657408	470920.338282	4398940.158409	10.505911	-0.908467	10.466558	1543370140.451550	2.259580	1.830856	2.055156
1.657386	470920.218944	4398941.496637	10.570815	-0.914321	10.531199	1543370140.547971	2.725926	1.832824	1.869287
1.656584	470920.140317	4398941.973025	10.570300	-0.905874	10.531412	1543370140.654558	1.542396	1.768801	1.797245
1.661160	470920.064637	4398943.073041	10.650355	-0.961198	10.606892	1543370140.750110	1.629883	1.799899	1.788308
1.659691	470920.010311	4398944.041158	10.609712	-0.942269	10.567787	1543370140.849808	1.469547	1.877629	2.062153
1.659751	470919.817786	4398945.971863	10.647362	-0.946168	10.605239	1543370140.947190	3.203249	1.784441	2.049211
1.655656	470919.736348	4398947.031449	10.646920	-0.902399	10.608609	1543370141.052783	3.203998	1.879802	2.042643
1.657811	470919.606846	4398948.073999	10.595872	-0.920311	10.555829	1543370141.149767	3.256730	1.709811	1.992357
1.664811	470919.512549	4398949.115304	10.549109	-0.989510	10.502598	1543370141.250765	3.375136	1.714417	1.975520
1.655856	470919.486761	4398949.705621	10.567576	-0.898098	10.529344	1543370141.348247	2.213491	1.826106	2.030238
1.652037	470919.357909	4398951.040452	10.576132	-0.858412	10.541238	1543370141.450531	2.731480	1.784355	1.942388
1.652744	470919.344641	4398951.501106	10.634609	-0.870462	10.598925	1543370141.548907	1.528935	1.783620	1.927116
1.648126	470919.264432	4398952.515424	10.593566	-0.818778	10.561877	1543370141.650847	1.459355	1.770370	1.915777
1.656898	470919.070214	4398954.476529	10.597791	-0.910903	10.558572	1543370141.756384	3.273468	1.794173	1.983962
1.640153	470919.038248	4398955.534775	10.574387	-0.733548	10.548913	1543370141.858444	3.233672	1.834460	1.990460
1.649603	470918.994394	4398955.728352	10.500291	-0.826042	10.467749	1543370141.946438	1.579083	1.734693	2.032556
1.643494	470918.929559	4398957.218366	10.416063	-0.756924	10.388524	1543370142.056565	2.512233	1.865644	2.036209
1.640054	470918.716829	4398959.727726	10.550457	-0.731245	10.525085	1543370142.253426	3.288769	1.776178	2.049217
1.654318	470918.622341	4398960.786363	10.559772	-0.880331	10.523013	1543370142.355424	3.304354	1.900764	2.053291
1.649424	470918.530237	4398961.869125	10.671580	-0.838532	10.638585	1543370142.449561	3.262013	1.835192	2.048817
1.655475	470918.456371	4398962.943436	10.731196	-0.907359	10.692767	1543370142.547556	3.206938	2.105316	2.273126
1.639246	470918.440608	4398964.015946	10.686107	-0.731550	10.661037	1543370142.652543	3.252609	1.842467	2.070416
1.661245	470918.211817	4398965.665706	10.548332	-0.951964	10.505288	1543370142.848900	2.445645	1.736653	1.992682
1.656181	470918.104418	4398967.135764	10.596253	-0.903791	10.557639	1543370142.956177	3.336120	1.897854	1.972374
1.650897	470918.089483	4398967.414147	10.569250	-0.845899	10.535345	1543370143.050200	1.556436	1.764098	1.992765
1.652370	470917.880125	4398969.277430	10.727157	-0.873759	10.691513	1543370143.149953	3.159464	1.938562	2.051324
1.648286	470917.923363	4398969.641908	10.750998	-0.832163	10.718743	1543370143.253456	1.714621	1.852972	1.861365
1.650787	470917.780020	4398971.448216	10.664776	-0.851912	10.630695	1543370143.348045	3.240472	1.791288	2.056379
1.642290	470917.706680	4398972.478333	10.540050	-0.753284	10.513098	1543370143.455336	3.175800	2.094923	2.040608
1.640578	470917.596076	4398973.541165	10.503467	-0.732408	10.477901	1543370143.547342	3.201716	1.839154	2.014262
1.644161	470917.498719	4398974.602854	10.699051	-0.784226	10.670271	1543370143.649347	3.242520	1.912275	1.977515
1.645579	470917.472112	4398975.644772	10.658254	-0.796578	10.628445	1543370143.757701	3.203581	1.826237	1.958341
1.652661	470917.393979	4398976.710024	10.617667	-0.868384	10.582096	1543370143.849849	3.183909	2.042353	1.982687
1.648720	470917.207387	4398977.774377	10.639052	-0.828592	10.606736	1543370143.951810	3.226711	1.947977	2.011210
1.649573	470917.179812	4398978.843699	10.648574	-0.838072	10.615543	1543370144.051324	3.229207	1.816864	2.024107
1.650706	470917.107595	4398979.889310	10.588151	-0.845203	10.554362	1543370144.148166	3.233908	1.773263	2.022839
1.647745	470917.088079	4398980.957019	10.463409	-0.804573	10.432429	1543370144.252142	3.247666	1.971095	2.005777
1.653550	470916.997297	4398982.008382	10.456219	-0.864031	10.420459	1543370144.350578	3.225322	1.974403	1.954429
1.648360	470916.870047	4398983.055422	10.451742	-0.810107	10.420300	1543370144.449196	3.193405	2.113526	1.925262
1.652222	470916.761938	4398984.113592	10.685026	-0.868844	10.649643	1543370144.555499	3.194576	2.048810	1.950894
1.645897	470916.660999	4398985.124448	10.671519	-0.801047	10.641412	1543370144.650526	3.309381	1.929763	2.015875
1.650989	470916.629539	4398986.252373	10.652701	-0.853109	10.618486	1543370144.752794	3.258786	1.891487	2.097113
1.654604	470916.550880	4398987.284139	10.463240	-0.875612	10.426538	1543370144.849404	3.192394	2.154269	1.926083
1.644850	470916.488825	4398988.288012	10.418705	-0.771259	10.390119	1543370144.948865	3.127028	1.781064	2.047365
1.656429	470916.233524	4398991.488912	10.599267	-0.906507	10.560431	1543370145.250607	3.195401	2.006216	2.054155
1.649989	470916.063745	4398992.520871	10.657675	-0.843480	10.624245	1543370145.347713	3.345776	1.918929	1.929792
1.648266	470916.075247	4398993.608684	10.505343	-0.813039	10.473834	1543370145.450110	3.231518	1.862532	1.978670
1.649518	470915.936155	4398994.661150	10.459232	-0.822436	10.426847	1543370145.548776	3.185697	1.863300	2.002846
1.647866	470915.856152	4398995.695958	10.429321	-0.803071	10.398356	1543370145.653276	3.136053	1.845692	2.004553
1.658534	470915.726364	4398996.768932	10.685872	-0.935986	10.644801	1543370145.748038	3.167848	1.782546	1.991735
1.647577	470915.680044	4398997.777756	10.718538	-0.822758	10.686913	1543370145.852336	3.247976	2.017431	1.998550
1.652249	470915.645080	4398998.876790	10.872339	-0.884308	10.836316	1543370145.950493	3.285332	1.917757	2.024184
1.651607	470915.513440	4398999.918820	10.843347	-0.875196	10.807970	1543370146.052881	3.238598	1.818665	2.034800
1.655512	470915.390861	4399000.974397	10.486856	-0.887190	10.449261	1543370146.148777	3.216707	1.895152	2.037729
1.649435	470915.378188	4399002.061837	10.449915	-0.821381	10.417584	1543370146.249830	3.287977	2.059940	2.018064
1.648943	470915.240721	4399003.046664	10.423991	-0.813925	10.392166	1543370146.348522	3.192852	2.050840	1.978822
1.647419	470915.097236	4399005.186098	10.700044	-0.819392	10.668624	1543370146.548037	3.253711	1.942553	1.935813
1.652909	470914.980537	4399006.211984	10.672741	-0.874989	10.636813	1543370146.650217	3.283963	1.846794	1.939508
1.650671	470914.964797	4399007.312687	10.766731	-0.859074	10.732404	1543370146.750566	3.277066	1.924562	1.974756
1.647018	470914.860473	4399008.350316	10.469677	-0.797396	10.439267	1543370146.851152	3.228078	1.934442	2.003680
1.659883	470914.273219	4399015.767691	10.468207	-0.931031	10.426723	1543370147.553446	3.270789	1.937220	1.985679
1.655308	470914.173305	4399016.835574	10.443848	-0.881775	10.406557	1543370147.650680	3.376733	1.959122	1.980507
1.647595	470914.028424	4399017.852523	10.394820	-0.797924	10.364150	1543370147.756854	3.209038	1.996142	1.962913
1.656326	470913.967572	4399018.939144	10.831707	-0.924857	10.792150	1543370147.853698	3.285877	2.069704	1.945150
1.648684	470913.859530	4399019.996175	10.772045	-0.838516	10.739360	1543370147.957577	3.283644	2.101874	1.941534
1.647982	470913.779580	4399021.084056	10.808798	-0.833551	10.776609	1543370148.052377	3.411294	2.094884	1.964869
1.651359	470913.709211	4399022.053718	10.512208	-0.845883	10.478120	1543370148.159775	3.319074	1.837780	1.984715
1.651780	470913.651786	4399023.108866	10.493866	-0.849059	10.459461	1543370148.250143	3.395932	1.937241	1.997079
1.647086	470913.550250	4399024.192559	10.464343	-0.797954	10.433875	1543370148.357179	3.303188	1.919097	2.011336
1.647746	470913.475665	4399025.258960	10.409005	-0.800161	10.378204	1543370148.452275	3.250710	1.943914	2.012975
1.652804	470913.359922	4399026.371786	10.628640	-0.870422	10.592938	1543370148.553925	3.414890	1.979266	2.003063
1.650375	470913.312202	4399027.405406	10.604252	-0.843094	10.570683	1543370148.653212	3.416866	1.868754	1.999929
1.647750	470913.183149	4399028.420919	10.603594	-0.815278	10.572206	1543370148.757636	3.229993	1.847603	1.998310
1.653453	470913.114656	4399029.482395	10.522601	-0.868376	10.486709	1543370148.850255	3.367549	1.900368	1.983310
1.644384	470913.045359	4399030.533220	10.501759	-0.772480	10.473310	1543370148.956596	3.337980	1.918016	1.957719
1.644579	470912.946653	4399031.552474	10.448779	-0.770206	10.420353	1543370149.055910	3.309968	2.029035	1.938243
1.650622	470912.835540	4399032.670363	10.434071	-0.831767	10.400866	1543370149.160539	3.454273	1.809421	2.082459
1.655628	470912.758888	4399033.704740	10.407756	-0.881675	10.370344	1543370149.250097	3.310617	1.900886	1.975786
1.656773	470912.667853	4399034.745815	10.593671	-0.909672	10.554543	1543370149.359073	3.340050	1.896635	1.991478
1.650726	470912.596609	4399035.856878	10.571534	-0.844390	10.537758	1543370149.453200	3.410026	1.827155	1.978531
1.650157	470912.446212	4399037.934864	10.455921	-0.828970	10.423008	1543370149.650650	3.311370	1.928297	1.988571
1.653915	470912.377849	4399039.017405	10.476986	-0.869564	10.440838	1543370149.760114	3.301241	2.103105	1.985365
1.658299	470912.227173	4399040.089195	10.449137	-0.912937	10.409179	1543370149.851765	3.318339	1.957497	1.980594
1.656161	470912.169049	4399041.094086	10.424577	-0.888956	10.386605	1543370149.959765	3.327445	1.928834	1.990962
1.655092	470912.067313	4399042.156178	10.613481	-0.893671	10.575789	1543370150.053677	3.309069	1.854322	1.980627
1.650013	470911.966025	4399043.242565	10.614324	-0.840189	10.581018	1543370150.148374	3.348434	1.873478	1.968562
1.654393	470911.908825	4399044.292958	10.589517	-0.884006	10.552554	1543370150.251193	3.262721	1.910335	1.957539
1.655530	470911.794078	4399045.312630	10.519726	-0.890256	10.481988	1543370150.351493	3.254282	1.919187	1.978095
1.654359	470911.708170	4399046.426872	10.492472	-0.875810	10.455856	1543370150.452537	3.326906	2.064413	2.005872
1.656181	470911.589499	4399047.496794	10.470343	-0.892749	10.432214	1543370150.546859	3.350837	2.060334	2.033259
1.654412	470911.509675	4399048.526978	10.448821	-0.872736	10.412310	1543370150.651065	3.308711	2.059778	2.037271
1.654764	470911.499861	4399049.579899	10.894454	-0.913709	10.856071	1543370150.751595	3.301770	1.923806	2.024552
1.653750	470911.325960	4399051.247722	10.781425	-0.893439	10.744343	1543370150.849139	4.616263	1.918504	1.987162
1.660226	470911.282666	4399051.728294	10.739642	-0.958856	10.696753	1543370150.957983	3.448734	1.928975	1.955243
1.656367	470911.172518	4399052.707128	10.623952	-0.908192	10.585062	1543370151.051911	3.297825	1.978433	1.972244
1.659756	470911.037450	4399053.797567	10.605091	-0.942006	10.563171	1543370151.155966	3.356947	2.035715	2.001415
1.662604	470910.943239	4399054.863611	10.588311	-0.970550	10.543736	1543370151.250747	3.329313	2.061544	2.003770
1.657714	470910.888099	4399055.880936	10.572581	-0.918084	10.532644	1543370151.357516	3.287764	1.981243	1.996873
1.661159	470910.766359	4399056.951101	10.561642	-0.952923	10.518565	1543370151.452379	3.335447	1.982509	1.998058
1.657773	470910.671922	4399057.997099	10.552679	-0.916828	10.512776	1543370151.561949	3.327246	2.059292	1.997033
1.658025	470910.584164	4399059.054138	10.540090	-0.918226	10.500017	1543370151.650936	3.334606	1.982514	2.000422
1.656842	470910.476297	4399060.136242	10.532352	-0.905173	10.493383	1543370151.760903	3.341356	2.023818	2.003019
1.657231	470910.410804	4399061.202825	10.641691	-0.918611	10.601969	1543370151.852565	3.293512	2.059684	2.016570
1.650183	470910.356459	4399062.268623	10.634498	-0.843654	10.600981	1543370151.963299	3.327463	2.059438	2.010785
1.659849	470910.134583	4399064.354693	10.498980	-0.933619	10.457387	1543370152.159234	3.311397	2.063014	2.011751
1.656176	470910.032772	4399065.401487	10.494802	-0.895136	10.456558	1543370152.253614	3.332313	2.024342	2.005201
1.653371	470909.968506	4399066.464643	10.485479	-0.864991	10.449739	1543370152.371318	3.275767	2.063735	2.009489
1.656897	470909.895448	4399067.522084	10.474670	-0.900564	10.435885	1543370152.453201	3.288759	2.061256	2.022224
1.654850	470909.776008	4399068.575380	10.468688	-0.878987	10.431722	1543370152.555505	3.284349	2.061439	2.031065
1.654214	470909.696216	4399069.620042	10.440050	-0.869951	10.403741	1543370152.655861	3.305204	2.062428	2.018676
1.657805	470909.606555	4399070.650574	10.457328	-0.908617	10.417779	1543370152.760281	3.274476	1.920238	1.973841
1.656853	470909.499028	4399071.709538	10.454677	-0.898755	10.415974	1543370152.849465	3.282948	1.805037	1.942107
1.648970	470909.486412	4399072.796141	10.456318	-0.816993	10.424352	1543370152.957412	3.431859	1.917914	1.952321
1.651522	470909.341518	4399073.839488	10.614416	-0.855835	10.579857	1543370153.052952	3.303988	2.067826	2.005817
1.657074	470909.254435	4399074.902631	10.609511	-0.913922	10.570074	1543370153.159032	3.316819	2.066620	2.038222
1.654824	470909.179182	4399075.945907	10.670256	-0.895721	10.632594	1543370153.249028	3.259817	1.953505	2.041239
1.646950	470909.114095	4399076.996890	10.677295	-0.812741	10.646317	1543370153.358548	3.317862	1.878573	2.028735
1.653198	470908.963999	4399078.078785	10.687461	-0.879356	10.651223	1543370153.458259	3.361328	2.087718	2.034748
1.649067	470908.985544	4399079.220752	10.745438	-0.840403	10.712523	1543370153.553984	3.447282	2.003766	2.051069
1.650852	470908.837297	4399079.942254	10.644863	-0.851192	10.610777	1543370153.651676	3.775883	2.073163	2.059498
1.648930	470908.799618	4399081.229965	10.585519	-0.826280	10.553221	1543370153.760245	3.276419	1.931703	2.031288
1.652191	470908.611675	4399082.255953	10.540505	-0.856806	10.505624	1543370153.850940	3.294512	1.999905	2.009408
1.646627	470908.612062	4399083.329652	10.584749	-0.802155	10.554310	1543370153.957279	3.304207	1.964434	2.018764
1.643672	470908.500426	4399084.363301	10.579348	-0.770443	10.551257	1543370154.055391	3.239899	2.001309	2.050951
1.645487	470908.450806	4399085.455891	10.611056	-0.791712	10.581479	1543370154.162195	3.290809	2.080630	2.048497
1.647538	470908.253676	4399087.521919	10.496446	-0.804837	10.465545	1543370154.356672	3.335074	1.966238	2.001118
1.644585	470908.195553	4399088.577232	10.502271	-0.774435	10.473679	1543370154.449510	3.343619	1.967403	2.002432
1.645156	470908.016705	4399090.732994	10.457743	-0.776606	10.428867	1543370154.649895	3.276000	2.089334	2.027419
1.649199	470907.963832	4399091.801314	10.497935	-0.821656	10.465731	1543370154.761601	3.294908	2.089826	2.034394
1.646021	470907.969305	4399092.848637	10.661999	-0.801451	10.631834	1543370154.849061	3.289138	1.952299	2.036478
1.648171	470907.825178	4399093.908343	10.450505	-0.807832	10.419235	1543370154.958800	3.352474	1.899205	2.029200
1.649146	470907.719622	4399094.933935	10.414934	-0.815034	10.382995	1543370155.053807	3.342449	2.018881	2.019396
1.648178	470907.635980	4399095.963909	10.389525	-0.803112	10.358438	1543370155.158022	3.305727	2.017290	2.013319
1.651611	470907.557133	4399097.020798	10.420210	-0.840995	10.386217	1543370155.252219	3.330506	2.017405	2.004959
1.648881	470907.480844	4399098.098133	10.456740	-0.816017	10.424851	1543370155.358855	3.295239	1.911412	2.005601
1.652026	470907.394308	4399099.155510	10.709278	-0.868698	10.673987	1543370155.449514	3.290623	1.941557	2.011426
1.649357	470907.295618	4399100.215541	10.474934	-0.822129	10.442621	1543370155.552253	3.295397	1.982493	2.031298
1.646906	470907.201545	4399101.286807	10.477241	-0.796728	10.446904	1543370155.652229	3.289199	2.100877	2.043807
1.651544	470907.113406	4399102.367502	10.490717	-0.845913	10.456556	1543370155.760285	3.332278	2.060193	2.065912
1.652497	470907.047818	4399103.368206	10.593270	-0.864530	10.557934	1543370155.847919	3.224407	1.982390	2.074879
1.649496	470907.015323	4399104.462616	10.590032	-0.832813	10.557235	1543370155.957714	3.312186	1.954923	2.055044
1.648414	470906.900230	4399105.477219	10.575393	-0.820128	10.543544	1543370156.053960	3.279607	2.022433	2.037667
1.653724	470906.790045	4399106.564813	10.562646	-0.874657	10.526370	1543370156.161310	3.354133	2.028263	2.024753
1.660316	470906.705660	4399107.609062	10.577161	-0.945315	10.534834	1543370156.254532	3.327408	1.988702	2.028130
1.650618	470906.645877	4399108.665959	10.562317	-0.843041	10.528619	1543370156.358493	3.350855	1.987107	2.025168
1.653374	470906.504790	4399109.723738	10.593925	-0.873784	10.557829	1543370156.450872	3.336839	2.027371	2.018354
1.650742	470906.457528	4399110.738574	10.577397	-0.844829	10.543604	1543370156.562875	3.257237	1.856111	2.008760
1.648382	470906.397611	4399111.812871	10.578480	-0.819772	10.546668	1543370156.652545	3.287947	1.959183	2.013480
1.653354	470906.266054	4399112.877517	10.569699	-0.871277	10.533728	1543370156.758795	3.314100	1.919014	2.008840
1.647418	470906.215578	4399113.936887	10.573474	-0.809635	10.542431	1543370156.858963	3.292416	1.918461	2.009504
1.656243	470906.080317	4399115.000871	10.585103	-0.902863	10.546528	1543370156.959717	3.316536	1.910056	2.020183
1.651051	470906.010991	4399116.098103	10.614226	-0.851233	10.580038	1543370157.064301	3.375479	2.105373	2.033267
1.653867	470905.952249	4399117.128150	10.605351	-0.879920	10.568785	1543370157.174084	3.328229	1.989913	2.027443
1.650361	470905.879842	4399118.187040	10.587996	-0.841830	10.554477	1543370157.265516	3.313761	1.950703	2.034178
1.642281	470905.731998	4399119.240009	10.647491	-0.760973	10.620263	1543370157.360529	3.316270	2.102047	2.043512
1.653273	470905.708429	4399120.307622	10.670966	-0.878630	10.634732	1543370157.465944	3.308477	1.908302	2.065415
1.660200	470905.568667	4399121.314231	10.690139	-0.954149	10.647472	1543370157.560094	3.217359	2.024260	2.067209
1.657569	470905.410469	4399123.499432	10.501580	-0.910062	10.462073	1543370157.764503	3.329001	2.101508	1.925199
1.654479	470905.230440	4399125.686840	10.537216	-0.880290	10.500381	1543370157.960402	3.478083	2.108396	2.065381
1.663304	470905.087913	4399126.616893	10.617921	-0.980124	10.572587	1543370158.074434	3.280573	2.086372	2.032704
1.651256	470905.048580	4399127.671354	10.614435	-0.853359	10.580076	1543370158.160506	3.353417	2.092954	2.018804
1.652092	470904.967836	4399128.880822	10.698136	-0.868592	10.662817	1543370158.264009	3.601574	2.104182	2.045956
1.653867	470904.859506	4399129.790055	10.659302	-0.884262	10.622561	1543370158.365201	3.260632	2.009897	2.070477
1.648791	470904.769705	4399130.891918	10.549685	-0.822262	10.517591	1543370158.458956	3.334200	2.085382	2.067708
1.651141	470904.607006	4399132.968695	10.681473	-0.857705	10.646981	1543370158.661486	3.311646	2.079535	2.042285
1.651145	470904.521292	4399134.046099	10.688315	-0.858214	10.653804	1543370158.757285	3.335598	2.076797	2.045272
1.648107	470904.429457	4399135.109767	10.446346	-0.806974	10.415131	1543370158.855221	3.314662	2.074744	2.055712
1.655429	470904.353370	4399136.261378	10.414967	-0.880074	10.377717	1543370158.958717	3.547226	2.159199	2.046653
1.656294	470904.212281	4399137.208656	10.643516	-0.908894	10.604638	1543370159.060847	3.357974	2.164827	2.030230
1.656201	470904.143124	4399138.232247	10.644894	-0.908196	10.606081	1543370159.161937	3.313904	2.112892	2.024541
1.650049	470904.021576	4399139.293016	10.644001	-0.843028	10.610563	1543370159.260121	3.323822	2.069101	1.999106
1.647280	470903.961663	4399140.270746	10.449010	-0.798459	10.418458	1543370159.359298	3.344530	2.063294	1.958762
1.650725	470903.885091	4399141.257145	10.400730	-0.830063	10.367555	1543370159.459132	3.738914	2.147736	2.061151
1.639850	470903.822045	4399142.440783	10.503619	-0.725189	10.478555	1543370159.554757	3.431643	2.058490	2.029621
1.640382	470903.779509	4399143.452123	10.547946	-0.733314	10.522425	1543370159.659921	3.388498	2.057553	2.037274
1.643332	470903.733245	4399144.524491	10.548856	-0.764358	10.521128	1543370159.759136	3.316826	1.908785	1.933041
1.653277	470903.597288	4399145.605418	10.469138	-0.862023	10.433588	1543370159.860818	3.306648	1.984770	1.990099
1.645121	470903.516343	4399146.689472	10.437379	-0.775510	10.408528	1543370159.961176	3.309623	1.948943	2.005188
1.650795	470903.366582	4399147.708958	10.410559	-0.831694	10.377284	1543370160.059378	3.289426	2.095939	1.998380
1.653286	470903.307184	4399148.745548	10.606852	-0.873875	10.570792	1543370160.161249	3.281676	2.049114	1.996683
1.654520	470903.238368	4399149.478655	10.607896	-0.887102	10.570739	1543370160.258013	3.920850	2.141123	1.996194
1.651739	470903.196613	4399150.776251	10.299809	-0.832964	10.266072	1543370160.359442	3.338951	2.064948	1.989250
1.649481	470902.937988	4399153.350793	8.471767	-0.665791	8.445564	1543370160.659892	3.351672	2.220407	1.984339
1.642418	470902.998473	4399154.154126	7.949736	-0.569103	7.929339	1543370160.760916	3.319668	1.911694	1.983928
1.644825	470902.848209	4399154.810810	6.665532	-0.492812	6.647289	1543370160.859489	3.400082	2.080901	1.972046
1.644812	470902.788397	4399155.467116	6.146749	-0.454497	6.129923	1543370160.960464	3.560889	2.133915	1.960899
1.739496	470902.856917	4399155.941632	5.640483	-0.447897	5.622672	1543370161.059398	3.439002	2.157947	1.972175
1.687500	470902.837115	4399156.233359	4.368193	-0.351258	4.354047	1543370161.163792	3.374158	2.080360	1.990263
1.679937	470902.674556	4399156.618577	3.845493	-0.325332	3.831707	1543370161.259665	3.320982	1.935647	1.996067
1.685087	470902.661735	4399156.977542	3.569141	-0.315890	3.555134	1543370161.360250	3.290898	1.889814	1.981195
1.671476	470902.733992	4399157.334640	2.600585	-0.235166	2.589931	1543370161.461387	3.491621	1.976859	1.971777
1.668193	470902.686399	4399157.601541	2.716344	-0.255602	2.704291	1543370161.554765	3.321983	2.100623	2.038534
1.679670	470902.673007	4399158.054329	2.562596	-0.257157	2.549661	1543370161.659591	3.601645	2.036500	2.066892
1.676664	470902.645542	4399158.211561	2.715503	-0.263016	2.702736	1543370161.758712	3.412063	2.067212	2.019941
1.691374	470902.625132	4399158.660260	2.469079	-0.261622	2.455179	1543370161.860741	3.747775	2.031424	1.994160
1.671954	470902.602360	4399158.801850	2.445650	-0.260409	2.431746	1543370161.960918	3.476196	2.020893	1.968481
1.714731	470902.499025	4399159.124698	2.342483	-0.242193	2.329929	1543370162.062180	3.358372	1.879447	2.057330
1.675237	470902.563176	4399159.410133	2.341057	-0.248820	2.327797	1543370162.161688	3.301890	2.002056	2.035576
1.682552	470902.483545	4399159.788076	2.388652	-0.263564	2.374067	1543370162.261004	3.427408	2.024674	2.050356
1.671995	470902.466630	4399160.161989	2.386202	-0.260712	2.371917	1543370162.358839	3.555378	2.086769	1.983672
1.665942	470902.424533	4399160.432186	2.690450	-0.289076	2.674875	1543370162.458369	3.428445	2.042016	1.996155
1.693359	470902.396983	4399160.959657	2.732360	-0.327074	2.712713	1543370162.557559	3.689355	2.068684	2.006957
1.656764	470902.400736	4399161.223697	2.997666	-0.334396	2.978956	1543370162.660483	3.562161	1.936680	2.010225
1.661304	470902.373514	4399161.526852	3.342201	-0.353808	3.323421	1543370162.774471	3.291615	1.940383	2.004628
1.649604	470902.288618	4399161.963040	3.610924	-0.371721	3.591740	1543370162.866532	3.310430	2.018981	1.999003
1.688027	470902.331341	4399162.395260	3.642421	-0.302131	3.629869	1543370162.975070	3.388850	2.020940	1.994744
1.654145	470902.251314	4399162.727570	3.682782	-0.297958	3.670709	1543370163.065277	3.266413	2.009043	2.074734
1.669568	470902.253290	4399163.106107	3.524065	-0.304267	3.510906	1543370163.165158	3.342071	2.037899	2.071568
1.669095	470902.202520	4399163.487860	3.011001	-0.219906	3.002960	1543370163.260882	3.412441	2.065440	2.082469
1.651777	470902.167860	4399163.784078	2.757393	-0.210222	2.749368	1543370163.380224	3.417958	2.036545	2.012849
1.661016	470902.183789	4399164.153347	2.598974	-0.229422	2.588828	1543370163.460993	3.538929	2.068439	2.008182
1.651474	470902.116203	4399164.320613	2.041708	-0.171191	2.034518	1543370163.572111	3.363655	1.991621	2.017354
1.651988	470902.097289	4399164.578479	1.880089	-0.159043	1.873350	1543370163.660711	3.663107	2.085914	2.010161
1.669814	470902.152911	4399164.706395	1.451184	-0.131185	1.445242	1543370163.770093	3.501502	2.092516	2.013693
1.668191	470902.089984	4399164.937474	1.448065	-0.135829	1.441680	1543370163.860644	3.722135	2.059918	2.021970
1.649787	470902.102463	4399164.824985	1.450621	-0.117693	1.445839	1543370163.975955	3.433433	2.012273	2.130746
1.680324	470902.124162	4399164.879023	1.595255	-0.135531	1.589488	1543370164.063369	3.402873	2.018572	2.026402
1.673754	470902.100176	4399165.029581	1.287879	-0.115463	1.282693	1543370164.176997	3.575058	2.070213	2.025820
1.667210	470902.102439	4399165.042249	0.787118	-0.071433	0.783870	1543370164.263797	3.477265	2.120162	2.037997
1.672093	470902.079051	4399165.057813	0.554167	-0.055541	0.551377	1543370164.372223	3.370036	2.070237	2.041801
1.651102	470902.059162	4399165.061902	0.407121	-0.040531	0.405099	1543370164.458815	3.453346	2.052005	2.032583
1.653788	470902.070468	4399165.116490	0.263986	-0.027298	0.262571	1543370164.580165	3.472683	2.051225	2.036614
1.656174	470902.071447	4399165.139056	0.000000	0.000000	0.000000	1543370164.660559	3.433313	2.031573	2.037290
1.626505	470902.012740	4399165.170979	0.000000	0.000000	0.000000	1543370164.770854	3.426267	2.033928	2.026180
1.632271	470902.002560	4399165.189473	0.000000	0.000000	0.000000	1543370164.868612	3.460945	2.092415	2.027012
1.667614	470902.064784	4399165.165022	0.000000	0.000000	0.000000	1543370164.973166	3.459654	2.080398	2.101805
1.646892	470902.032903	4399165.217780	0.000000	0.000000	0.000000	1543370165.066724	3.478252	2.055636	2.078743
1.655190	470902.054082	4399165.174676	0.000000	0.000000	0.000000	1543370165.170164	3.380370	2.058220	2.078181
1.663149	470902.057425	4399165.278373	0.000000	0.000000	0.000000	1543370165.260539	3.560771	2.067330	2.076713
1.650724	470902.036500	4399165.163977	0.000000	0.000000	0.000000	1543370165.361862	3.441377	2.044038	2.076445
1.656589	470902.052069	4399165.162139	0.000000	0.000000	0.000000	1543370165.460755	3.441846	2.101436	2.078597
1.659631	470902.076921	4399165.240363	0.000000	0.000000	0.000000	1543370165.558559	3.548058	2.098861	2.050529
1.655210	470902.030691	4399165.297072	0.000000	0.000000	0.000000	1543370165.663349	3.611679	2.086185	2.045421
1.656813	470902.031873	4399165.281352	0.000000	0.000000	0.000000	1543370165.764513	3.559806	2.092417	2.054009
1.662667	470902.055635	4399165.202232	0.000000	0.000000	0.000000	1543370165.859649	3.396002	2.091353	2.083541
1.661151	470902.058096	4399165.324525	0.000000	0.000000	0.000000	1543370165.960320	3.656783	2.083355	2.043804
1.666342	470902.071888	4399165.281999	0.000000	0.000000	0.000000	1543370166.065017	3.562973	2.096262	2.052050
1.658126	470902.057596	4399165.226544	0.000000	0.000000	0.000000	1543370166.161048	3.453302	2.091438	2.051348
1.648252	470902.039721	4399165.343106	0.000000	0.000000	0.000000	1543370166.261203	3.672420	2.076264	2.049694
1.663200	470902.051380	4399165.315882	0.000000	0.000000	0.000000	1543370166.364077	3.611659	2.093870	2.050674
1.656019	470902.038833	4399165.292775	0.000000	0.000000	0.000000	1543370166.461306	3.586607	2.098092	2.051178
1.642452	470902.032231	4399165.225993	0.000000	0.000000	0.000000	1543370166.555830	3.452641	2.104469	2.051852
1.651989	470902.042831	4399165.217793	0.000000	0.000000	0.000000	1543370166.659982	3.445134	2.108402	2.050688
1.653747	470902.038579	4399165.310148	0.000000	0.000000	0.000000	1543370166.758590	3.607302	2.078258	2.050506
