front	position-x	position-y	speed	speed-x	speed-y	timestamp	v-x	v-y	v-z
1.506058	470796.516485	4399275.472300	0.000000	0.000000	0.000000	1543395195.555937	0.658655	0.685904	1.364916
1.511341	470796.439274	4399275.475499	0.000000	0.000000	0.000000	1543395195.656696	0.680256	0.488512	1.365143
1.516490	470796.457467	4399275.505231	0.000000	0.000000	0.000000	1543395195.767519	0.638795	0.550913	1.360007
1.525171	470796.459826	4399275.500803	0.000000	0.000000	0.000000	1543395195.856485	0.635396	0.552778	1.359328
1.526463	470796.414813	4399275.487713	0.000000	0.000000	0.000000	1543395196.062244	0.624822	0.466904	1.384784
1.526885	470796.441860	4399275.490258	0.000000	0.000000	0.000000	1543395196.156820	0.585987	0.493176	1.398768
1.538068	470796.486537	4399275.496229	0.000000	0.000000	0.000000	1543395196.258667	0.619686	0.598871	1.227674
1.531735	470796.455555	4399275.487859	0.000000	0.000000	0.000000	1543395196.344195	0.580857	0.483351	1.385687
1.540784	470796.447140	4399275.498176	0.000000	0.000000	0.000000	1543395196.455911	0.626095	0.505954	1.401686
1.542463	470796.467414	4399275.519224	0.000000	0.000000	0.000000	1543395196.560999	0.618785	0.561608	1.374609
1.551826	470796.445820	4399275.496407	0.000000	0.000000	0.000000	1543395196.746290	0.626303	0.515460	1.394524
1.557826	470796.425284	4399275.476038	0.000000	0.000000	0.000000	1543395196.854033	0.596646	0.467373	1.383551
1.564160	470796.428898	4399275.473725	0.000000	0.000000	0.000000	1543395196.959456	0.662300	0.474693	1.387846
1.557174	470796.468182	4399275.422994	0.000000	0.000000	0.000000	1543395197.057407	0.647136	0.573128	1.384598
1.547440	470796.429606	4399275.291793	0.000000	0.000000	0.000000	1543395197.255784	0.638368	0.467521	1.385929
1.542742	470796.433577	4399275.225614	0.000000	0.000000	0.000000	1543395197.368314	0.642669	0.461920	1.372364
1.543077	470796.427893	4399275.139504	0.000000	0.000000	0.000000	1543395197.454979	0.725787	0.478983	1.371030
1.537936	470796.434303	4399275.011141	0.000000	0.000000	0.000000	1543395197.552771	0.591491	0.558789	1.352363
1.531897	470796.399611	4399274.975323	0.000000	0.000000	0.000000	1543395197.661217	0.689910	0.546250	1.359793
1.521874	470796.398020	4399274.887356	0.000000	0.000000	0.000000	1543395197.767861	0.667167	0.549256	1.353384
-1.642768	470796.384774	4399274.824644	0.664911	-0.047764	-0.663193	1543395197.855909	0.678081	0.479389	1.340597
-1.645068	470796.450460	4399274.785775	0.674564	-0.050001	-0.672708	1543395197.959941	0.692476	0.617623	1.352776
-1.646047	470796.404087	4399274.736536	0.657812	-0.049429	-0.655953	1543395198.056791	0.663468	0.527379	1.199014
-1.702118	470796.357822	4399274.688099	0.639510	-0.082928	-0.634111	1543395198.167263	0.709724	0.569442	1.185175
-1.708257	470796.321389	4399274.711060	0.595353	-0.081603	-0.589734	1543395198.256708	0.686589	0.564833	1.351805
-1.726782	470796.353857	4399274.754622	0.494676	-0.076862	-0.488668	1543395198.351511	0.660395	0.436243	1.334990
-1.802990	470796.351646	4399274.704059	0.453873	-0.104073	-0.441780	1543395198.455428	0.596279	0.418007	1.352781
-1.830911	470796.426857	4399274.672639	0.404333	-0.104152	-0.390689	1543395198.567927	0.604546	0.646827	1.348882
-1.816792	470796.351620	4399274.613154	0.357379	-0.087517	-0.346498	1543395198.662086	0.651606	0.493118	1.338994
-1.790178	470796.374037	4399274.500620	0.349925	-0.076562	-0.341446	1543395198.760509	0.629323	0.685942	1.337913
-1.721304	470796.363039	4399274.382750	0.385284	-0.058198	-0.380863	1543395198.859963	0.626847	0.658083	1.330121
-1.647945	470796.356576	4399274.284490	0.471386	-0.036647	-0.469959	1543395198.970757	0.652795	0.721908	1.335217
-1.643358	470796.241176	4399274.194896	0.000000	0.000000	0.000000	1543395199.064168	0.631612	0.609837	1.326364
-1.661220	470796.278905	4399273.959172	0.000000	0.000000	0.000000	1543395199.255215	0.674096	0.709897	1.319728
-1.660674	470796.160518	4399273.855582	0.000000	0.000000	0.000000	1543395199.370324	0.708176	0.616161	1.158725
-1.650651	470796.097028	4399273.787660	0.000000	0.000000	0.000000	1543395199.455301	0.657832	0.585814	1.155256
-1.832992	470796.130949	4399273.732988	0.925465	-0.239880	-0.893836	1543395199.569396	0.746436	0.557429	1.157391
-1.868620	470796.114452	4399273.737747	0.949906	-0.278039	-0.908303	1543395199.677070	0.748381	0.571399	1.304281
-1.854432	470796.151447	4399273.671337	0.924166	-0.258877	-0.887167	1543395199.770179	0.776208	0.615068	1.408746
-1.813475	470796.106068	4399273.519005	0.881794	-0.212754	-0.855744	1543395199.856478	0.614350	0.395489	1.412952
-1.756956	470796.177022	4399273.485384	0.843498	-0.157007	-0.828757	1543395199.958411	0.726893	0.614174	1.413972
-1.724419	470796.120324	4399273.317068	0.833549	-0.127636	-0.823719	1543395200.065868	0.621826	0.399843	1.420573
-1.705628	470796.055396	4399273.195905	0.872931	-0.117334	-0.865009	1543395200.168635	0.683596	0.476716	1.422487
-1.693566	470796.138924	4399273.137117	0.887666	-0.108719	-0.880983	1543395200.258315	0.674308	0.612617	1.422260
-1.684456	470796.029828	4399272.974791	0.902688	-0.102385	-0.896863	1543395200.360631	0.738568	0.453842	1.418240
-1.680265	470796.027688	4399272.921409	0.910635	-0.099494	-0.905183	1543395200.459825	0.702022	0.554201	1.422926
-1.624312	470796.016487	4399272.726118	0.952995	-0.051398	-0.951608	1543395200.662834	0.672273	0.469469	1.275196
-1.593053	470796.005125	4399272.560093	0.898040	-0.020689	-0.897801	1543395200.856412	0.651443	0.529224	1.254226
-1.541737	470796.044629	4399272.485918	0.909845	0.025628	-0.909484	1543395200.966763	0.700688	0.487279	1.394496
-1.568008	470796.048269	4399272.384284	0.928316	0.002412	-0.928313	1543395201.063344	0.643715	0.496946	1.390483
-1.597752	470795.990819	4399272.274124	0.917789	-0.024482	-0.917463	1543395201.157452	0.709844	0.472551	1.405543
-1.569901	470796.063288	4399272.166779	0.888786	0.000556	-0.888786	1543395201.259508	0.675625	0.475673	1.378796
-1.604577	470796.034587	4399272.105704	0.894759	-0.029963	-0.894258	1543395201.371655	0.628009	0.522208	1.372654
-1.574894	470796.033699	4399271.997183	0.925654	-0.004066	-0.925645	1543395201.458068	0.656338	0.503374	1.300737
-1.606918	470796.089041	4399271.899278	0.934860	-0.033025	-0.934276	1543395201.554657	0.568062	0.664627	1.304560
-1.566018	470796.060972	4399271.343773	0.887483	0.004641	-0.887471	1543395202.167478	0.603107	0.490101	1.321654
-1.565420	470796.127317	4399271.239472	0.854768	0.005009	-0.854753	1543395202.257243	0.601638	0.603612	1.323111
-1.535203	470796.154017	4399271.180292	0.790460	0.028377	-0.789951	1543395202.365155	0.606418	0.658765	1.324613
-1.495299	470796.200248	4399271.084319	0.848232	0.063756	-0.845832	1543395202.457971	0.616379	0.675801	1.321247
-1.509633	470796.167979	4399271.001035	0.802250	0.049673	-0.800710	1543395202.568737	0.625700	0.663888	1.329656
-1.444448	470796.216084	4399270.906504	0.858047	0.108246	-0.851192	1543395202.665099	0.597313	0.684722	1.311992
-1.460517	470796.185761	4399270.796945	0.858879	0.095126	-0.853595	1543395202.756580	0.590510	0.673189	1.307836
-1.494888	470796.121582	4399270.679870	0.869212	0.066277	-0.866682	1543395202.857013	0.653433	0.565360	1.301586
-1.509407	470796.131087	4399270.576799	1.000082	0.061432	-0.998193	1543395202.962595	0.618730	0.482664	1.298814
-1.516565	470796.138340	4399270.480168	0.883978	0.047913	-0.882679	1543395203.063934	0.603370	0.480637	1.293672
-1.526804	470796.227008	4399270.433256	1.000046	0.044036	-0.999076	1543395203.160779	0.657159	0.611004	1.289536
-1.520736	470796.276430	4399270.366269	0.867521	0.043310	-0.866439	1543395203.263179	0.726115	0.679090	1.284365
-1.494167	470796.261545	4399270.280550	0.871297	0.066478	-0.868757	1543395203.367689	0.635467	0.580123	1.282635
-1.490634	470796.299198	4399270.173509	0.837233	0.067033	-0.834545	1543395203.456768	0.702402	0.676592	1.279407
-1.466714	470796.221276	4399270.045803	0.815360	0.084586	-0.810961	1543395203.569595	0.577623	0.538408	1.347643
-1.496457	470796.218869	4399269.934230	0.791436	0.059035	-0.789231	1543395203.661919	0.513668	0.547589	1.268415
-1.523131	470796.222539	4399269.826079	0.806428	0.038616	-0.805503	1543395203.774981	0.553106	0.480134	1.356701
-1.519993	470796.350073	4399269.839126	0.741424	0.037574	-0.740471	1543395203.856071	0.712638	0.674052	1.357930
-1.549821	470796.256733	4399269.729867	0.728111	0.015431	-0.727948	1543395203.963886	0.678062	0.493663	1.361576
-1.557644	470796.366934	4399269.573635	0.720492	0.009403	-0.720431	1543395204.176042	0.740581	0.570513	1.367221
-1.560532	470796.361200	4399269.456345	0.723639	0.007687	-0.723598	1543395204.275552	0.715370	0.595193	1.369347
-1.492715	470796.332326	4399269.370320	0.715726	0.055861	-0.713542	1543395204.366211	0.713405	0.482522	1.366447
-1.488868	470796.357928	4399269.282905	0.729890	0.060282	-0.727397	1543395204.455700	0.701637	0.519918	1.373990
-1.486458	470796.438792	4399269.188720	0.743743	0.062437	-0.741117	1543395204.568706	0.692118	0.596392	1.365654
-1.455775	470796.472617	4399269.104206	0.740002	0.084262	-0.735189	1543395204.663646	0.655882	0.632662	1.368506
-1.502935	470796.408982	4399268.986383	0.757754	0.051171	-0.756025	1543395204.764669	0.599885	0.468878	1.363389
-1.488099	470796.429099	4399268.939661	0.802443	0.066095	-0.799717	1543395204.858466	0.751217	0.579009	1.344632
-1.488485	470796.473818	4399268.839463	0.995150	0.081809	-0.991782	1543395204.972326	0.691188	0.579500	1.336646
-1.381101	470796.551357	4399268.734929	0.855099	0.160307	-0.839938	1543395205.056497	0.685350	0.638850	1.336944
-1.406804	470796.522136	4399268.661307	0.987407	0.161519	-0.974107	1543395205.165822	0.682074	0.607600	1.340929
-1.408805	470796.548012	4399268.570097	0.848972	0.137010	-0.837843	1543395205.266018	0.692088	0.566075	1.335781
-1.441125	470796.610358	4399268.458738	0.991684	0.128535	-0.983319	1543395205.375309	0.663600	0.603017	1.321946
-1.461185	470796.631211	4399268.386360	0.852009	0.093336	-0.846881	1543395205.459174	0.674845	0.563049	1.316425
-1.464815	470796.618236	4399268.295361	0.993811	0.105115	-0.988237	1543395205.558483	0.670169	0.573723	1.318007
-1.515330	470796.641752	4399268.200832	0.787312	0.044031	-0.786080	1543395205.668895	0.637439	0.523543	1.313786
-1.508766	470796.734424	4399268.025320	0.847475	0.052860	-0.845825	1543395205.855099	0.670816	0.572577	1.400140
-1.507081	470796.693501	4399267.906065	0.814641	0.051858	-0.812988	1543395205.965881	0.586955	0.451522	1.402539
-1.465349	470796.790382	4399267.859021	0.995195	0.104419	-0.989702	1543395206.059889	0.660370	0.645329	1.404175
-1.394515	470796.843385	4399267.685665	0.657490	0.115788	-0.647215	1543395206.264043	0.668513	0.606078	1.410239
-1.350119	470796.802277	4399267.584990	0.627500	0.137665	-0.612213	1543395206.363254	0.604585	0.523488	1.413750
-1.390088	470796.916642	4399267.513782	0.616820	0.111288	-0.606697	1543395206.457336	0.652231	0.606951	1.412892
-1.319342	470796.996259	4399267.338594	0.746327	0.185165	-0.722992	1543395206.665616	0.627437	0.640866	1.411985
-1.286682	470797.001829	4399267.137611	0.800324	0.224071	-0.768317	1543395206.860763	0.570517	0.491524	1.396100
-1.328704	470797.033186	4399267.065842	0.782768	0.188046	-0.759845	1543395206.967525	0.615780	0.480359	1.410794
-1.351986	470797.074564	4399266.971997	0.740016	0.161457	-0.722188	1543395207.158385	0.777829	0.440929	1.402221
-1.390356	470797.113753	4399266.894175	0.775792	0.139592	-0.763130	1543395207.263484	0.768980	0.421466	1.395367
-1.417552	470797.116082	4399266.843137	0.803163	0.122698	-0.793735	1543395207.368769	0.803218	0.419368	1.286686
-1.331594	470797.181300	4399266.693892	0.858499	0.201793	-0.834446	1543395207.458123	0.702051	0.425251	1.427665
-1.317209	470797.205734	4399266.631303	0.883147	0.221294	-0.854972	1543395207.556967	0.643283	0.481132	1.320590
-1.363043	470797.263770	4399266.621966	0.797989	0.165567	-0.780624	1543395207.668245	0.716098	0.679027	1.322684
-1.405744	470797.173046	4399266.574576	0.685187	0.113340	-0.675748	1543395207.768554	0.725118	0.445484	1.323859
-1.472695	470797.147768	4399266.537728	0.628892	0.062129	-0.625815	1543395207.867233	0.718588	0.474783	1.323237
-1.567049	470797.135671	4399266.321909	0.620706	0.002086	-0.620702	1543395208.064134	0.544558	0.491290	1.435335
-1.606824	470797.103705	4399266.345447	0.651478	-0.023707	-0.651047	1543395208.166734	0.732040	0.546088	1.437282
-1.626958	470797.184521	4399266.228727	0.653144	-0.036561	-0.652120	1543395208.260801	0.708831	0.668481	1.437805
-1.657887	470797.076559	4399266.106185	0.716977	-0.062151	-0.714278	1543395208.370279	0.814326	0.549633	1.434921
-1.709386	470797.055713	4399266.028827	0.772956	-0.106474	-0.765587	1543395208.459181	0.812514	0.738281	1.333299
-1.909844	470797.015065	4399265.961355	0.837135	-0.179685	-0.817624	1543395208.560795	0.936761	0.655348	1.333619
-1.929372	470796.945331	4399265.864042	0.852380	-0.223368	-0.822592	1543395208.660083	0.834476	0.466065	1.335164
-1.805894	470796.917458	4399265.819801	0.875830	-0.221832	-0.847271	1543395208.777436	0.890095	0.552651	1.337622
-1.764157	470796.946552	4399265.765268	0.666205	-0.179538	-0.641556	1543395208.869292	0.829676	0.784611	1.339900
-1.954583	470796.912265	4399265.723674	0.556861	-0.168630	-0.530714	1543395209.059685	0.800690	0.583103	1.334577
-1.912444	470796.932263	4399265.759083	0.397238	-0.119211	-0.378928	1543395209.171823	0.828713	0.589179	1.329406
-1.984287	470796.959606	4399265.731726	0.297645	-0.089388	-0.283906	1543395209.264475	0.797278	0.639422	1.334625
-1.936449	470796.904599	4399265.776194	0.233752	-0.070499	-0.222868	1543395209.366521	0.710330	0.650066	1.333357
-1.934258	470796.920285	4399265.782046	0.222553	-0.070647	-0.211042	1543395209.459662	0.754066	0.579231	1.335014
-1.756964	470796.887304	4399265.691061	0.140702	-0.040817	-0.134652	1543395209.659053	0.732334	0.670091	1.438760
-1.832749	470796.868479	4399265.639381	0.000000	0.000000	0.000000	1543395209.863108	0.725037	0.687266	1.352036
-1.626799	470796.824496	4399265.608747	0.000000	0.000000	0.000000	1543395209.976878	0.755884	0.654036	1.352285
-1.649256	470796.821920	4399265.600966	0.000000	0.000000	0.000000	1543395210.060373	0.739604	0.611921	1.352604
-1.683489	470796.850498	4399265.583337	0.000000	0.000000	0.000000	1543395210.163657	0.737920	0.767677	1.354072
-1.625517	470796.814329	4399265.576756	0.000000	0.000000	0.000000	1543395210.263002	0.850905	0.737599	1.355076
-1.619959	470796.853383	4399265.533988	0.000000	0.000000	0.000000	1543395210.360454	0.654159	0.777652	1.455458
-1.637512	470796.820040	4399265.432267	0.000000	0.000000	0.000000	1543395210.456850	0.616328	0.721299	1.461023
-1.504269	470796.804355	4399265.325528	0.238813	0.015859	-0.238286	1543395210.564069	0.619247	0.741684	1.465856
-1.530005	470796.703422	4399265.192473	0.370689	0.019570	-0.370172	1543395210.655548	0.746661	0.640258	1.468555
-1.565659	470796.699423	4399265.100507	0.523943	0.015517	-0.523713	1543395210.776613	0.760742	0.702821	1.470028
-1.609390	470796.719814	4399265.026091	0.585689	0.003415	-0.585679	1543395210.865116	0.778479	0.771739	1.374699
-1.817838	470796.645100	4399264.814833	1.030711	-0.088765	-1.026882	1543395210.962432	0.904419	0.760703	1.370349
-1.731321	470796.616899	4399264.704777	1.036797	-0.121210	-1.029687	1543395211.067685	0.917569	0.658318	1.372833
-1.709554	470796.618419	4399264.629688	1.038052	-0.129059	-1.029998	1543395211.174244	0.974789	0.684749	1.373347
-1.686679	470796.494969	4399264.589311	0.820058	-0.099862	-0.813955	1543395211.265620	0.879594	0.688271	1.376384
-1.728641	470796.523643	4399264.542647	0.819939	-0.108562	-0.812720	1543395211.368290	0.962149	0.585705	1.386755
-1.611827	470796.556297	4399264.527631	0.740447	-0.081971	-0.735896	1543395211.461598	0.985690	0.772288	1.388028
-1.643380	470796.573076	4399264.392824	0.739908	-0.073047	-0.736294	1543395211.578385	0.789799	0.695279	1.396188
-1.641066	470796.567788	4399264.322511	0.722810	-0.064795	-0.719900	1543395211.657801	0.803793	0.655081	1.397006
-1.615113	470796.582686	4399264.256849	0.709609	-0.054894	-0.707483	1543395211.765548	0.803464	0.623369	1.402773
-1.552209	470796.555071	4399264.137318	0.775117	-0.034128	-0.774365	1543395211.861040	0.827834	0.652152	1.404697
-1.709576	470796.482394	4399264.051452	1.031977	-0.071197	-1.029518	1543395211.973745	0.782520	0.536532	1.407892
-1.551679	470796.596032	4399263.839855	0.822515	-0.032923	-0.821855	1543395212.166311	0.854903	0.720918	1.406689
-1.591983	470796.540940	4399263.567472	0.910808	-0.050428	-0.909411	1543395212.465748	0.901494	0.657539	1.327205
-1.624299	470796.540911	4399263.477506	0.944484	-0.031738	-0.943951	1543395212.566018	0.854206	0.554893	1.429960
-1.557276	470796.599622	4399263.305566	0.757549	-0.015654	-0.757387	1543395212.773509	0.798552	0.608800	1.436850
-1.520657	470796.621377	4399263.234993	0.755937	0.001505	-0.755935	1543395212.866751	0.803564	0.611851	1.438569
-1.550768	470796.659912	4399263.124257	0.756310	0.005211	-0.756292	1543395212.965777	0.805386	0.687910	1.431695
-1.509001	470796.629717	4399263.048825	1.003811	0.021744	-1.003575	1543395213.061144	0.790947	0.624923	1.340215
-1.521293	470796.683795	4399262.943190	1.003956	0.030557	-1.003491	1543395213.168682	0.836035	0.685232	1.343869
-1.566861	470796.664322	4399262.824720	0.887391	0.018795	-0.887192	1543395213.256482	0.885578	0.698538	1.347518
-1.511970	470796.656924	4399262.728420	1.002778	0.017161	-1.002631	1543395213.357051	0.818543	0.610975	1.354691
-1.518508	470796.682434	4399262.638434	1.002187	0.083385	-0.998712	1543395213.461530	0.819271	0.619117	1.359266
-1.509297	470796.722226	4399262.601584	1.000259	0.076786	-0.997308	1543395213.574330	0.928466	0.659892	1.361605
-1.613533	470796.734643	4399262.560138	1.002361	0.033422	-1.001804	1543395213.658234	0.976511	0.629606	1.365111
-1.644687	470796.724104	4399262.388539	0.754942	0.002789	-0.754937	1543395213.757565	0.907201	0.565489	1.369536
-1.536587	470796.768156	4399262.311573	0.751845	0.009291	-0.751787	1543395213.864444	0.822983	0.668638	1.371749
-1.633291	470796.798860	4399262.229077	0.750523	-0.007271	-0.750488	1543395213.969460	0.898733	0.585324	1.377261
-1.598477	470796.797453	4399262.127825	0.998286	-0.015226	-0.998170	1543395214.056904	0.830815	0.634482	1.380372
-1.652666	470796.823221	4399262.048470	0.999578	-0.030466	-0.999114	1543395214.156551	0.851899	0.549023	1.378180
-1.681562	470796.829850	4399261.859613	0.996019	-0.056626	-0.994408	1543395214.368126	0.901330	0.543222	1.390025
-1.596635	470796.885890	4399261.826919	0.996178	-0.049361	-0.994954	1543395214.468147	0.933866	0.599841	1.393144
-1.619100	470796.893354	4399261.788498	0.849790	-0.042228	-0.848740	1543395214.552093	1.018499	0.633512	1.398210
-1.581829	470796.921754	4399261.609751	0.811586	-0.032039	-0.810954	1543395214.654147	0.855753	0.619517	1.401739
-1.536664	470796.964584	4399261.502349	0.795150	-0.013705	-0.795032	1543395214.769018	0.857406	0.630569	1.405305
-1.582120	470796.998614	4399261.440057	0.802118	-0.012368	-0.802023	1543395214.867874	0.830396	0.578668	1.407225
-1.548159	470797.031122	4399261.367375	0.821399	-0.002508	-0.821395	1543395214.957908	0.838016	0.639767	1.410930
-1.599223	470797.046274	4399261.173641	0.883174	0.040611	-0.882240	1543395215.166067	0.845172	0.583764	1.418010
-1.576541	470797.043701	4399261.060136	0.890694	0.025855	-0.890319	1543395215.253191	0.745604	0.526530	1.421322
-1.611123	470797.048809	4399260.976372	0.873416	0.008080	-0.873378	1543395215.361201	0.741622	0.482938	1.426745
-1.591906	470797.149980	4399260.973162	0.845569	0.002387	-0.845565	1543395215.462976	0.879275	0.592929	1.429986
-1.586776	470797.189925	4399260.838849	0.890817	0.052036	-0.889296	1543395215.571052	0.875553	0.624464	1.428184
-1.592973	470797.184174	4399260.751949	0.837668	0.032944	-0.837020	1543395215.655788	0.819043	0.596173	1.432922
-1.584088	470797.229690	4399260.670013	0.853378	0.019288	-0.853160	1543395215.761467	0.840945	0.568480	1.435254
-1.585758	470797.184730	4399260.556048	0.846977	0.009282	-0.846926	1543395215.862776	0.750993	0.526630	1.436783
-1.589394	470797.221472	4399260.514036	0.823713	0.002038	-0.823710	1543395215.971617	0.857778	0.495057	1.442729
-1.615621	470797.221112	4399260.411593	0.837959	-0.010867	-0.837889	1543395216.063766	0.831584	0.504300	1.377295
-1.608600	470797.247882	4399260.357857	0.824075	-0.016986	-0.823899	1543395216.167956	0.898963	0.623239	1.379486
-1.558930	470797.219304	4399260.237959	0.856401	-0.008237	-0.856361	1543395216.256582	0.884164	0.586979	1.382926
-1.528350	470797.242158	4399260.162225	0.843973	0.005156	-0.843957	1543395216.373445	0.853621	0.671124	1.387615
-1.632838	470797.209757	4399260.020813	0.859296	-0.013227	-0.859194	1543395216.465182	0.960023	0.539235	1.397515
-1.578413	470797.230427	4399259.936923	0.882782	-0.011392	-0.882709	1543395216.560066	0.932603	0.563886	1.399796
-1.570305	470797.236265	4399259.861174	0.894135	-0.007816	-0.894100	1543395216.663095	0.954015	0.560095	1.404985
-1.637069	470797.243577	4399259.836125	0.771878	-0.015876	-0.771715	1543395216.779256	0.914559	0.488340	1.318975
-1.660169	470797.243029	4399259.831892	0.503347	-0.016657	-0.503071	1543395216.866548	0.861351	0.491039	1.317539
-1.683342	470797.247280	4399259.794489	0.252088	-0.008555	-0.251942	1543395216.966489	0.844584	0.462158	1.405272
-1.594695	470797.248571	4399259.813063	0.249359	-0.008483	-0.249215	1543395217.063532	0.891729	0.498914	1.404884
-1.718422	470797.246455	4399259.854229	0.249307	-0.008035	-0.249177	1543395217.174700	0.762951	0.501153	1.403360
-1.709363	470797.238694	4399259.872076	0.184301	-0.005935	-0.184205	1543395217.263143	0.767647	0.521904	1.402093
-1.804199	470797.242777	4399259.871100	0.125776	-0.002609	-0.125749	1543395217.360312	0.722896	0.493497	1.402051
-1.741981	470797.241323	4399259.853979	0.000000	0.000000	0.000000	1543395217.463207	0.721051	0.504412	1.401257
-1.739504	470797.204600	4399259.832245	0.000000	0.000000	0.000000	1543395217.571025	0.734586	0.484670	1.401947
-1.742814	470797.206469	4399259.784660	0.249574	-0.042248	-0.245973	1543395217.670113	0.803143	0.500582	1.467498
-1.706720	470797.200029	4399259.695733	0.324825	-0.047750	-0.321296	1543395217.765877	0.751664	0.509852	1.472452
-1.747087	470797.244068	4399259.626586	0.418200	-0.066783	-0.412833	1543395217.862121	0.862023	0.611687	1.410927
-1.631428	470797.221168	4399259.490891	0.400426	-0.052270	-0.397000	1543395217.975175	0.878132	0.564321	1.415080
-1.629866	470797.196123	4399259.481887	0.987573	-0.106186	-0.981848	1543395218.060818	1.011448	0.578848	1.417161
-1.650110	470797.249666	4399259.275119	1.000968	-0.007412	-1.000940	1543395218.161885	0.893626	0.636646	1.333200
-1.645419	470797.235935	4399259.181528	0.642793	-0.019941	-0.642483	1543395218.256036	0.893795	0.591435	1.336084
-1.652034	470797.266072	4399259.171568	0.503287	-0.022179	-0.502798	1543395218.371012	1.017142	0.680012	1.341993
-1.736575	470797.215588	4399259.123830	0.497692	-0.042768	-0.495851	1543395218.459001	0.893890	0.557347	1.340296
-1.799377	470797.197903	4399259.114437	0.254368	-0.015018	-0.253924	1543395218.557567	0.905699	0.546421	1.334921
-1.824728	470797.184566	4399259.134241	0.252130	-0.005506	-0.252070	1543395218.655543	0.869963	0.567044	1.329205
-1.843241	470797.219754	4399259.207817	0.000000	0.000000	0.000000	1543395218.771559	0.886179	0.538471	1.330020
-1.748719	470797.198986	4399259.209700	0.000000	0.000000	0.000000	1543395218.855678	0.774817	0.556845	1.412309
-1.745360	470797.191209	4399259.155162	0.000000	0.000000	0.000000	1543395218.963533	0.814707	0.611648	1.416322
-1.821466	470797.201426	4399259.198340	0.000000	0.000000	0.000000	1543395219.057876	0.836172	0.563221	1.416855
-1.758675	470797.200057	4399259.188870	0.000000	0.000000	0.000000	1543395219.164195	0.766002	0.552929	1.412850
-1.810443	470797.191455	4399259.181915	0.000000	0.000000	0.000000	1543395219.260149	0.822233	0.505867	1.327943
-1.781575	470797.191858	4399259.141005	0.000000	0.000000	0.000000	1543395219.362322	0.830348	0.537530	1.333628
-1.742538	470797.250927	4399259.176573	0.000000	0.000000	0.000000	1543395219.460341	0.869011	0.659362	1.334271
-1.754377	470797.216025	4399259.156624	0.000000	0.000000	0.000000	1543395219.567683	0.860465	0.571169	1.335432
-1.790344	470797.196815	4399259.166322	0.000000	0.000000	0.000000	1543395219.663209	0.821562	0.564145	1.335237
-1.810052	470797.206137	4399259.169037	0.000000	0.000000	0.000000	1543395219.761564	0.761852	0.534618	1.331429
-1.754073	470797.195325	4399259.203985	0.000000	0.000000	0.000000	1543395219.857914	0.813431	0.549001	1.331454
-1.778238	470797.191076	4399259.185599	0.000000	0.000000	0.000000	1543395219.972865	0.783385	0.549144	1.412395
-1.914665	470797.151892	4399259.160560	0.000000	0.000000	0.000000	1543395220.057691	0.831509	0.460896	1.394641
-1.782977	470797.181144	4399259.148488	0.000000	0.000000	0.000000	1543395220.160907	0.904344	0.522673	1.419039
-1.862253	470797.194976	4399259.051649	0.000000	0.000000	0.000000	1543395220.256118	0.919924	0.572610	1.423509
-1.832239	470797.188507	4399258.944993	0.000000	0.000000	0.000000	1543395220.371399	0.804834	0.608290	1.366790
-1.871081	470797.160541	4399258.857566	0.298459	-0.087877	-0.285229	1543395220.460662	0.784637	0.583512	1.435382
-1.810675	470797.147632	4399258.746171	0.420162	-0.111631	-0.405062	1543395220.555922	0.877141	0.617024	1.358273
-1.905183	470797.134106	4399258.614165	0.625719	-0.187109	-0.597088	1543395220.662679	0.844553	0.581569	1.364716
-1.843444	470797.129492	4399258.525587	0.580950	-0.170337	-0.555417	1543395220.774339	0.993464	0.642397	1.376026
-1.709526	470797.053037	4399258.390494	0.450846	-0.125451	-0.433040	1543395220.857137	0.842693	0.574010	1.372055
-1.747416	470797.093468	4399258.339201	0.486732	-0.118088	-0.472190	1543395220.965473	0.879964	0.616816	1.306783
-1.689836	470797.038332	4399258.396278	0.494469	-0.101042	-0.484035	1543395221.061245	1.064041	0.556785	1.318048
-1.665451	470797.035471	4399258.213642	0.523333	-0.085662	-0.516274	1543395221.177608	0.781244	0.550417	1.322065
-1.692835	470797.083753	4399258.166079	0.250636	-0.038819	-0.247612	1543395221.362605	0.754153	0.672258	1.387410
-1.698307	470797.048301	4399258.174704	0.200491	-0.033081	-0.197743	1543395221.456513	0.757938	0.580766	1.387180
-1.713278	470797.092890	4399258.185017	0.145715	-0.023951	-0.143733	1543395221.569248	0.731292	0.658140	1.386552
-1.676348	470797.049300	4399258.212019	0.000000	0.000000	0.000000	1543395221.664122	0.753980	0.560845	1.381565
-1.673526	470797.048836	4399258.195991	0.000000	0.000000	0.000000	1543395221.761831	0.698640	0.595727	1.381355
-1.661395	470797.076830	4399258.194647	0.000000	0.000000	0.000000	1543395221.855964	0.742670	0.651544	1.379735
-1.682171	470797.039497	4399258.254156	0.000000	0.000000	0.000000	1543395221.973126	0.848053	0.590027	1.380790
-1.689185	470797.033500	4399258.199351	0.000000	0.000000	0.000000	1543395222.066144	0.756507	0.584503	1.386258
-1.715515	470797.043309	4399258.190305	0.000000	0.000000	0.000000	1543395222.161045	0.755340	0.580602	1.385192
-1.661400	470797.042353	4399258.195120	0.000000	0.000000	0.000000	1543395222.256993	0.773652	0.593988	1.385844
-1.675513	470797.029234	4399258.179843	0.000000	0.000000	0.000000	1543395222.369038	0.700555	0.585348	1.385997
-1.688450	470797.054135	4399258.203359	0.000000	0.000000	0.000000	1543395222.462970	0.749382	0.564518	1.385795
-1.711064	470797.032407	4399258.200198	0.000000	0.000000	0.000000	1543395222.566572	0.734977	0.539018	1.384458
-1.692914	470797.053276	4399258.200612	0.000000	0.000000	0.000000	1543395222.662209	0.729317	0.572279	1.386231
-1.709861	470797.059218	4399258.270947	0.000000	0.000000	0.000000	1543395222.776774	0.895667	0.545103	1.387032
-1.689297	470797.042280	4399258.201235	0.000000	0.000000	0.000000	1543395222.863855	0.767334	0.566881	1.387263
-1.687412	470797.038527	4399258.191836	0.000000	0.000000	0.000000	1543395222.961338	0.742142	0.538336	1.387482
-1.681512	470797.049326	4399258.203497	0.000000	0.000000	0.000000	1543395223.064123	0.761679	0.577844	1.385594
-1.680424	470797.105904	4399258.372841	0.000000	0.000000	0.000000	1543395223.176316	1.095034	0.697139	1.386082
-1.672138	470797.093082	4399258.188494	0.000000	0.000000	0.000000	1543395223.264576	0.721339	0.651287	1.383712
-1.710055	470797.041807	4399258.188555	0.000000	0.000000	0.000000	1543395223.365323	0.726337	0.591153	1.386676
-1.671419	470797.056322	4399258.193283	0.000000	0.000000	0.000000	1543395223.461782	0.731672	0.623118	1.381365
-1.685118	470797.086089	4399258.186485	0.000000	0.000000	0.000000	1543395223.571243	0.725306	0.629866	1.388353
-1.712886	470797.028880	4399258.203650	0.000000	0.000000	0.000000	1543395223.663815	0.755915	0.580841	1.386379
-1.737807	470797.044635	4399258.198188	0.000000	0.000000	0.000000	1543395223.764503	0.749216	0.548975	1.386246
-1.671073	470797.071936	4399258.230779	0.000000	0.000000	0.000000	1543395223.973433	0.806418	0.634332	1.386540
-1.705063	470797.081098	4399258.167843	0.000000	0.000000	0.000000	1543395224.065962	0.716927	0.658550	1.385995
-1.719873	470797.019212	4399258.149565	0.000000	0.000000	0.000000	1543395224.162831	0.706097	0.572578	1.386164
-1.637748	470797.089095	4399258.090929	0.000000	0.000000	0.000000	1543395224.258738	0.665370	0.745443	1.388057
-1.694028	470797.076232	4399258.051094	0.147537	-0.018135	-0.146418	1543395224.370797	0.685909	0.724088	1.391462
-1.708667	470797.037578	4399257.908451	0.305103	-0.040922	-0.302346	1543395224.559514	0.743178	0.682575	1.397049
-1.721110	470797.031255	4399257.844409	0.435551	-0.062018	-0.431113	1543395224.662270	0.749532	0.705805	1.401952
-1.741561	470796.982531	4399257.737033	0.522922	-0.080358	-0.516711	1543395224.774144	0.755906	0.633223	1.397792
-1.814628	470796.956483	4399257.699948	0.523107	-0.095379	-0.514338	1543395224.855354	0.749890	0.571862	1.338459
-2.199450	470796.949764	4399257.666107	0.481157	-0.148540	-0.457655	1543395224.963541	0.948438	0.432731	1.342649
-2.125536	470796.937440	4399257.618141	0.455158	-0.172039	-0.421392	1543395225.061052	0.953858	0.466803	1.345580
-1.884556	470796.983444	4399257.598731	0.460747	-0.163900	-0.430609	1543395225.174196	0.815507	0.624561	1.403301
-1.894057	470796.958501	4399257.491156	0.560676	-0.189643	-0.527630	1543395225.262460	0.764319	0.626659	1.399087
-1.946300	470796.951366	4399257.458767	0.569620	-0.197739	-0.534197	1543395225.364392	0.871914	0.571659	1.392362
-1.710040	470796.956777	4399257.394382	0.657507	-0.172898	-0.634367	1543395225.454169	0.948409	0.690504	1.431449
-1.799554	470796.942880	4399257.206567	0.491181	-0.127597	-0.474318	1543395225.569124	0.806887	0.669944	1.436329
-1.930877	470796.892114	4399257.100793	0.655571	-0.199522	-0.624471	1543395225.665640	0.820715	0.575224	1.386673
-2.050659	470796.851719	4399256.959130	0.788268	-0.189616	-0.765122	1543395225.763081	0.781052	0.555091	1.392432
-1.900647	470796.874515	4399256.898495	0.693323	-0.178638	-0.669915	1543395225.861731	0.888055	0.593268	1.398865
-1.787549	470796.869054	4399256.787787	1.034780	-0.248916	-1.004396	1543395225.970213	0.898727	0.655808	1.336319
-1.787433	470796.851795	4399256.749083	1.037934	-0.240968	-1.009575	1543395226.062564	0.929151	0.582037	1.341923
-1.810494	470796.822166	4399256.634306	1.039235	-0.243111	-1.010399	1543395226.162066	0.850272	0.594383	1.343848
-1.811209	470796.815678	4399256.510860	0.760159	-0.178495	-0.738905	1543395226.262516	0.734818	0.451274	1.351364
-1.792335	470796.750207	4399256.442014	0.716382	-0.165123	-0.697093	1543395226.372622	0.717928	0.497536	1.419792
-1.621604	470796.875837	4399256.362573	0.708108	-0.124598	-0.697060	1543395226.463208	0.665188	0.638034	1.420242
-1.553425	470796.808974	4399256.250284	0.785483	-0.078880	-0.781513	1543395226.556821	0.676802	0.526718	1.432596
-1.479151	470796.837332	4399256.162513	0.797043	-0.035090	-0.796270	1543395226.660710	0.629236	0.596521	1.373012
-1.897181	470796.806173	4399256.096962	1.034036	-0.141742	-1.024275	1543395226.770745	0.860981	0.484129	1.381272
-1.858085	470796.747134	4399255.867609	1.038128	-0.224222	-1.013624	1543395226.966306	0.754637	0.442559	1.393857
-2.073349	470796.798038	4399255.782442	1.033621	-0.315687	-0.984233	1543395227.064649	0.957492	0.422086	1.397475
-1.622078	470796.845626	4399255.686028	0.805102	-0.196984	-0.780632	1543395227.171985	0.781326	0.651593	1.403061
-1.789681	470796.771518	4399255.555343	0.788514	-0.186110	-0.766235	1543395227.261242	0.815142	0.503845	1.360776
-1.781299	470796.804592	4399255.486838	0.736574	-0.168394	-0.717066	1543395227.363058	0.901768	0.534922	1.366706
-1.755006	470796.820774	4399255.413931	0.733442	-0.156604	-0.716528	1543395227.464705	0.897579	0.538224	1.373961
-1.724030	470796.822123	4399255.356796	0.747920	-0.145240	-0.733682	1543395227.568672	0.844902	0.511549	1.379479
-1.709663	470796.831221	4399255.280615	0.767291	-0.133764	-0.755541	1543395227.663766	0.805397	0.496404	1.384704
-1.665470	470796.841547	4399255.174693	0.675113	-0.105998	-0.666740	1543395227.762232	0.891152	0.514662	1.391159
-1.506220	470796.903417	4399255.127728	0.990435	-0.079589	-0.987232	1543395227.862612	0.887018	0.657834	1.391372
-1.687300	470796.901194	4399255.048034	0.994061	-0.089791	-0.989998	1543395227.976616	0.920711	0.555432	1.397585
-1.837081	470796.869145	4399254.892138	0.729727	-0.103373	-0.722368	1543395228.062787	0.957530	0.449659	1.409882
-1.701013	470796.883563	4399254.841608	0.751645	-0.103878	-0.744433	1543395228.175162	0.864411	0.512874	1.373231
-1.791481	470796.911967	4399254.771026	0.726058	-0.117893	-0.716423	1543395228.261676	0.958094	0.502815	1.380880
-1.936821	470796.902684	4399254.629359	0.807164	-0.054912	-0.805294	1543395228.378762	0.883839	0.441510	1.386808
-1.742942	470796.930489	4399254.552011	0.990553	-0.099526	-0.985540	1543395228.463078	0.917720	0.530113	1.392550
-1.703245	470796.963108	4399254.474688	0.988503	-0.111205	-0.982228	1543395228.573200	0.870379	0.589651	1.399438
-1.566994	470796.985204	4399254.374730	0.994778	-0.073453	-0.992062	1543395228.667056	0.797797	0.640658	1.406697
-1.709282	470796.989964	4399254.392923	0.991846	-0.091203	-0.987644	1543395228.777106	1.107984	0.545169	1.422376
-1.702476	470796.968280	4399254.208978	0.999202	-0.035448	-0.998573	1543395228.867215	0.898753	0.498651	1.429978
-1.637543	470796.988893	4399254.113897	0.998300	-0.042227	-0.997407	1543395228.973978	0.890636	0.531743	1.436141
-1.668453	470797.007798	4399254.106070	0.996010	-0.056811	-0.994388	1543395229.064130	1.048641	0.536815	1.392306
-1.608072	470797.033138	4399253.900420	0.998781	-0.051610	-0.997447	1543395229.173687	0.786323	0.592841	1.402971
-1.602222	470797.053304	4399253.845399	0.877920	-0.040837	-0.876969	1543395229.264558	0.878599	0.611279	1.406698
-1.620956	470797.061287	4399253.754645	0.916193	-0.006052	-0.916173	1543395229.378759	0.855782	0.610082	1.376047
-1.753916	470797.044091	4399253.658926	0.882834	-0.052722	-0.881258	1543395229.461794	0.881903	0.479453	1.380159
-1.428849	470797.114352	4399253.535117	0.874993	0.003978	-0.874984	1543395229.577287	0.811324	0.668202	1.386486
-1.458260	470797.123492	4399253.526137	0.862255	0.033138	-0.861618	1543395229.665095	0.952642	0.675056	1.396209
-1.434771	470797.160242	4399253.419033	0.839094	0.058091	-0.837081	1543395229.777008	0.904783	0.690435	1.399491
-1.517292	470797.102820	4399253.300802	0.932694	0.107403	-0.926490	1543395229.861926	0.830896	0.492293	1.401722
-1.449768	470797.171465	4399253.236919	0.851652	0.099466	-0.845824	1543395229.979799	0.868235	0.652500	1.408333
-1.522315	470797.131842	4399253.096957	0.955136	0.086202	-0.951238	1543395230.063851	0.785689	0.555799	1.370373
-1.645102	470797.147759	4399253.020547	0.999317	0.053513	-0.997884	1543395230.165201	0.807571	0.463233	1.381624
-1.610889	470797.197120	4399252.969548	0.794323	0.022956	-0.793991	1543395230.263211	0.897135	0.517155	1.393260
-1.698998	470797.217815	4399252.948277	0.808026	-0.020739	-0.807760	1543395230.370734	1.056698	0.497455	1.403217
-1.709227	470797.237405	4399252.795003	0.787272	-0.046019	-0.785926	1543395230.469475	0.944507	0.508590	1.399451
-1.610728	470797.247315	4399252.681293	0.785714	-0.041184	-0.784633	1543395230.563404	0.874681	0.525357	1.386490
-1.660855	470797.276617	4399252.616364	0.836332	-0.054894	-0.834529	1543395230.665372	0.926441	0.501821	1.390045
-1.690551	470797.296774	4399252.554163	0.848654	-0.068892	-0.845853	1543395230.771802	1.030316	0.494071	1.399363
-1.671082	470797.332187	4399252.451326	0.988781	-0.085441	-0.985083	1543395230.865840	1.013910	0.512779	1.408586
-1.684941	470797.345449	4399252.396093	0.808617	-0.077162	-0.804927	1543395230.962096	1.006251	0.495130	1.412509
-1.538991	470797.403231	4399252.220626	0.760228	-0.046615	-0.758798	1543395231.067658	0.867763	0.581078	1.419771
-1.466388	470797.420434	4399252.193153	0.779312	-0.004541	-0.779298	1543395231.173578	1.007590	0.619168	1.397790
-2.109447	470797.452110	4399252.040350	0.597432	0.044513	-0.595771	1543395231.364947	1.028425	0.658991	1.378963
-1.676832	470797.442735	4399251.975685	0.667716	0.004323	-0.667702	1543395231.462791	0.992126	0.527176	1.390520
-1.722471	470797.450117	4399251.835139	0.859608	0.051408	-0.858070	1543395231.579261	0.913097	0.566597	1.403955
-1.663617	470797.492708	4399251.740494	0.817486	0.014224	-0.817362	1543395231.666551	0.987024	0.565406	1.413366
-1.698410	470797.520605	4399251.634292	0.782523	-0.015230	-0.782375	1543395231.773583	0.906102	0.495573	1.387122
-1.692031	470797.559776	4399251.617197	0.717519	-0.034178	-0.716704	1543395231.863440	0.950704	0.527844	1.397033
-1.652708	470797.574184	4399251.469313	0.775383	-0.047088	-0.773952	1543395231.975603	0.820806	0.504301	1.407860
-1.688807	470797.613479	4399251.414342	0.793434	-0.063705	-0.790873	1543395232.064776	0.892273	0.504468	1.388969
-1.702670	470797.625623	4399251.381370	0.742043	-0.070320	-0.738704	1543395232.175184	1.037501	0.519877	1.397390
-1.649930	470797.650584	4399251.294066	0.988706	-0.089104	-0.984682	1543395232.262564	1.002337	0.509138	1.412832
-1.621034	470797.695065	4399251.180215	0.992066	-0.077643	-0.989023	1543395232.374795	0.974165	0.542185	1.375758
-1.574465	470797.709149	4399251.038065	0.763226	-0.040695	-0.762140	1543395232.463321	0.939791	0.589029	1.389181
-1.594216	470797.701268	4399250.969838	0.747316	-0.032964	-0.746589	1543395232.579161	0.991444	0.488923	1.392962
-1.663657	470797.762622	4399250.882957	0.755692	-0.044135	-0.754402	1543395232.666831	0.935495	0.546850	1.378003
-1.674058	470797.767031	4399250.735085	0.872584	-0.067392	-0.869978	1543395232.777906	0.853098	0.487104	1.367590
-1.595013	470797.819420	4399250.655231	0.913079	-0.054007	-0.911480	1543395232.870280	0.898205	0.499286	1.399514
-1.613701	470797.812230	4399250.568581	0.912955	-0.049554	-0.911609	1543395232.973649	0.883908	0.546411	1.408394
-1.607825	470797.877315	4399250.510449	0.993115	-0.047705	-0.991968	1543395233.066954	0.981321	0.525836	1.337829
-1.615197	470797.889257	4399250.387097	0.952040	-0.044766	-0.950987	1543395233.174411	0.898099	0.498750	1.272386
-1.553029	470797.919249	4399250.381058	0.908226	-0.024805	-0.907887	1543395233.266951	0.876913	0.514009	1.296316
-1.555965	470797.961151	4399250.319521	0.748713	-0.010974	-0.748633	1543395233.381256	0.742090	0.526255	1.265893
-1.689302	470798.001289	4399250.273912	0.875992	-0.035029	-0.875291	1543395233.461041	0.712417	0.486798	1.245262
-1.656914	470798.041601	4399250.190406	0.741126	-0.030179	-0.740511	1543395233.577977	0.527790	0.505820	1.655706
-1.998682	470798.027350	4399250.186574	0.667699	-0.027230	-0.667144	1543395233.668059	0.556538	0.355410	0.572972
-1.088945	470798.167745	4399250.102067	0.656730	0.016437	-0.656524	1543395233.778037	0.235552	0.208861	1.541729
-0.969420	470798.167395	4399250.026567	0.609335	-0.093107	-0.602179	1543395233.868305	0.197096	0.186048	1.479016
