front	position-x	position-y	speed	speed-x	speed-y	timestamp	v-x	v-y	v-z
-1.398799	470937.345027	4398734.548845	0.000000	0.000000	0.000000	1543308711.911409	2.544352	1.660602	1.942381
-1.399773	470937.345830	4398734.544794	0.000000	0.000000	0.000000	1543308712.024611	2.555101	1.658746	1.943127
-1.400633	470937.296221	4398734.881805	0.000000	0.000000	0.000000	1543308712.107370	3.351432	1.760253	1.942192
-1.401757	470937.346690	4398734.551198	0.000000	0.000000	0.000000	1543308712.205117	2.562819	1.659983	1.942235
-1.402206	470937.317247	4398734.555210	0.000000	0.000000	0.000000	1543308712.306168	2.582246	1.703639	1.942769
-1.401776	470937.306300	4398734.885085	0.000000	0.000000	0.000000	1543308712.416800	3.338335	1.768696	1.943558
-1.400655	470937.309039	4398734.886470	0.000000	0.000000	0.000000	1543308712.508915	3.355374	1.786664	1.942964
-1.398955	470937.268553	4398734.897625	0.000000	0.000000	0.000000	1543308712.710308	3.360827	1.720398	1.941924
-1.399868	470937.342995	4398734.560087	0.000000	0.000000	0.000000	1543308712.812198	2.568959	1.663349	1.943529
-1.401034	470937.340526	4398734.572451	0.000000	0.000000	0.000000	1543308712.911008	2.587510	1.657868	1.945061
-1.401865	470937.384863	4398734.502606	0.000000	0.000000	0.000000	1543308713.021195	2.410094	1.809846	1.955975
-1.404507	470937.338775	4398734.678476	0.000000	0.000000	0.000000	1543308713.108395	2.634125	1.764403	1.976761
-1.405770	470937.261994	4398734.938121	0.000000	0.000000	0.000000	1543308713.210436	3.206053	1.708429	2.000558
-1.405317	470937.275153	4398734.931996	0.000000	0.000000	0.000000	1543308713.311352	3.179911	1.701509	2.026935
-1.403695	470937.281832	4398734.948097	0.000000	0.000000	0.000000	1543308713.423624	3.194870	1.811010	2.045148
-1.407392	470937.269786	4398734.914838	0.000000	0.000000	0.000000	1543308713.512212	3.142435	1.680332	2.050972
-1.410688	470937.287181	4398734.928145	0.000000	0.000000	0.000000	1543308713.615611	3.159179	1.802522	2.049896
-1.411159	470937.414703	4398734.257891	0.000000	0.000000	0.000000	1543308713.713636	1.780084	1.814774	1.857459
-1.412865	470937.299014	4398734.972913	0.000000	0.000000	0.000000	1543308713.818033	3.179523	1.772406	1.868561
-1.414951	470937.289136	4398734.994936	0.000000	0.000000	0.000000	1543308713.909557	3.198221	1.693533	1.878388
-1.415204	470937.276227	4398735.026048	0.000000	0.000000	0.000000	1543308714.023615	3.216906	1.727378	1.887759
-1.413812	470937.268240	4398735.042852	0.535947	0.040594	0.534407	1543308714.111169	3.224667	1.671020	1.891223
-1.412865	470937.282961	4398735.105566	0.355892	-0.013352	0.355642	1543308714.217773	3.252153	1.678731	1.889953
-1.411835	470937.233731	4398735.157633	0.767878	0.024601	0.767484	1543308714.311949	3.238030	1.675581	1.887320
-1.408920	470937.268697	4398735.263605	0.606301	-0.040966	0.604916	1543308714.418055	3.258390	1.762452	1.892117
-1.409226	470937.226218	4398735.332209	0.916929	-0.062185	0.914818	1543308714.515526	3.254294	1.790695	1.894692
-1.409516	470937.244838	4398735.249957	1.396344	-0.078735	1.394122	1543308714.719523	2.632656	1.664979	1.890021
-1.410085	470937.194190	4398735.700601	1.475257	-0.133991	1.469159	1543308714.808542	3.243104	1.722154	1.882453
-1.412582	470937.168264	4398735.980542	1.421041	-0.160675	1.411928	1543308715.016812	3.209838	1.646557	1.871053
-1.415397	470937.175444	4398736.104897	1.476825	-0.053745	1.475847	1543308715.118314	3.203806	1.736618	1.877172
-1.418575	470937.130421	4398736.255038	1.601672	-0.262459	1.580022	1543308715.217672	3.243960	1.761484	1.877180
-1.421259	470937.186086	4398736.384352	1.663101	-0.239151	1.645816	1543308715.319770	3.278741	1.756939	1.889322
-1.422263	470937.281533	4398736.564706	1.734374	-0.126936	1.729723	1543308715.419634	3.271405	1.974182	1.898878
-1.423449	470937.101334	4398736.703359	1.835790	-0.251312	1.818506	1543308715.517011	3.256017	1.633768	1.892408
1.627517	470937.192041	4398736.689758	1.956687	-0.111411	1.953513	1543308715.720471	2.308744	1.848888	1.921425
1.613818	470937.169707	4398736.924179	2.055273	-0.088634	2.053361	1543308715.816610	2.339018	1.822104	1.922218
1.639253	470937.107919	4398737.122820	2.371315	-0.162019	2.365773	1543308715.920610	2.282042	1.741246	1.915524
1.639357	470937.079877	4398737.849112	2.428546	-0.166395	2.422839	1543308716.014337	3.232396	1.800242	1.932144
1.653154	470937.043683	4398738.085914	2.796840	-0.229934	2.787372	1543308716.120324	3.156987	1.818763	1.954732
1.657301	470937.046832	4398738.390443	2.870270	-0.247944	2.859541	1543308716.219910	3.201489	2.067788	1.969980
1.645796	470937.003531	4398738.715600	2.952042	-0.221513	2.943719	1543308716.322456	3.243628	1.964350	1.968472
1.644114	470937.023077	4398739.017493	3.356389	-0.245948	3.347365	1543308716.412626	3.156641	1.964006	1.963561
1.643788	470936.932493	4398739.392927	3.692980	-0.269345	3.683145	1543308716.522220	3.231077	1.968386	1.970604
1.648395	470936.951334	4398739.746031	3.784049	-0.293449	3.772654	1543308716.618185	3.232912	2.078587	1.984930
1.660979	470936.865323	4398740.081392	3.988682	-0.359071	3.972487	1543308716.720722	3.195700	1.824676	1.978267
1.648204	470936.898942	4398740.456530	4.074692	-0.315512	4.062459	1543308716.811733	3.235112	2.131187	1.980829
1.671586	470936.918702	4398740.825808	3.944037	-0.396451	3.924061	1543308716.915964	3.222904	1.977381	1.985075
1.641896	470936.791810	4398741.205380	4.126499	-0.293634	4.116038	1543308717.024739	3.279101	1.922602	1.975174
1.648755	470936.775560	4398741.543530	3.972805	-0.309125	3.960761	1543308717.118073	3.214397	2.079019	1.976642
1.656216	470936.785819	4398741.931524	4.080660	-0.347745	4.065816	1543308717.223516	3.265486	1.975841	1.981851
1.633800	470936.729703	4398742.660089	3.218130	-0.203313	3.211701	1543308717.410223	3.214934	1.876955	1.989098
1.663430	470936.615255	4398743.041190	3.425001	-0.316437	3.410352	1543308717.521767	3.223836	1.781839	1.993911
1.665964	470936.661851	4398743.399481	3.455663	-0.328321	3.440031	1543308717.617404	3.223880	2.064203	2.010155
1.667369	470936.528943	4398743.791259	4.015456	-0.387138	3.996750	1543308717.720016	3.276349	1.800263	2.011354
1.657288	470936.471284	4398744.138355	4.099787	-0.354248	4.084454	1543308717.809477	3.158340	1.921269	1.998942
1.641070	470936.510935	4398744.556100	3.942264	-0.277135	3.932511	1543308717.914916	3.208552	2.051038	1.987486
1.655326	470936.465361	4398745.374239	4.216318	-0.356060	4.201257	1543308718.121325	3.203821	1.935121	1.944681
1.673750	470936.444297	4398745.314333	4.305319	-0.442187	4.282551	1543308718.215912	2.249712	1.751186	1.918072
1.652339	470936.391268	4398745.751794	4.477368	-0.365354	4.462437	1543308718.319444	2.249421	1.754460	1.910337
1.647265	470936.326208	4398746.650878	4.475151	-0.342335	4.462038	1543308718.411021	3.177889	1.780967	1.932336
1.631615	470936.323437	4398747.104231	4.464961	-0.272079	4.456664	1543308718.518181	3.178995	1.918322	1.930703
1.625780	470936.348061	4398747.097206	4.775623	-0.262536	4.768402	1543308718.618202	2.239370	1.804100	1.906896
1.646123	470936.271416	4398748.060237	4.869748	-0.365649	4.856001	1543308718.718417	3.245411	1.901557	1.939130
1.653412	470936.155632	4398748.494892	4.942944	-0.407031	4.926157	1543308718.811804	3.174023	1.883883	1.955664
1.642928	470936.100250	4398749.000672	4.558886	-0.328098	4.547064	1543308718.918714	3.212867	1.868996	1.953568
1.627970	470936.156015	4398749.517221	5.168287	-0.294990	5.159862	1543308719.023697	3.192285	1.799814	1.954053
1.646711	470936.100784	4398749.995620	5.236051	-0.396095	5.221048	1543308719.117542	3.316001	1.845001	1.967591
1.638891	470936.073126	4398750.541583	5.392524	-0.367064	5.380017	1543308719.218677	3.241411	1.771072	1.956609
1.657766	470936.005427	4398751.073596	5.466841	-0.474331	5.446225	1543308719.318145	3.258441	1.737979	1.949091
1.664155	470936.021866	4398751.542814	5.524250	-0.514538	5.500235	1543308719.413513	3.320458	2.053854	1.959515
1.644575	470935.902365	4398752.132892	5.441609	-0.401516	5.426775	1543308719.517256	3.209313	1.786243	1.932473
1.664042	470935.890956	4398752.692038	4.970798	-0.462127	4.949269	1543308719.615849	3.236811	1.943616	1.907480
1.633959	470935.842077	4398753.280061	5.589022	-0.353500	5.577832	1543308719.717743	3.287189	2.084084	1.918745
1.668904	470935.757836	4398753.792877	5.657893	-0.553486	5.630756	1543308719.809578	3.191439	1.928069	1.922669
1.656112	470935.824852	4398754.346721	5.809226	-0.495497	5.788055	1543308719.918670	3.344306	2.004305	1.956129
1.638683	470935.681455	4398754.934783	5.869106	-0.399025	5.855526	1543308720.013501	3.272079	1.821574	1.988830
1.654866	470935.675960	4398755.539005	5.950521	-0.499387	5.929529	1543308720.119757	3.268841	1.958110	1.990710
1.664327	470935.539826	4398756.128957	6.084732	-0.568232	6.058142	1543308720.216880	3.283561	1.717943	1.957572
1.672932	470935.525127	4398756.701060	6.168661	-0.629027	6.136506	1543308720.319353	3.270172	1.890282	1.928007
1.655716	470935.463863	4398757.346749	6.226685	-0.528899	6.204182	1543308720.412796	3.311795	2.120878	1.945995
1.645979	470935.371309	4398757.953013	6.361550	-0.478332	6.343541	1543308720.518837	3.290941	1.873161	1.928802
1.633958	470935.404346	4398759.225029	6.488010	-0.409918	6.475047	1543308720.716839	3.245245	1.927888	1.978226
1.641120	470935.352692	4398759.876504	6.599227	-0.463414	6.582936	1543308720.818163	3.251218	1.948203	1.964840
1.647889	470935.235432	4398760.519819	6.649038	-0.511847	6.629307	1543308720.920129	3.217107	1.816559	1.986688
1.648462	470935.182209	4398760.940209	6.701268	-0.519902	6.681070	1543308721.020682	2.752645	1.759555	1.983665
1.647097	470935.174942	4398761.590379	6.797236	-0.518239	6.777452	1543308721.121237	2.753349	1.752323	1.985370
1.649342	470935.056994	4398762.502247	6.847721	-0.537299	6.826609	1543308721.220124	3.236735	1.736682	1.974823
1.644474	470935.042508	4398763.155240	6.896946	-0.507909	6.878219	1543308721.319090	3.232348	1.810143	1.964414
1.645258	470935.006492	4398763.847976	6.986974	-0.519767	6.967614	1543308721.424007	3.249516	2.033091	1.949641
1.652869	470934.982582	4398764.523957	7.031949	-0.576207	7.008302	1543308721.520560	3.239657	1.874728	1.935260
1.651901	470934.851826	4398765.219303	7.072519	-0.573085	7.049263	1543308721.617507	3.268173	1.792509	1.908513
1.654626	470934.773617	4398765.913813	7.114418	-0.595617	7.089442	1543308721.719302	3.264200	1.892541	1.905513
1.645695	470934.813955	4398766.622859	7.189398	-0.538296	7.169218	1543308721.822872	3.281995	1.950828	2.055276
1.652692	470934.674788	4398767.304050	7.226179	-0.590786	7.201988	1543308721.920262	3.266045	1.849777	2.048704
1.649060	470934.677303	4398768.021800	7.254401	-0.567172	7.232195	1543308722.017206	3.237554	2.064051	2.045141
1.640012	470934.685298	4398768.726016	7.310790	-0.505850	7.293268	1543308722.121013	3.217212	1.907408	1.909600
1.642918	470934.568964	4398769.406708	7.340044	-0.528744	7.320975	1543308722.216160	3.284086	1.868482	1.925765
1.642636	470934.516922	4398770.098772	7.358421	-0.528096	7.339447	1543308722.318995	3.362437	1.860471	1.930935
1.666524	470934.426603	4398770.844498	7.401867	-0.706610	7.368062	1543308722.415833	3.354130	1.872698	1.933025
1.639622	470934.377951	4398771.549584	7.422904	-0.511487	7.405261	1543308722.516011	3.347130	1.826687	1.923546
1.641552	470934.340601	4398772.316734	7.443637	-0.526183	7.425016	1543308722.615093	3.384786	1.878038	1.920637
1.651464	470934.277249	4398773.053247	7.487375	-0.602984	7.463055	1543308722.718552	3.340462	1.820158	2.054492
1.635039	470934.234513	4398773.838696	7.508520	-0.482708	7.492988	1543308722.819943	3.254763	1.931939	2.016805
1.653565	470934.091536	4398774.573130	7.539593	-0.622930	7.513815	1543308722.920527	3.255902	1.893981	1.999492
1.651009	470934.154897	4398775.336786	7.419851	-0.595034	7.395954	1543308723.012923	3.253063	1.934257	2.008557
1.654156	470934.048445	4398776.104338	7.519223	-0.626317	7.493093	1543308723.117060	3.434581	1.819310	2.024801
1.650143	470934.031393	4398776.776557	7.620183	-0.604136	7.596197	1543308723.216173	3.356133	1.952014	2.029274
1.653604	470933.912538	4398777.537969	7.413899	-0.612657	7.388542	1543308723.322471	3.378671	1.842911	2.023161
1.651548	470933.874165	4398778.366622	7.593964	-0.612146	7.569252	1543308723.408072	3.447420	1.892661	2.039152
1.653455	470933.798761	4398779.061960	7.639477	-0.630257	7.613435	1543308723.516225	3.301906	1.921141	2.037228
1.656781	470933.693528	4398780.606622	7.812619	-0.670788	7.783769	1543308723.719958	3.263482	1.946427	2.033578
1.662326	470933.576278	4398781.354415	7.799217	-0.712604	7.766594	1543308723.815898	3.339429	1.895514	2.025748
1.659601	470933.474442	4398782.125177	7.794631	-0.691368	7.763909	1543308723.916849	3.258097	1.807697	2.039436
1.657332	470933.459754	4398782.892829	7.818476	-0.675895	7.789207	1543308724.018943	3.258590	1.805722	2.035479
1.659574	470933.349597	4398783.691383	7.731545	-0.685724	7.701076	1543308724.117950	3.283555	1.866640	2.022264
1.655011	470933.329999	4398784.516938	7.703746	-0.648327	7.676416	1543308724.218453	3.397639	1.893887	1.992975
1.659588	470933.157919	4398786.076218	7.892630	-0.699556	7.861567	1543308724.414795	3.431071	1.808433	1.964644
1.658398	470933.106049	4398786.843208	7.659120	-0.670267	7.629735	1543308724.519583	3.430767	1.829057	1.974969
1.652677	470933.064036	4398787.565301	7.601242	-0.622115	7.575741	1543308724.618827	3.380096	1.898131	2.004970
1.663115	470932.971211	4398788.363378	7.925946	-0.730268	7.892232	1543308724.719324	3.320415	1.927277	1.991065
1.651199	470932.920611	4398789.137144	7.654259	-0.615127	7.629502	1543308724.824563	3.309590	1.886407	1.996184
1.652379	470932.772049	4398790.727771	7.521779	-0.613273	7.496737	1543308725.021333	3.348766	2.050009	2.030914
1.657265	470932.723427	4398791.628388	7.570928	-0.653460	7.542675	1543308725.116086	3.556126	2.169116	2.035742
1.655493	470932.670080	4398792.298368	7.717828	-0.652761	7.690174	1543308725.217438	3.303608	2.029080	2.030015
1.656730	470932.510720	4398793.124619	7.696185	-0.660294	7.667808	1543308725.319949	3.390304	1.934291	2.021929
1.660334	470932.476514	4398794.719464	7.971661	-0.712665	7.939741	1543308725.521319	3.405713	1.923314	2.049792
1.653742	470932.434994	4398795.419630	7.964532	-0.660111	7.937129	1543308725.618629	3.434159	1.914566	2.053594
1.649759	470932.313912	4398796.243310	7.668327	-0.604994	7.644424	1543308725.720565	3.524416	2.049237	2.032459
1.656766	470932.251928	4398797.051814	7.814066	-0.670574	7.785240	1543308725.819466	3.325465	2.038449	1.988442
1.655416	470932.211867	4398797.841403	7.796146	-0.658916	7.768251	1543308725.918263	3.353769	1.960270	1.951382
1.655988	470932.075570	4398798.668662	7.955417	-0.676831	7.926573	1543308726.022342	3.386671	1.949028	1.950740
1.661217	470932.080415	4398799.416260	7.753142	-0.700046	7.721473	1543308726.122080	3.345613	1.960852	1.965953
1.657184	470931.968001	4398800.221613	7.838532	-0.676627	7.809274	1543308726.223538	3.365246	2.030413	1.974268
1.678338	470931.927007	4398800.971282	7.846795	-0.655400	7.819376	1543308726.318992	3.500693	2.053468	2.014334
1.680499	470931.892847	4398801.752109	7.840556	-0.647971	7.813735	1543308726.415596	3.519329	2.011254	2.012575
1.689537	470931.813919	4398802.552732	7.914756	-0.752334	7.878919	1543308726.525687	3.386658	2.036698	2.025332
1.694915	470931.760184	4398803.383477	7.986412	-0.713849	7.954445	1543308726.622963	3.445140	2.058983	2.016778
1.675592	470931.664679	4398804.163396	8.003739	-0.759463	7.967625	1543308726.719395	3.488062	1.989372	1.990025
1.650668	470931.522922	4398805.704424	7.982997	-0.700495	7.952204	1543308726.918575	3.404222	1.924009	1.993079
1.695666	470931.480449	4398806.503201	7.987803	-0.711349	7.956066	1543308727.019040	3.358607	2.085709	2.020876
1.684407	470931.357941	4398807.283273	7.813700	-0.759530	7.776698	1543308727.121142	3.405888	1.910182	2.019572
1.672251	470931.321289	4398808.083719	7.781619	-0.767590	7.743669	1543308727.221788	3.473300	2.009040	1.988423
1.651029	470931.256273	4398808.880154	7.966727	-0.741664	7.932129	1543308727.321065	3.478943	1.985429	2.058057
1.625562	470931.076018	4398809.763184	7.753214	-0.646795	7.726189	1543308727.416422	3.670325	2.109984	2.033997
1.657366	470931.062880	4398810.424157	7.974271	-0.673451	7.945783	1543308727.519862	3.430479	2.032419	2.026510
1.701000	470931.046063	4398811.197043	7.966609	-0.732837	7.932831	1543308727.620605	3.361368	2.119670	2.028475
1.674017	470930.981860	4398812.023706	8.047854	-0.665824	8.020264	1543308727.718500	3.421440	2.011708	2.046872
1.695853	470930.894846	4398812.820893	7.963849	-0.647084	7.937517	1543308727.818656	3.458135	1.975378	2.063493
1.677823	470930.671501	4398814.381519	7.812474	-0.680828	7.782752	1543308728.016783	3.308542	1.919931	1.988953
1.662897	470930.738432	4398815.158182	7.841762	-0.647366	7.814995	1543308728.119112	3.349507	1.978055	2.018105
1.635900	470930.622160	4398815.947959	7.794244	-0.630340	7.768713	1543308728.218369	3.462432	1.909986	2.052383
1.649213	470930.507983	4398816.740158	7.767244	-0.621566	7.742334	1543308728.320346	3.310248	1.963989	2.064723
1.641386	470930.423030	4398817.521152	7.714326	-0.591245	7.691635	1543308728.419330	3.360338	1.955589	2.058617
1.685749	470930.398524	4398818.309289	7.941010	-0.651146	7.914269	1543308728.518699	3.325455	1.931070	2.051251
1.673542	470930.387862	4398819.039146	7.908191	-0.564109	7.888046	1543308728.617902	3.413082	1.968704	2.006733
1.639861	470930.258971	4398819.949468	8.079503	-0.645595	8.053668	1543308728.722156	3.403487	1.950032	2.050260
1.726701	470930.246944	4398820.724366	7.889884	-0.801429	7.849075	1543308728.817795	3.486213	2.108407	1.982470
1.688778	470930.191393	4398821.466766	7.842532	-0.755197	7.806086	1543308728.920268	3.472641	1.980307	2.063659
1.658378	470930.042710	4398822.341171	8.111680	-0.758617	8.076129	1543308729.017539	3.554363	2.050675	2.034049
1.721994	470929.972339	4398823.022380	7.762403	-0.756728	7.725430	1543308729.121726	3.420190	1.929974	1.967659
1.668485	470929.991266	4398823.778158	7.732825	-0.754023	7.695975	1543308729.219693	3.461735	1.976183	2.073236
1.672969	470929.818327	4398825.511650	8.176381	-0.831884	8.133952	1543308729.424103	3.517841	2.062915	2.016225
1.668282	470929.759221	4398826.348912	8.322106	-0.830234	8.280589	1543308729.515622	3.707918	2.053915	2.043627
1.674728	470929.721553	4398826.955274	8.208154	-0.825640	8.166524	1543308729.625642	3.362657	1.995387	1.987245
1.693945	470929.636356	4398827.781715	8.272529	-0.844954	8.229264	1543308729.718435	3.328826	2.034326	2.038337
1.677578	470929.590498	4398828.575355	7.840252	-0.812275	7.798061	1543308729.822974	3.316915	1.994903	2.045998
1.621139	470929.416332	4398830.136881	7.796451	-0.666449	7.767915	1543308730.016357	3.439101	1.841491	1.987865
1.671131	470929.393508	4398830.898892	8.047015	-0.729464	8.013884	1543308730.117918	3.349005	1.969001	1.969897
1.658317	470929.265261	4398831.744718	8.083306	-0.723314	8.050879	1543308730.220227	3.436105	1.823967	1.974242
1.667077	470929.203380	4398832.541542	8.071372	-0.719063	8.039278	1543308730.318646	3.420749	1.833532	1.980115
1.678683	470929.135411	4398833.288786	8.105730	-0.692005	8.076137	1543308730.417525	3.326045	1.858397	1.985239
1.696487	470929.025186	4398834.116773	8.190409	-0.810033	8.150254	1543308730.517868	3.512712	1.842780	2.067904
1.621453	470928.996235	4398834.860564	8.182600	-0.667279	8.155347	1543308730.618210	3.379812	1.880966	2.053783
1.611199	470928.975502	4398835.646041	8.109427	-0.544293	8.091140	1543308730.717528	3.390675	1.903131	2.071141
1.639338	470928.766704	4398837.972684	8.064772	-0.554816	8.045665	1543308731.017515	3.309254	1.941131	1.993483
1.624538	470928.726275	4398838.807850	7.956141	-0.577177	7.935178	1543308731.120130	3.353090	1.922188	1.986154
1.638421	470928.638687	4398839.584319	7.949717	-0.601190	7.926952	1543308731.223610	3.281379	1.885418	1.986712
1.664901	470928.597321	4398840.391560	7.941694	-0.628291	7.916802	1543308731.322350	3.266828	2.024331	2.007345
1.688680	470928.573860	4398841.216024	7.934376	-0.640137	7.908511	1543308731.417045	3.391421	2.026838	2.006052
1.658205	470928.480624	4398841.942677	7.905890	-0.655484	7.878670	1543308731.519551	3.336303	1.986594	1.987031
1.651393	470928.398828	4398842.748019	7.862743	-0.645864	7.836172	1543308731.618484	3.339298	1.850639	2.065219
1.635836	470928.374997	4398843.569930	7.867775	-0.643212	7.841439	1543308731.722848	3.401487	1.879739	2.068279
1.665761	470928.282943	4398844.324826	7.901520	-0.665469	7.873447	1543308731.821383	3.299017	1.835891	1.970384
1.686499	470928.227944	4398845.287429	7.905482	-0.755953	7.869255	1543308731.918148	3.582782	2.004017	1.982525
1.650516	470928.155107	4398845.909735	8.072815	-0.676949	8.044382	1543308732.019545	3.312888	2.004012	1.997811
1.669772	470928.116151	4398846.687325	8.006847	-0.714192	7.974932	1543308732.120753	3.220491	2.060129	1.984036
1.678343	470928.067898	4398847.485104	8.038579	-0.770284	8.001588	1543308732.216524	3.344492	2.006511	1.992871
1.674687	470927.963207	4398849.127692	7.768964	-0.678516	7.739277	1543308732.418523	3.360406	2.084091	2.039728
1.676766	470927.797343	4398850.692081	7.708433	-0.716339	7.675076	1543308732.625701	3.350884	2.106246	2.029368
1.679893	470927.793657	4398851.452789	7.825278	-0.767772	7.787522	1543308732.721291	3.273221	2.016120	1.996361
1.676238	470927.648464	4398852.189917	7.770716	-0.780328	7.731437	1543308732.820430	3.326897	1.883311	2.064061
1.668805	470927.654589	4398852.976158	7.804919	-0.776528	7.766193	1543308732.920701	3.325358	1.975172	2.048998
1.669360	470927.557013	4398853.736602	7.807879	-0.773812	7.769439	1543308733.029673	3.245052	1.990150	1.970447
1.632127	470927.480798	4398854.627345	7.802476	-0.697607	7.771227	1543308733.120119	3.411705	1.929709	1.992828
1.650748	470927.423704	4398855.389015	7.943597	-0.683898	7.914102	1543308733.219150	3.340395	2.036407	2.005882
1.652123	470927.409077	4398856.180940	7.944528	-0.670229	7.916206	1543308733.325566	3.348745	1.945538	2.000534
1.656403	470927.274218	4398856.949678	7.951232	-0.673858	7.922626	1543308733.418669	3.319621	2.039232	1.985540
1.658624	470927.272686	4398857.763783	7.964525	-0.683361	7.935155	1543308733.522156	3.352576	1.965904	1.994112
1.677065	470927.220832	4398858.503581	7.737288	-0.670068	7.708219	1543308733.626499	3.266513	2.030952	2.010143
1.658309	470927.117038	4398859.320288	7.733268	-0.671983	7.704016	1543308733.721042	3.337640	2.030790	2.008832
1.653169	470926.939373	4398861.620678	7.941536	-0.667725	7.913415	1543308734.018009	3.224650	1.979338	2.069364
1.648152	470926.854937	4398862.422075	7.938712	-0.642621	7.912660	1543308734.120792	3.248185	2.026207	1.972312
1.628695	470926.783303	4398863.244526	7.923857	-0.589812	7.901875	1543308734.220024	3.306546	2.025578	1.980611
1.638067	470926.649678	4398864.823248	7.899935	-0.573290	7.879106	1543308734.419513	3.337829	1.944763	1.980151
1.620296	470926.568605	4398865.625566	7.898878	-0.505416	7.882691	1543308734.518924	3.364222	1.972550	1.982201
1.651468	470926.615281	4398866.375660	7.812966	-0.503369	7.796734	1543308734.619747	3.276765	1.969326	1.996205
1.655259	470926.562349	4398867.148562	7.825040	-0.549335	7.805734	1543308734.717394	3.250525	1.972134	2.000889
1.673873	470926.478128	4398867.937733	7.797597	-0.620272	7.772887	1543308734.819271	3.265123	2.084669	1.999609
1.645887	470926.415369	4398868.735731	7.757976	-0.604676	7.734375	1543308734.917728	3.288454	1.940732	1.998037
1.648410	470926.285214	4398869.557861	7.804329	-0.611694	7.780320	1543308735.018212	3.372882	2.082533	2.003043
1.672508	470926.267026	4398870.322532	7.829649	-0.628800	7.804359	1543308735.121575	3.314646	2.084178	2.003112
1.661766	470926.197007	4398871.083074	7.718733	-0.648033	7.691482	1543308735.220154	3.275218	2.029553	1.993218
1.650544	470926.135987	4398871.922847	7.902361	-0.603507	7.879282	1543308735.323358	3.353339	2.033809	1.984351
1.648346	470926.046217	4398872.653305	7.884181	-0.605026	7.860932	1543308735.422337	3.263157	2.026936	1.972609
1.624621	470925.940592	4398873.459581	7.883153	-0.544409	7.864332	1543308735.518165	3.282158	2.026024	1.979169
1.646671	470925.920397	4398874.271031	7.915370	-0.566280	7.895088	1543308735.619086	3.313721	1.946811	1.984230
1.645449	470925.860594	4398875.081893	7.936149	-0.576321	7.915195	1543308735.717664	3.357828	2.087832	1.992540
1.662948	470925.853289	4398875.818068	7.721103	-0.544403	7.701887	1543308735.818137	3.246992	1.952124	2.008044
1.645001	470925.707702	4398876.643925	7.778223	-0.558976	7.758112	1543308735.921230	3.325636	2.030252	2.008043
1.630699	470925.611253	4398877.425926	7.792703	-0.527471	7.774830	1543308736.020134	3.329369	2.089910	2.018265
1.652136	470925.601713	4398878.226901	7.747439	-0.561743	7.727047	1543308736.120274	3.354112	2.037048	2.016270
1.649334	470925.507882	4398879.011445	7.740476	-0.550882	7.720849	1543308736.218619	3.339253	2.095352	2.016255
1.664512	470925.345188	4398880.574073	8.016216	-0.657679	7.989191	1543308736.422704	3.310031	1.927472	2.013642
1.681078	470925.362439	4398881.380944	8.014121	-0.734032	7.980434	1543308736.519748	3.321532	2.099699	2.003085
1.663209	470925.250642	4398882.149960	8.013086	-0.736070	7.979208	1543308736.625152	3.293885	2.047472	1.985411
1.671217	470925.252265	4398882.978605	8.009490	-0.758676	7.973477	1543308736.718966	3.332012	2.004507	1.998189
1.693872	470925.174841	4398883.781039	8.003594	-0.831969	7.960236	1543308736.826455	3.373486	2.044990	2.013961
1.660878	470925.069960	4398884.627151	8.013481	-0.748582	7.978440	1543308736.924772	3.470796	2.125839	2.022901
1.663515	470925.011623	4398885.349397	7.992309	-0.769632	7.955166	1543308737.019882	3.350817	2.051472	2.021399
1.688221	470924.954115	4398886.220210	7.997541	-0.701509	7.966715	1543308737.120040	3.521337	2.054433	2.016979
1.660328	470924.914349	4398886.937791	8.091876	-0.714664	8.060255	1543308737.217944	3.351655	2.001822	2.017242
1.674662	470924.815135	4398887.686309	8.081953	-0.757850	8.046343	1543308737.318424	3.253200	2.055167	2.020428
1.681614	470924.722775	4398888.535348	8.064763	-0.802830	8.024703	1543308737.422110	3.365063	2.062035	2.021266
1.684151	470924.654304	4398889.335630	8.054122	-0.776699	8.016584	1543308737.529822	3.377166	2.119661	2.023247
1.652587	470924.522204	4398890.885522	7.990268	-0.694224	7.960053	1543308737.719304	3.327646	1.932614	2.008585
1.666061	470924.408521	4398891.656175	7.973897	-0.714546	7.941817	1543308737.827810	3.300264	2.065726	2.036200
1.661996	470924.365916	4398892.472979	8.006041	-0.721566	7.973458	1543308737.922479	3.327516	2.068312	2.053912
1.665045	470924.279205	4398893.261792	7.998239	-0.732619	7.964615	1543308738.018682	3.342094	2.012620	2.055625
1.664892	470924.247005	4398894.074252	8.044596	-0.743459	8.010168	1543308738.120735	3.345373	1.952731	2.032346
1.685251	470924.153874	4398894.799645	8.021453	-0.767951	7.984607	1543308738.225942	3.273204	1.932684	1.999048
1.669425	470924.117430	4398895.559636	8.028844	-0.761068	7.992691	1543308738.318610	3.353665	1.966217	2.060647
1.668618	470923.961758	4398897.137653	7.765599	-0.750172	7.729280	1543308738.519685	3.369806	1.910646	1.971379
1.656447	470923.868697	4398897.902969	7.869035	-0.728929	7.835201	1543308738.620096	3.363521	1.880981	1.976689
1.657640	470923.771037	4398898.730562	8.065292	-0.763568	8.029066	1543308738.728041	3.252858	1.933605	1.993168
1.658772	470923.691220	4398899.574873	8.071745	-0.816360	8.030356	1543308738.820740	3.344721	2.032004	1.998968
1.630644	470923.609605	4398900.384603	8.083964	-0.730207	8.050918	1543308738.933117	3.395358	2.083731	2.015595
1.632385	470923.515849	4398901.181559	8.085691	-0.681983	8.056879	1543308739.018318	3.400917	2.029229	2.015880
1.636915	470923.444887	4398901.993977	7.837717	-0.607127	7.814167	1543308739.128667	3.422557	2.007518	2.016119
1.648306	470923.381612	4398902.750356	7.847087	-0.607540	7.823534	1543308739.217213	3.338754	2.033333	2.011111
1.659918	470923.335106	4398903.495642	7.852923	-0.597319	7.830173	1543308739.329628	3.254586	2.088471	2.004455
1.649332	470923.266097	4398904.303164	7.857634	-0.604661	7.834334	1543308739.417881	3.285753	2.001803	2.005298
1.661567	470923.239060	4398905.059819	7.982432	-0.670111	7.954255	1543308739.530203	3.252385	2.092738	2.000629
1.674094	470923.160969	4398905.843759	7.939549	-0.660482	7.912029	1543308739.618456	3.379812	2.036094	1.991355
1.673135	470923.124832	4398906.620697	7.996124	-0.657326	7.969060	1543308739.732270	3.341554	2.033185	1.999635
1.657678	470923.029454	4398907.451127	8.038087	-0.674108	8.009770	1543308739.821415	3.297588	2.034822	1.996045
1.690767	470922.954917	4398908.255215	8.103488	-0.791823	8.064710	1543308739.931428	3.309137	2.044564	2.016039
1.673748	470922.872085	4398909.060175	8.081652	-0.804780	8.041482	1543308740.019724	3.327180	2.013162	2.009629
1.657654	470922.790118	4398909.863165	8.059392	-0.812150	8.018367	1543308740.131960	3.332245	2.094580	2.005262
1.661444	470922.765578	4398910.610675	8.045846	-0.725091	8.013107	1543308740.226999	3.247268	2.036915	1.998402
1.653325	470922.650301	4398911.394398	7.951997	-0.719398	7.919389	1543308740.326869	3.273336	1.955976	1.994680
1.658088	470922.583475	4398912.175038	7.901207	-0.705105	7.869682	1543308740.417039	3.282716	1.986598	1.991192
1.650365	470922.508747	4398912.965913	7.909977	-0.676870	7.880963	1543308740.527384	3.285294	1.987046	1.991016
1.654037	470922.439976	4398913.705674	7.906356	-0.669508	7.877958	1543308740.618470	3.354959	1.955819	1.994687
1.667230	470922.420722	4398914.525053	7.967394	-0.708316	7.935846	1543308740.730581	3.384745	1.890603	1.991379
1.660892	470922.368975	4398915.325302	7.952552	-0.688286	7.922710	1543308740.817686	3.365395	1.988640	1.987877
1.685017	470922.328614	4398916.158785	7.925918	-0.762180	7.889186	1543308740.928858	3.313851	2.015884	1.990406
1.622755	470922.134362	4398917.698174	7.877994	-0.709948	7.845940	1543308741.132028	3.275180	1.895947	1.983253
1.649941	470922.036580	4398918.492476	7.943202	-0.683033	7.913781	1543308741.225433	3.276679	1.986445	1.992802
1.654699	470921.934031	4398920.125464	7.914734	-0.594768	7.892354	1543308741.429151	3.329285	2.045407	2.016629
1.633340	470921.859255	4398921.025069	7.955347	-0.563238	7.935384	1543308741.528454	3.574970	2.105989	2.050648
1.642101	470921.809020	4398921.685635	7.909993	-0.589717	7.887980	1543308741.622702	3.283463	2.097178	2.046094
1.623834	470921.711954	4398922.493792	7.961572	-0.587249	7.939884	1543308741.733667	3.319835	2.035439	2.037854
1.667964	470921.642171	4398924.041954	7.808748	-0.711678	7.776250	1543308741.929613	3.245516	2.036676	2.002643
1.649621	470921.544392	4398924.848480	7.844987	-0.665724	7.816689	1543308742.019341	3.285163	1.978723	2.003481
1.656796	470921.519400	4398925.663643	7.944559	-0.666397	7.916561	1543308742.129069	3.302118	2.040100	2.011357
1.645746	470921.396414	4398926.447655	7.973627	-0.663974	7.945934	1543308742.227336	3.325144	1.948693	2.006213
1.636184	470921.371267	4398927.187937	7.972505	-0.650745	7.945903	1543308742.326365	3.284620	1.922637	1.986766
1.665853	470921.301343	4398928.002824	7.978873	-0.591132	7.956945	1543308742.419713	3.370610	1.800062	2.059930
1.642908	470921.288995	4398928.754458	7.697236	-0.564353	7.676519	1543308742.529231	3.350058	1.931905	2.060950
1.647877	470921.193378	4398929.581839	7.698128	-0.573655	7.676724	1543308742.620013	3.425454	1.836143	1.980070
1.660181	470921.144901	4398930.368643	7.808534	-0.600112	7.785440	1543308742.731781	3.299289	2.036602	2.011941
1.663228	470921.061892	4398931.169362	7.988111	-0.586691	7.966537	1543308742.820791	3.334213	2.039784	2.004742
1.667730	470921.003786	4398931.985148	7.989889	-0.653886	7.963087	1543308742.932930	3.371334	2.034565	2.009622
1.650905	470920.930024	4398932.765866	7.989151	-0.646548	7.962946	1543308743.021893	3.398293	1.940685	1.995474
1.638618	470920.800102	4398934.285625	7.931669	-0.617925	7.907562	1543308743.224573	3.295899	1.977751	1.986839
1.649382	470920.808025	4398935.097412	7.839539	-0.621343	7.814877	1543308743.335226	3.343113	1.919505	1.974677
1.636550	470920.734713	4398935.894299	7.847748	-0.595842	7.825095	1543308743.421741	3.341211	1.886124	1.973508
1.638996	470920.665100	4398936.690414	7.828094	-0.571505	7.807204	1543308743.533309	3.357239	1.893548	1.977582
1.633813	470920.561515	4398937.448683	7.826369	-0.543159	7.807498	1543308743.625077	3.283396	1.885339	1.984633
1.648334	470920.542701	4398938.235267	7.835065	-0.600837	7.811993	1543308743.730282	3.265774	1.996449	1.999957
1.639711	470920.456593	4398939.034427	7.827604	-0.577824	7.806248	1543308743.820011	3.285153	1.995088	1.990586
1.657151	470920.370098	4398939.821652	7.839210	-0.614277	7.815105	1543308743.932178	3.307452	2.025388	2.001036
1.675669	470920.332251	4398940.610392	7.852671	-0.655923	7.825229	1543308744.017379	3.277702	2.025074	2.004816
1.663887	470920.305816	4398941.419796	7.970092	-0.634908	7.944763	1543308744.130626	3.287961	2.025975	2.002677
1.670058	470920.194461	4398942.217520	7.969017	-0.652904	7.942225	1543308744.227441	3.309894	2.031075	2.011037
1.674190	470920.165405	4398942.997729	7.965804	-0.646532	7.939523	1543308744.328217	3.295139	2.084729	2.006742
1.670306	470920.119671	4398943.812503	7.965426	-0.631169	7.940381	1543308744.419089	3.317542	2.079408	2.011204
1.673653	470920.037715	4398944.575940	7.963106	-0.631922	7.937993	1543308744.530256	3.266524	2.026339	2.005138
1.700835	470919.985629	4398945.380551	7.896839	-0.630230	7.871650	1543308744.618360	3.287632	2.029566	2.006063
1.647673	470919.928797	4398946.209642	7.925961	-0.623960	7.901362	1543308744.734277	3.372066	1.921546	2.017101
1.667723	470919.802109	4398946.965849	7.960821	-0.681215	7.931621	1543308744.825130	3.303037	1.996520	2.011951
1.691149	470919.795969	4398947.751794	7.967148	-0.696510	7.936644	1543308744.927895	3.280192	2.030344	2.016432
1.683581	470919.736692	4398948.521965	7.950313	-0.762727	7.913641	1543308745.027773	3.298620	1.931120	1.996813
1.630007	470919.633198	4398949.271855	7.743666	-0.653038	7.716081	1543308745.131993	3.369673	1.874402	1.975103
1.653773	470919.605949	4398950.074817	7.801482	-0.653382	7.774074	1543308745.224271	3.412313	1.923545	1.971196
1.661260	470919.498972	4398950.873722	7.778139	-0.661906	7.749924	1543308745.341014	3.295116	1.827074	1.969959
1.675768	470919.483110	4398951.732553	7.886192	-0.678088	7.856986	1543308745.423284	3.406765	1.947557	1.976462
1.668030	470919.422658	4398952.474007	7.959673	-0.713266	7.927650	1543308745.531045	3.260650	2.016082	1.995167
1.670071	470919.351868	4398953.308421	7.973041	-0.741676	7.938469	1543308745.625653	3.371834	2.074149	2.008380
1.649761	470919.288601	4398954.063338	7.957867	-0.761796	7.921320	1543308745.729588	3.211419	1.960623	2.015249
1.676315	470919.176392	4398954.870817	7.952337	-0.789610	7.913039	1543308745.828327	3.258244	2.082074	2.015590
1.665834	470919.121610	4398955.692022	7.919553	-0.773320	7.881707	1543308745.933821	3.320127	2.024131	2.013245
1.667401	470919.077562	4398956.469332	7.931762	-0.770906	7.894210	1543308746.029544	3.293075	1.994578	2.011511
1.667954	470918.994256	4398957.261892	7.965264	-0.773581	7.927610	1543308746.131145	3.333635	2.073814	2.007129
1.679670	470918.942800	4398958.025635	7.947379	-0.804472	7.906558	1543308746.228221	3.367316	2.047360	2.001450
1.691010	470918.914036	4398958.794646	7.868059	-0.848034	7.822224	1543308746.334211	3.339636	2.010400	1.981363
1.649795	470918.816403	4398959.568729	7.840899	-0.770733	7.802927	1543308746.428861	3.325283	1.916624	1.966698
1.667428	470918.765828	4398960.380057	7.871010	-0.773732	7.832889	1543308746.533417	3.324539	1.951461	2.071717
1.643902	470918.632481	4398961.143145	7.856630	-0.703858	7.825038	1543308746.630485	3.322670	1.848801	1.964495
1.672437	470918.643223	4398961.930040	7.956204	-0.747186	7.921041	1543308746.730784	3.297751	1.954752	1.976998
1.668662	470918.546837	4398962.738900	8.062554	-0.735292	8.028955	1543308746.830802	3.316566	2.017383	1.993126
1.683508	470918.502765	4398963.553327	8.032615	-0.741606	7.998307	1543308746.934401	3.337258	2.073082	2.003593
1.681200	470918.453618	4398964.321717	8.032554	-0.793756	7.993239	1543308747.028679	3.281558	1.988871	2.013521
1.674566	470918.361772	4398965.122875	8.057480	-0.810635	8.016599	1543308747.130677	3.332561	2.071603	2.009542
1.671984	470918.265693	4398965.917330	8.061325	-0.812335	8.020291	1543308747.230486	3.352049	2.078304	2.011154
1.680985	470918.141044	4398967.470105	8.001335	-0.825271	7.958661	1543308747.430569	3.319571	2.017053	2.009799
1.692232	470918.090218	4398968.295066	7.988725	-0.874522	7.940714	1543308747.532807	3.389030	1.997857	1.987135
1.713646	470917.964857	4398968.984179	7.729484	-0.748381	7.693169	1543308747.631471	3.427878	1.818168	2.071715
1.685797	470917.948740	4398969.773986	7.789145	-0.767431	7.751246	1543308747.730283	3.390721	1.876820	2.070936
1.674477	470917.916473	4398970.561059	7.849728	-0.786191	7.810258	1543308747.828312	3.366210	2.014251	1.975555
1.684922	470917.833202	4398971.412415	7.972771	-0.797910	7.932743	1543308747.931814	3.273887	2.013747	1.988132
1.673589	470917.750513	4398972.226568	7.999797	-0.808055	7.958881	1543308748.029321	3.312224	2.013156	2.004304
1.655324	470917.621342	4398973.783225	7.989013	-0.696495	7.958594	1543308748.231497	3.421973	2.063147	2.056340
1.665296	470917.547547	4398974.565573	7.837085	-0.704799	7.805329	1543308748.330788	3.262396	2.061790	2.057253
1.669484	470917.491674	4398975.385100	7.811411	-0.724839	7.777709	1543308748.434661	3.347281	2.058701	2.042672
1.660074	470917.416831	4398976.177268	7.981516	-0.737444	7.947376	1543308748.533573	3.344774	2.057280	2.010901
1.683840	470917.275038	4398977.645354	7.993610	-0.805390	7.952933	1543308748.728435	3.402317	1.901401	2.070619
1.672993	470917.282638	4398978.474937	7.996509	-0.809355	7.955444	1543308748.832633	3.322882	1.970632	2.050328
1.675553	470917.207710	4398979.225119	7.928491	-0.807648	7.887248	1543308748.929281	3.426535	1.959314	2.051334
1.683839	470917.082875	4398979.995173	7.918844	-0.837683	7.874413	1543308749.029005	3.416290	1.868639	2.053807
1.670153	470917.079035	4398980.825914	8.070003	-0.835281	8.026659	1543308749.134684	3.297582	1.942585	2.067769
1.718320	470917.032242	4398981.655082	8.086799	-0.962720	8.029289	1543308749.231338	3.295314	2.071849	1.980638
1.692457	470916.942437	4398982.411696	8.030317	-0.963127	7.972351	1543308749.330873	3.238355	1.991398	1.990268
1.702829	470916.900228	4398983.224994	8.032118	-0.997483	7.969940	1543308749.429732	3.267697	2.037757	1.999332
1.671015	470916.763277	4398984.824351	8.031801	-0.915415	7.979464	1543308749.631379	3.308382	2.017302	1.997370
1.696155	470916.693081	4398985.594077	7.985505	-0.942028	7.929746	1543308749.731676	3.282583	2.032788	2.002271
1.685787	470916.608850	4398986.371140	7.949255	-0.928681	7.894821	1543308749.835212	3.273474	2.052536	1.999635
1.696054	470916.553004	4398987.163142	7.949844	-0.950948	7.892763	1543308749.931635	3.302096	2.040436	2.003725
1.699679	470916.461633	4398987.976166	7.969018	-0.978488	7.908718	1543308750.028793	3.345310	2.098907	2.025615
1.706765	470916.423888	4398988.769093	7.920227	-0.844878	7.875035	1543308750.131098	3.362526	2.127789	2.031534
1.681052	470916.318038	4398989.546124	7.910302	-0.852966	7.864180	1543308750.227207	3.351859	2.096956	2.027787
1.687706	470916.219561	4398991.121358	7.901992	-0.867547	7.854224	1543308750.430040	3.358961	2.033358	2.020661
1.676888	470916.170120	4398991.853851	7.830506	-0.813615	7.788122	1543308750.529718	3.256358	2.122171	2.016391
1.697865	470916.106802	4398992.703810	7.908173	-0.750239	7.872505	1543308750.630559	3.378875	2.119719	2.010168
1.679286	470916.038391	4398993.429656	8.013012	-0.679447	7.984154	1543308750.735642	3.260206	2.032799	1.999658
1.640350	470915.851579	4398995.021490	8.041019	-0.613422	8.017587	1543308750.940609	3.324055	1.948146	1.988322
1.679668	470915.856124	4398995.767950	8.005406	-0.607101	7.982353	1543308751.029045	3.236078	2.083637	1.978806
1.666562	470915.777227	4398996.562590	7.951802	-0.623108	7.927351	1543308751.130669	3.246308	1.944257	1.980619
1.674170	470915.727174	4398997.393980	7.928771	-0.689093	7.898769	1543308751.233617	3.346390	2.037272	2.003122
1.675460	470915.668346	4398998.130199	7.750402	-0.610702	7.726304	1543308751.337829	3.235210	2.111372	2.009282
1.669070	470915.598326	4398998.918555	7.723223	-0.657283	7.695203	1543308751.435048	3.255814	2.081724	2.018813
1.684384	470915.575437	4398999.762510	7.751460	-0.627996	7.725979	1543308751.538824	3.331487	2.082303	2.022513
1.669947	470915.483317	4399000.547849	7.742058	-0.676197	7.712472	1543308751.634657	3.336006	2.021130	2.007574
1.676922	470915.439041	4399001.297541	7.755952	-0.730948	7.721432	1543308751.733703	3.256162	2.075480	2.002670
1.667348	470915.337217	4399002.073674	7.799447	-0.777775	7.760570	1543308751.832499	3.246861	2.075716	2.008190
1.673849	470915.290935	4399002.879015	7.754239	-0.782077	7.714699	1543308751.940413	3.269177	2.077890	2.011198
1.680678	470915.246692	4399003.654914	7.649707	-0.721478	7.615608	1543308752.031374	3.249135	2.074662	2.012152
1.659472	470915.217908	4399004.438744	7.602775	-0.664374	7.573691	1543308752.139895	3.252075	1.951181	2.006046
1.663751	470915.060957	4399005.265586	7.486361	-0.668129	7.456487	1543308752.230283	3.326644	2.104221	2.009425
1.669274	470915.051921	4399006.016459	7.582842	-0.756864	7.544975	1543308752.330611	3.234759	2.071430	1.995928
1.664611	470914.947818	4399006.859911	7.647607	-0.682624	7.617080	1543308752.429807	3.352038	2.072987	1.999189
1.673796	470914.895079	4399007.653853	7.810523	-0.654673	7.783038	1543308752.539967	3.370950	2.072543	2.009114
1.664429	470914.839285	4399008.361566	7.941648	-0.693954	7.911271	1543308752.629108	3.215854	2.100308	2.004735
1.664934	470914.715373	4399009.975187	7.920541	-0.669464	7.892198	1543308752.829855	3.269006	2.014879	1.981761
1.669013	470914.638335	4399010.745269	7.897037	-0.685680	7.867213	1543308752.939004	3.223955	2.042875	2.079590
1.698385	470914.639060	4399011.545692	7.889584	-0.797611	7.849162	1543308753.029370	3.253381	2.037081	2.073711
1.664997	470914.531169	4399012.371609	7.942033	-0.782673	7.903373	1543308753.136450	3.323261	2.014125	2.077397
1.694938	470914.525984	4399013.131611	7.820032	-0.666307	7.791594	1543308753.230076	3.265110	2.098423	1.980483
1.660136	470914.415630	4399013.890419	7.733441	-0.644111	7.706571	1543308753.332774	3.219970	2.018189	1.990522
1.639224	470914.371275	4399014.693401	7.702146	-0.627431	7.676548	1543308753.431681	3.261096	1.902669	1.990659
1.660268	470914.280420	4399015.504035	7.727548	-0.635969	7.701334	1543308753.541746	3.321290	2.016246	1.995469
1.671434	470914.300019	4399016.260021	7.782222	-0.645042	7.755443	1543308753.632826	3.247830	2.004018	2.000109
1.689908	470914.210109	4399017.041957	7.766500	-0.624150	7.741380	1543308753.732264	3.247035	2.073803	2.009647
1.706634	470914.140625	4399017.898089	8.011202	-0.655709	7.984323	1543308753.836441	3.388624	2.074724	2.017713
1.669433	470914.034821	4399018.643684	7.998191	-0.587298	7.976599	1543308753.938663	3.327349	2.020243	2.005070
1.673021	470913.986950	4399019.398591	7.993648	-0.607013	7.970567	1543308754.030629	3.256029	2.079234	2.006086
1.679680	470913.935612	4399020.227146	7.896941	-0.693204	7.866457	1543308754.137132	3.333011	2.021763	2.006944
1.680800	470913.803851	4399021.800000	8.054483	-0.696746	8.024291	1543308754.330360	3.314744	2.114836	2.010060
1.695407	470913.765042	4399022.566519	8.102310	-0.707458	8.071364	1543308754.427570	3.258901	2.115226	2.015981
1.670919	470913.674796	4399023.403631	8.094648	-0.699171	8.064396	1543308754.541117	3.337505	1.986098	1.999152
1.670387	470913.519862	4399024.919165	8.039233	-0.685446	8.009958	1543308754.732606	3.261130	1.975300	1.980833
1.691860	470913.462646	4399025.700330	7.965146	-0.780936	7.926770	1543308754.829307	3.282200	1.976421	1.979360
1.682370	470913.394332	4399026.670046	7.869745	-0.808955	7.828057	1543308754.938335	3.686839	2.037289	1.985825
1.673941	470913.340191	4399027.274879	7.950464	-0.781797	7.911932	1543308755.027863	3.235550	2.099026	2.009850
1.678273	470913.303295	4399028.084608	7.943390	-0.806804	7.902310	1543308755.138349	3.276852	2.003254	2.010942
1.658399	470913.200693	4399028.884356	7.932547	-0.797204	7.892387	1543308755.228835	3.315794	1.972721	2.008268
1.676786	470913.122589	4399029.665504	7.976912	-0.817026	7.934960	1543308755.333184	3.319998	2.046712	2.005963
1.683405	470913.095373	4399030.431486	7.942596	-0.843116	7.897720	1543308755.432736	3.259276	2.000329	2.003109
1.674541	470913.000977	4399031.236436	7.940395	-0.820077	7.897933	1543308755.538171	3.316595	1.978258	2.003673
1.686167	470912.966051	4399031.999464	7.993557	-0.859635	7.947200	1543308755.632001	3.288054	2.010887	2.006952
1.670792	470912.861995	4399032.807069	7.997546	-0.838079	7.953513	1543308755.733029	3.351355	1.944300	2.002426
1.658607	470912.794352	4399033.598300	7.915740	-0.817403	7.873423	1543308755.830513	3.375398	1.923306	2.006196
1.648226	470912.724011	4399034.387764	7.936636	-0.746107	7.901488	1543308755.937215	3.372053	1.915526	2.010211
1.638418	470912.647441	4399035.161156	8.012341	-0.725158	7.979458	1543308756.031302	3.303001	1.913299	2.014399
1.660351	470912.616659	4399035.955050	8.018960	-0.722568	7.986339	1543308756.139752	3.327059	1.984652	2.011085
1.650442	470912.470490	4399036.735063	7.868627	-0.678836	7.839290	1543308756.227222	3.338808	2.004852	2.004581
1.666837	470912.421821	4399037.548385	7.853454	-0.714034	7.820927	1543308756.333035	3.369729	2.005635	1.999885
1.673829	470912.379571	4399038.247527	7.778573	-0.660341	7.750493	1543308756.428432	3.234820	1.971342	1.990232
1.669184	470912.278520	4399039.074467	7.788529	-0.723678	7.754836	1543308756.537781	3.271029	2.066996	2.000398
1.649489	470912.245596	4399039.862749	7.796129	-0.686443	7.765850	1543308756.632946	3.262092	1.920105	2.016358
1.682315	470912.211248	4399040.698059	7.882971	-0.676029	7.853930	1543308756.737270	3.353185	2.006157	2.022690
1.677345	470912.087507	4399041.426128	7.897298	-0.734424	7.863074	1543308756.829675	3.253807	2.065624	2.036270
1.677414	470911.991558	4399042.274146	7.937648	-0.718708	7.905043	1543308756.929731	3.369817	2.067584	2.048241
1.692462	470911.957322	4399043.075017	7.963063	-0.687789	7.933304	1543308757.029354	3.390659	2.067594	2.035323
1.673999	470911.885888	4399043.769247	7.889378	-0.728669	7.855656	1543308757.137835	3.248875	2.068677	2.022106
1.699097	470911.840146	4399044.577943	7.810864	-0.730153	7.776662	1543308757.230860	3.309524	2.016315	2.002754
1.664331	470911.690288	4399046.121819	7.872062	-0.742156	7.836999	1543308757.432857	3.500318	1.936970	2.072050
1.661432	470911.583377	4399046.903330	7.906099	-0.735719	7.871793	1543308757.547212	3.292519	1.961346	1.990762
1.694034	470911.564977	4399047.729080	7.961425	-0.728158	7.928056	1543308757.638833	3.293623	2.023173	2.011810
1.666866	470911.469866	4399048.522296	7.951146	-0.740435	7.916595	1543308757.739532	3.310497	1.990728	2.001705
1.661988	470911.411174	4399049.270660	7.905897	-0.730360	7.872089	1543308757.829609	3.256830	2.013087	1.994691
1.647662	470911.319926	4399050.067617	7.943333	-0.687635	7.913513	1543308757.928630	3.268712	2.013099	1.988813
1.667430	470911.281545	4399050.841796	7.929012	-0.703208	7.897767	1543308758.029485	3.257238	2.014200	1.993277
1.660151	470911.199239	4399051.634693	7.916534	-0.703645	7.885201	1543308758.138352	3.275561	2.014501	1.997226
1.652366	470911.120694	4399052.434353	7.895854	-0.680104	7.866509	1543308758.232699	3.315421	2.017658	2.000171
1.686450	470911.066779	4399053.400971	7.831022	-0.708982	7.798862	1543308758.335015	3.627121	1.990304	2.003449
1.658357	470911.019941	4399053.972722	7.783706	-0.696364	7.752494	1543308758.433490	3.233751	2.016791	2.001485
1.665060	470910.919149	4399054.762757	7.788774	-0.724091	7.755044	1543308758.540426	3.317334	1.932522	2.006799
1.667447	470910.852165	4399055.588544	7.831101	-0.700828	7.799679	1543308758.631654	3.297824	1.995791	2.014743
1.658301	470910.763048	4399056.427563	7.882798	-0.707825	7.850955	1543308758.738626	3.404116	1.941338	2.010544
1.652922	470910.748293	4399057.172708	7.857105	-0.683402	7.827328	1543308758.829628	3.336872	1.939860	2.012417
1.650714	470910.632465	4399057.945417	7.843869	-0.661659	7.815913	1543308758.929722	3.309340	2.083284	2.009097
1.662575	470910.607738	4399058.703731	7.855525	-0.683310	7.825750	1543308759.030054	3.259012	1.991514	2.003470
1.667819	470910.508413	4399059.462025	7.789909	-0.705707	7.757877	1543308759.140350	3.246266	2.022493	1.998535
1.665224	470910.463566	4399060.286770	7.835211	-0.720586	7.802006	1543308759.233740	3.294831	2.022676	2.002316
1.663317	470910.314425	4399061.840697	7.904419	-0.724897	7.871109	1543308759.442771	3.258248	1.995004	2.011668
1.650205	470910.256441	4399062.659382	7.910893	-0.689521	7.880786	1543308759.538407	3.325973	1.998850	2.012484
1.670334	470910.209018	4399063.429089	7.891910	-0.722615	7.858758	1543308759.643866	3.296838	2.088434	2.018404
1.657064	470910.167962	4399064.188133	7.836399	-0.639704	7.810245	1543308759.741588	3.264007	1.993845	1.999846
1.666766	470910.067610	4399064.982733	7.817451	-0.677043	7.788078	1543308759.842683	3.323340	1.795771	1.976240
1.629913	470910.012258	4399065.795134	7.958432	-0.691547	7.928329	1543308759.930017	3.407888	1.889150	2.050747
1.639682	470909.944773	4399066.561781	7.923219	-0.636941	7.897576	1543308760.048223	3.386163	1.795411	2.047580
1.660605	470909.927788	4399067.378037	7.912130	-0.659558	7.884592	1543308760.138482	3.441728	1.952834	2.062626
1.640870	470909.816731	4399068.112071	7.815852	-0.618927	7.791308	1543308760.245055	3.315810	1.873267	1.983568
1.666921	470909.790410	4399068.945453	8.019764	-0.656318	7.992864	1543308760.338383	3.322790	2.000505	2.003158
1.653005	470909.681076	4399069.674492	7.898320	-0.594596	7.875907	1543308760.445160	3.297701	1.939753	1.995347
1.637151	470909.605641	4399070.455699	7.796835	-0.561481	7.776592	1543308760.540146	3.306210	1.970798	1.990712
1.637766	470909.556676	4399071.258605	7.789792	-0.546187	7.770620	1543308760.642006	3.335537	1.939952	1.992693
1.654256	470909.474800	4399072.042835	7.789436	-0.579623	7.767841	1543308760.740320	3.275684	2.034387	2.000842
1.654809	470909.435907	4399072.876639	7.784995	-0.606419	7.761340	1543308760.841653	3.303819	2.095232	2.023085
1.651804	470909.421472	4399073.625546	7.951236	-0.627549	7.926433	1543308760.931136	3.294390	1.923469	2.027292
1.675467	470909.314562	4399075.223765	7.987102	-0.691689	7.957096	1543308761.140487	3.286490	2.042310	2.019875
1.658486	470909.132497	4399076.763153	7.888946	-0.604849	7.865725	1543308761.343187	3.293160	1.836447	1.992824
1.678555	470909.129376	4399077.549367	7.774893	-0.603396	7.751443	1543308761.445811	3.259369	2.037968	2.009809
1.651296	470909.068566	4399078.357171	7.845819	-0.615613	7.821630	1543308761.532593	3.290269	1.985471	2.039695
1.655560	470909.002898	4399079.134474	7.841007	-0.633100	7.815406	1543308761.643863	3.311412	1.934299	2.039833
1.705450	470908.866847	4399080.722709	7.759846	-0.670731	7.730803	1543308761.844017	3.362885	2.035368	1.993904
1.674127	470908.732365	4399081.471006	7.769956	-0.715150	7.736975	1543308761.929772	3.387541	1.806305	1.973384
1.671947	470908.731564	4399082.260203	7.831319	-0.746348	7.795673	1543308762.042858	3.341607	1.967573	1.985432
1.681353	470908.587524	4399083.108016	7.820105	-0.771623	7.781943	1543308762.137090	3.431913	1.851363	1.992084
1.680775	470908.497224	4399084.611295	7.964063	-0.804032	7.923372	1543308762.338581	3.307740	1.969293	2.005159
1.683992	470908.401359	4399085.419966	7.855727	-0.717698	7.822874	1543308762.445197	3.319898	1.868283	1.994293
1.663911	470908.346132	4399086.195050	7.926240	-0.692998	7.895887	1543308762.535582	3.289748	1.900696	2.002248
1.660328	470908.285846	4399086.961182	7.850738	-0.702812	7.819216	1543308762.638479	3.278615	1.970186	1.998039
1.664991	470908.205653	4399087.777267	7.778408	-0.616622	7.753929	1543308762.739665	3.468213	1.822708	1.985605
1.683813	470908.225141	4399088.551432	7.740700	-0.705677	7.708467	1543308762.840607	3.313958	1.976080	1.990107
1.660646	470908.150899	4399089.338896	7.702216	-0.698533	7.670475	1543308762.928078	3.383112	1.927611	1.982610
1.649451	470908.047094	4399090.060898	7.723872	-0.665540	7.695145	1543308763.039440	3.405260	1.840199	1.979226
1.652283	470907.956416	4399090.908635	7.743829	-0.704967	7.711673	1543308763.139140	3.453866	1.818054	1.980700
1.655550	470907.957292	4399091.663483	7.690931	-0.682875	7.660554	1543308763.243865	3.317052	1.957008	1.971848
1.652388	470907.875169	4399092.476754	7.749293	-0.667285	7.720510	1543308763.348427	3.392766	1.909874	1.981263
1.669507	470907.762199	4399093.271329	7.808175	-0.721378	7.774781	1543308763.442194	3.482572	1.819142	1.984483
1.659263	470907.715500	4399094.029663	7.747283	-0.704608	7.715175	1543308763.534071	3.357478	1.846319	1.990297
1.657971	470907.701539	4399094.834251	7.937442	-0.664624	7.909567	1543308763.643065	3.287374	1.920344	2.001916
1.657004	470907.583864	4399095.602764	7.937446	-0.671111	7.909024	1543308763.746712	3.262612	2.002433	2.016462
1.665749	470907.542155	4399096.419900	7.938110	-0.601523	7.915287	1543308763.844805	3.291256	2.034118	2.024891
1.696136	470907.507434	4399097.225064	7.921962	-0.662667	7.894198	1543308763.931101	3.289341	2.071302	2.034162
1.677005	470907.394773	4399097.986997	7.971277	-0.678649	7.942336	1543308764.043704	3.279887	2.036517	2.026244
1.670198	470907.295481	4399099.574461	7.815271	-0.685564	7.785143	1543308764.243114	3.298007	1.914142	2.008009
1.653268	470907.239665	4399100.355866	7.855689	-0.673899	7.826730	1543308764.347633	3.318070	1.913396	1.998427
1.674982	470907.101063	4399101.940599	7.912257	-0.671819	7.883684	1543308764.538032	3.532048	1.979829	1.995951
1.675694	470907.074403	4399102.710036	7.861944	-0.723027	7.828626	1543308764.641484	3.326009	1.990872	1.994255
1.671272	470906.940699	4399103.480195	7.844417	-0.745349	7.808926	1543308764.747553	3.338907	1.879073	1.989335
1.701370	470906.859585	4399104.255788	7.817950	-0.734088	7.783409	1543308764.839388	3.398392	1.835058	1.985600
1.680645	470906.796499	4399105.092919	7.868149	-0.690235	7.837815	1543308764.935792	3.486189	1.828578	1.989859
1.682057	470906.732478	4399105.884906	7.924670	-0.665065	7.896713	1543308765.041742	3.487486	1.831636	1.979439
1.703203	470906.646043	4399106.685489	7.957393	-0.683263	7.928005	1543308765.141638	3.480680	1.824684	1.981266
1.684440	470906.630724	4399107.490586	8.030832	-0.768843	7.993944	1543308765.243759	3.455652	1.843791	1.977422
1.702126	470906.551618	4399108.264614	7.940187	-0.729177	7.906635	1543308765.340042	3.468145	1.839659	1.979155
1.699789	470906.528745	4399108.997360	7.881888	-0.630914	7.856596	1543308765.440702	3.383461	1.883439	1.989017
1.693151	470906.537672	4399109.787305	7.929365	-0.641804	7.903348	1543308765.534909	3.318399	2.023663	1.991739
1.693005	470906.397141	4399111.368121	7.937377	-0.612604	7.913701	1543308765.738419	3.350445	2.020870	2.002260
1.684125	470906.314339	4399112.167776	7.874995	-0.646070	7.848449	1543308765.843250	3.535197	2.012233	1.994621
1.679589	470906.219511	4399112.925532	7.805487	-0.690336	7.774900	1543308765.936368	3.360856	1.865028	2.004996
1.685850	470906.149230	4399113.720553	7.887313	-0.670298	7.858779	1543308766.040616	3.346790	1.880424	2.007285
1.692868	470906.113665	4399114.506906	7.884963	-0.775445	7.846740	1543308766.131463	3.345158	1.955711	2.012231
1.689580	470906.056262	4399115.337480	7.871116	-0.832164	7.827003	1543308766.242769	3.446137	1.992774	2.013836
1.686376	470906.025927	4399116.068352	7.890741	-0.862049	7.843511	1543308766.340538	3.327925	2.003095	2.010914
1.679091	470905.939556	4399116.846714	7.902823	-0.860117	7.855878	1543308766.445037	3.368574	1.928992	2.004626
1.666716	470905.875746	4399117.629578	7.951231	-0.828302	7.907970	1543308766.533994	3.314836	2.013629	2.015478
1.675050	470905.792175	4399118.398841	7.940830	-0.826865	7.897663	1543308766.643290	3.284474	1.984920	2.015748
1.691828	470905.732887	4399119.206147	7.956641	-0.755990	7.920645	1543308766.736941	3.265462	1.988246	2.018898
1.671791	470905.670077	4399119.950177	7.937243	-0.770577	7.899749	1543308766.841689	3.259391	1.982674	2.012452
1.676719	470905.583450	4399120.742210	7.850144	-0.784954	7.810801	1543308766.940889	3.354253	1.865591	1.986500
1.712427	470905.467578	4399121.594660	7.922881	-0.729146	7.889258	1543308767.044068	3.446763	1.817949	1.976043
1.667893	470905.505661	4399122.338535	7.847298	-0.735391	7.812764	1543308767.133245	3.379009	1.960487	1.984632
1.676613	470905.441853	4399123.122972	7.859570	-0.770874	7.821674	1543308767.241506	3.341826	1.986406	1.996434
1.683283	470905.388934	4399123.926971	8.014134	-0.795460	7.974559	1543308767.341449	3.287691	2.013736	2.013047
1.695432	470905.308733	4399124.715714	8.008255	-0.764949	7.971637	1543308767.445440	3.354106	1.970913	2.009434
1.685495	470905.138712	4399126.273703	7.772836	-0.695048	7.741698	1543308767.640755	3.349533	1.886155	2.000081
1.685430	470905.079757	4399127.039628	7.759023	-0.763322	7.721385	1543308767.735899	3.379130	1.925490	2.001718
1.662292	470905.065826	4399127.838955	7.821916	-0.749591	7.785916	1543308767.848294	3.394428	1.951222	1.994071
1.670138	470904.968144	4399128.622935	7.927586	-0.769323	7.890169	1543308767.947204	3.332022	1.928586	2.004201
1.674374	470904.949868	4399129.440611	7.969869	-0.791925	7.930427	1543308768.039586	3.360128	2.016951	2.013727
1.650568	470904.807817	4399130.230912	7.979919	-0.774423	7.942252	1543308768.138337	3.377138	1.981079	2.017699
1.665660	470904.792420	4399131.015847	7.975234	-0.767075	7.938259	1543308768.243738	3.358784	1.979689	2.015457
1.666713	470904.743836	4399131.778340	7.973313	-0.765333	7.936497	1543308768.339727	3.299150	1.950952	2.009191
1.679292	470904.643094	4399133.361012	7.994374	-0.802859	7.953957	1543308768.541376	3.281103	1.991011	2.023417
1.678640	470904.575197	4399134.177558	7.984398	-0.823338	7.941834	1543308768.641410	3.333372	1.993304	2.036794
1.685038	470904.511614	4399134.928939	7.938462	-0.848202	7.893018	1543308768.738540	3.277915	1.997493	2.012703
1.659204	470904.342030	4399136.485150	8.199866	-0.779430	8.162738	1543308768.940408	3.325091	1.833851	1.977255
1.660762	470904.350510	4399137.272657	8.186044	-0.675351	8.158138	1543308769.042567	3.327134	1.953552	2.067538
1.664426	470904.203288	4399138.079782	8.213622	-0.708664	8.182994	1543308769.151230	3.382325	1.837331	1.974311
1.697756	470904.119799	4399138.897114	8.198054	-0.823599	8.156578	1543308769.240801	3.511572	1.827816	1.980620
1.659328	470904.098852	4399139.616002	8.159199	-0.785142	8.121335	1543308769.341425	3.342485	1.847176	1.984931
1.685863	470904.090138	4399140.416089	8.239468	-0.769484	8.203458	1543308769.442940	3.273642	2.003862	2.011781
1.691412	470904.037186	4399141.218353	8.174833	-0.703677	8.144491	1543308769.549736	3.299516	2.061553	2.011307
1.652552	470903.921370	4399141.991336	8.003217	-0.676537	7.974571	1543308769.644263	3.355087	2.002440	2.004812
1.674621	470903.924513	4399142.775520	7.987037	-0.620640	7.962886	1543308769.736671	3.270324	1.999618	2.007024
1.661276	470903.794378	4399143.549648	7.986155	-0.656514	7.959124	1543308769.838938	3.283880	1.970353	2.016517
1.690476	470903.779456	4399144.425966	7.950201	-0.655036	7.923170	1543308769.939972	3.360992	2.015920	2.024114
1.671129	470903.718364	4399145.182222	7.935079	-0.584663	7.913510	1543308770.041626	3.303377	2.008390	2.039036
1.667165	470903.641565	4399145.941834	7.758573	-0.600804	7.735275	1543308770.138014	3.306195	2.056500	2.026517
1.651865	470903.571509	4399146.706737	7.765243	-0.610762	7.741186	1543308770.239933	3.282079	1.910927	2.002944
1.662086	470903.483936	4399147.464203	7.772479	-0.588228	7.750188	1543308770.339437	3.354324	1.901638	2.008769
1.640552	470903.411986	4399148.269225	7.777132	-0.642565	7.750542	1543308770.441232	3.297791	1.967033	2.005503
1.652309	470903.338229	4399148.960654	7.677650	-0.654330	7.649717	1543308770.541291	3.310980	2.014941	2.005514
1.665343	470903.306288	4399149.672199	7.287132	-0.643379	7.258675	1543308770.643502	3.312855	2.007657	1.998887
1.636819	470903.228587	4399150.325902	6.792314	-0.553313	6.769739	1543308770.743423	3.367968	2.018056	1.986689
1.672424	470903.216269	4399150.920133	6.286625	-0.540731	6.263327	1543308770.840980	3.353514	2.060546	1.982247
1.641973	470903.161061	4399151.455369	5.783720	-0.460398	5.765366	1543308770.939723	3.332969	2.024516	2.081236
1.624740	470903.112703	4399151.977351	5.003333	-0.366892	4.989862	1543308771.041430	3.304714	2.076038	1.988461
1.674684	470903.107588	4399152.469059	4.702213	-0.348161	4.689306	1543308771.139298	3.335311	2.062654	1.985970
1.682770	470903.107099	4399152.850367	4.383269	-0.322138	4.371416	1543308771.243231	3.437781	2.104702	2.057301
1.674995	470903.068385	4399153.232226	3.736574	-0.300630	3.724461	1543308771.342261	3.363274	2.061610	2.022129
1.695463	470902.986159	4399153.572466	3.598149	-0.322875	3.583634	1543308771.447236	3.340853	1.880888	2.010647
1.676506	470903.042219	4399154.053782	3.141946	-0.304581	3.127148	1543308771.539811	3.517836	2.088762	2.050621
1.678181	470902.945151	4399154.514674	2.349472	-0.249697	2.336166	1543308771.740448	3.418197	2.096602	2.003068
1.671878	470902.942055	4399154.837720	2.206867	-0.235586	2.194256	1543308771.845554	3.515233	2.155653	1.991993
1.655199	470902.903882	4399154.963941	1.603041	-0.154012	1.595625	1543308771.942381	3.395867	2.044761	1.991403
1.661048	470902.890046	4399155.154875	1.465647	-0.138171	1.459119	1543308772.042698	3.376880	2.002206	1.987979
1.672755	470902.900180	4399155.402642	1.537920	-0.148332	1.530750	1543308772.142208	3.328645	1.949981	1.995951
1.668977	470902.894910	4399155.581261	1.457235	-0.136679	1.450811	1543308772.243757	3.302305	1.976568	2.006317
1.664750	470902.862269	4399155.736419	1.285037	-0.150081	1.276242	1543308772.341572	3.248405	2.004931	1.999838
1.682043	470902.852320	4399155.989067	1.379391	-0.164628	1.369532	1543308772.443655	3.515616	2.133411	1.998672
1.653150	470902.818495	4399156.122641	1.473651	-0.135232	1.467433	1543308772.540188	3.315649	2.027120	2.006925
1.683118	470902.812506	4399156.274268	1.387535	-0.146573	1.379772	1543308772.644659	3.460764	2.059140	2.009176
1.656220	470902.786337	4399156.475487	1.480694	-0.147160	1.473363	1543308772.743881	3.410697	1.993009	2.011905
1.650471	470902.717076	4399156.805663	1.667781	-0.137899	1.662070	1543308772.845045	3.691125	2.103856	2.010050
1.656886	470902.702165	4399157.007165	1.731593	-0.192080	1.720907	1543308772.940594	3.668842	2.069665	2.008662
1.677809	470902.776806	4399157.108127	1.821507	-0.201823	1.810291	1543308773.043182	3.414777	2.024767	2.022136
1.672225	470902.748917	4399157.508178	2.272356	-0.198603	2.263660	1543308773.147873	3.463346	2.028083	2.029637
1.689572	470902.733676	4399157.774906	2.565843	-0.252849	2.553354	1543308773.255188	3.322014	2.072130	2.022924
1.674298	470902.683216	4399158.106217	2.679793	-0.246538	2.668428	1543308773.344984	3.342412	2.029649	2.021386
1.691538	470902.683588	4399158.444666	2.858737	-0.289940	2.843995	1543308773.449464	3.512970	2.036989	2.018229
1.671735	470902.636359	4399158.666558	2.942925	-0.297824	2.927817	1543308773.546018	3.474734	2.057489	2.018894
1.688682	470902.620395	4399159.066855	2.547211	-0.210555	2.538493	1543308773.650818	3.727521	2.038337	2.025193
1.684210	470902.643421	4399159.164859	2.388865	-0.222827	2.378450	1543308773.743458	3.535485	2.106491	2.025651
1.658961	470902.551420	4399159.514933	1.517750	-0.116293	1.513288	1543308773.943759	3.368176	2.084017	2.028383
1.675772	470902.583320	4399159.614512	1.025364	-0.085869	1.021762	1543308774.052551	3.369894	2.012543	2.030788
1.667404	470902.533071	4399159.754036	0.690673	-0.061025	0.687972	1543308774.142072	3.489231	2.062979	2.041006
1.665529	470902.533888	4399159.838139	0.646637	-0.057450	0.644080	1543308774.251543	3.396645	1.996001	2.063082
1.660464	470902.514864	4399159.833597	0.370375	-0.032978	0.368904	1543308774.342357	3.437969	2.069666	2.067445
1.652048	470902.516727	4399159.854615	0.368708	-0.032281	0.367293	1543308774.541053	3.460009	2.140467	2.079408
1.652326	470902.528481	4399159.801950	0.297129	-0.025430	0.296039	1543308774.649339	3.379090	2.044420	2.069477
1.650765	470902.530785	4399159.827387	0.000000	0.000000	0.000000	1543308774.742659	3.399217	2.020675	2.068590
1.672949	470902.537697	4399159.871224	0.000000	0.000000	0.000000	1543308774.856667	3.404149	2.063547	2.140138
1.641753	470902.510306	4399159.907691	0.000000	0.000000	0.000000	1543308774.941778	3.545089	2.069892	2.069836
1.629717	470902.467580	4399159.851016	0.000000	0.000000	0.000000	1543308775.051365	3.473277	2.106716	2.068956
1.648147	470902.504348	4399159.891964	0.000000	0.000000	0.000000	1543308775.142729	3.566816	2.153404	2.059094
1.653897	470902.532070	4399159.918117	0.000000	0.000000	0.000000	1543308775.255053	3.624780	2.114900	2.054437
1.651970	470902.519892	4399159.814373	0.000000	0.000000	0.000000	1543308775.342789	3.369049	2.073206	2.053150
1.660975	470902.510591	4399159.897443	0.000000	0.000000	0.000000	1543308775.453546	3.522684	2.120464	2.053843
1.651590	470902.507376	4399159.962638	0.000000	0.000000	0.000000	1543308775.540759	3.597533	2.062033	2.057230
1.661014	470902.505802	4399159.870677	0.000000	0.000000	0.000000	1543308775.654347	3.452922	2.112956	2.055950
1.640277	470902.450559	4399159.950314	0.000000	0.000000	0.000000	1543308775.741706	3.648705	2.121363	2.051992
1.639262	470902.477714	4399159.954739	0.000000	0.000000	0.000000	1543308775.858815	3.615843	2.064151	2.051414
1.659829	470902.510057	4399159.858666	0.000000	0.000000	0.000000	1543308775.943357	3.388258	2.092092	2.041017
1.644996	470902.456043	4399159.985698	0.000000	0.000000	0.000000	1543308776.048925	3.606506	2.136509	2.032027
1.651204	470902.493392	4399160.032317	0.000000	0.000000	0.000000	1543308776.143640	3.603814	2.187009	2.055474
1.644965	470902.485283	4399160.016936	0.000000	0.000000	0.000000	1543308776.248832	3.447541	2.103585	2.043742
1.650673	470902.469278	4399160.192077	0.000000	0.000000	0.000000	1543308776.353552	3.632954	2.116292	2.044801
1.626189	470902.429428	4399160.364595	1.260652	-0.069795	1.258718	1543308776.446193	3.753452	2.105044	2.027993
1.674586	470902.461333	4399160.445942	1.553216	-0.131200	1.547664	1543308776.542886	3.655255	2.119180	2.041072
1.648868	470902.456252	4399160.570623	1.533094	-0.126119	1.527898	1543308776.645736	3.555348	2.157365	2.046749
1.654133	470902.418491	4399160.728184	1.729740	-0.143027	1.723817	1543308776.739885	3.644579	2.126268	2.068213
1.647116	470902.439562	4399160.867849	1.487515	-0.119177	1.482733	1543308776.845762	3.634511	2.106957	2.061332
1.622476	470902.375267	4399161.003944	0.863923	-0.058018	0.861973	1543308777.047390	3.573482	2.072520	2.078840
1.629675	470902.389096	4399160.970867	0.774930	-0.050346	0.773292	1543308777.146102	3.411977	2.039448	2.035365
1.627066	470902.375646	4399161.156862	0.717664	-0.044841	0.716261	1543308777.241120	3.671355	2.096630	2.074750
1.639293	470902.359749	4399161.098985	0.630465	-0.040279	0.629177	1543308777.341481	3.456637	2.098152	2.043628
1.637548	470902.344483	4399161.129274	0.251744	-0.016109	0.251228	1543308777.454151	3.467253	2.101362	2.046143
1.626841	470902.319412	4399161.158668	0.246996	-0.015160	0.246531	1543308777.544826	3.494495	2.109650	2.042980
1.632438	470902.353398	4399161.221111	0.246968	-0.015117	0.246505	1543308777.655123	3.578082	2.114368	2.044259
1.641989	470902.365325	4399161.214828	0.246888	-0.015260	0.246416	1543308777.742263	3.587178	2.142624	2.045322
1.642162	470902.368040	4399161.161743	0.260347	-0.016085	0.259849	1543308777.854848	3.498326	2.060202	2.044823
1.632414	470902.328342	4399161.157883	0.000000	0.000000	0.000000	1543308777.944435	3.478924	2.107578	2.041378
1.633123	470902.335503	4399161.166186	0.000000	0.000000	0.000000	1543308778.053909	3.504896	2.095628	2.042224
1.629960	470902.326806	4399161.171231	0.000000	0.000000	0.000000	1543308778.139767	3.508866	2.103436	2.044273
1.632824	470902.335908	4399161.170045	0.000000	0.000000	0.000000	1543308778.250176	3.494630	2.099186	2.042571
1.636433	470902.337283	4399161.179646	0.000000	0.000000	0.000000	1543308778.345444	3.516826	2.112343	2.042301
1.647772	470902.359179	4399161.189414	0.000000	0.000000	0.000000	1543308778.453130	3.539054	2.132963	2.042870
1.638383	470902.357413	4399161.168127	0.000000	0.000000	0.000000	1543308778.545551	3.491099	2.106166	2.044258
1.624874	470902.323688	4399161.171773	0.000000	0.000000	0.000000	1543308778.653677	3.509123	2.108806	2.041411
1.626012	470902.320530	4399161.175963	0.000000	0.000000	0.000000	1543308778.741591	3.506224	2.109113	2.080615
1.630113	470902.321930	4399161.162841	0.000000	0.000000	0.000000	1543308778.849850	3.490198	2.108974	2.044193
1.627470	470902.312286	4399161.163931	0.000000	0.000000	0.000000	1543308778.941370	3.502627	2.107260	2.042220
1.631907	470902.316679	4399161.169677	0.000000	0.000000	0.000000	1543308779.054937	3.516188	2.094772	2.043471
1.641586	470902.321441	4399161.155645	0.000000	0.000000	0.000000	1543308779.142142	3.476996	2.133946	2.043530
1.632497	470902.323664	4399161.228109	0.000000	0.000000	0.000000	1543308779.250206	3.636506	2.157857	2.041499
1.616225	470902.291011	4399161.172426	0.000000	0.000000	0.000000	1543308779.345784	3.501436	2.108606	2.042437
1.636539	470902.319412	4399161.165622	0.000000	0.000000	0.000000	1543308779.452562	3.500445	2.113153	2.043557
1.639000	470902.330875	4399161.143268	0.000000	0.000000	0.000000	1543308779.539638	3.472442	2.135540	2.043443
1.630080	470902.316234	4399161.166261	0.000000	0.000000	0.000000	1543308779.652282	3.493289	2.107794	2.044722
1.632848	470902.322216	4399161.165854	0.000000	0.000000	0.000000	1543308779.740604	3.491694	2.108167	2.043510
1.637220	470902.329964	4399161.160930	0.000000	0.000000	0.000000	1543308779.847176	3.481991	2.110316	2.043568
