front	position-x	position-y	speed	speed-x	speed-y	timestamp	v-x	v-y	v-z
-1.422957	470936.968546	4398736.263292	0.000000	0.000000	0.000000	1543308010.546668	3.230701	1.807171	2.017278
-1.419966	470936.943704	4398736.253348	0.000000	0.000000	0.000000	1543308010.649390	3.211236	1.756638	2.007092
-1.420739	470937.130601	4398736.258450	0.000000	0.000000	0.000000	1543308010.750212	3.191007	2.094255	2.014477
-1.422761	470937.138602	4398736.283220	0.000000	0.000000	0.000000	1543308010.950328	3.230338	2.069991	2.009857
-1.424598	470937.126305	4398736.284085	0.000000	0.000000	0.000000	1543308011.049100	3.238105	2.083274	2.009160
-1.427212	470937.137008	4398736.282600	0.000000	0.000000	0.000000	1543308011.150463	3.223739	2.057255	2.016742
-1.429648	470937.091756	4398736.281974	0.000000	0.000000	0.000000	1543308011.346120	3.237611	2.046559	2.017365
-1.431741	470937.105968	4398736.258350	0.000000	0.000000	0.000000	1543308011.548326	3.234635	2.116360	2.012553
-1.431378	470937.018429	4398736.224714	0.000000	0.000000	0.000000	1543308011.648311	3.249126	1.838870	2.021119
-1.434359	470937.087495	4398736.229584	0.000000	0.000000	0.000000	1543308011.845622	3.281883	2.054707	2.035557
-1.436040	470936.988432	4398736.217833	0.000000	0.000000	0.000000	1543308011.955547	3.313529	1.805803	2.032908
-1.438046	470937.100983	4398736.218282	0.000000	0.000000	0.000000	1543308012.052145	3.320951	2.024562	2.043683
-1.441039	470937.040283	4398736.194782	0.000000	0.000000	0.000000	1543308012.158224	3.286490	1.941003	2.053334
-1.445954	470937.103998	4398736.223441	0.000000	0.000000	0.000000	1543308012.245911	3.249755	2.000633	2.067968
-1.448333	470937.043262	4398736.235525	0.000000	0.000000	0.000000	1543308012.360107	3.204137	1.917130	2.067040
-1.448157	470936.965710	4398736.218709	0.000000	0.000000	0.000000	1543308012.447786	3.196315	1.794905	1.885903
-1.447957	470937.031876	4398735.747535	0.000000	0.000000	0.000000	1543308012.553784	2.274558	1.803046	1.897838
-1.451095	470937.068545	4398736.266284	0.000000	0.000000	0.000000	1543308012.647603	3.255177	1.941741	1.909598
-1.456154	470937.075222	4398736.271987	0.000000	0.000000	0.000000	1543308012.757157	3.276873	1.930210	1.911934
-1.454027	470937.054553	4398736.252250	0.000000	0.000000	0.000000	1543308012.849941	3.238407	1.902106	1.921142
-1.453089	470937.098691	4398736.279729	0.000000	0.000000	0.000000	1543308012.956988	3.256743	2.034015	1.927774
-1.453593	470937.086675	4398736.267788	0.000000	0.000000	0.000000	1543308013.050982	3.284132	2.067988	1.931459
-1.455493	470937.101336	4398736.254763	0.000000	0.000000	0.000000	1543308013.158058	3.222517	2.058668	1.932762
-1.450531	470936.962683	4398736.263504	0.000000	0.000000	0.000000	1543308013.361900	3.317822	1.701244	1.946687
-1.450692	470937.121269	4398736.254512	0.000000	0.000000	0.000000	1543308013.446445	3.373913	2.069571	1.958686
-1.448352	470937.108064	4398736.242512	0.000000	0.000000	0.000000	1543308013.553252	3.364281	2.096307	1.945787
-1.448996	470937.098282	4398736.212137	0.000000	0.000000	0.000000	1543308013.649286	3.341278	2.041400	1.948230
-1.448215	470937.094805	4398736.245898	0.000000	0.000000	0.000000	1543308013.757481	3.437474	2.047400	1.958968
-1.449639	470936.961155	4398736.259137	0.000000	0.000000	0.000000	1543308013.846214	3.421585	1.882518	1.938006
-1.448701	470936.950705	4398736.279876	0.000000	0.000000	0.000000	1543308013.957852	3.327308	1.763024	1.935636
-1.450682	470937.101704	4398736.340714	0.000000	0.000000	0.000000	1543308014.049582	3.428818	2.068133	1.937823
-1.451854	470936.967452	4398736.383576	0.000000	0.000000	0.000000	1543308014.158131	3.309787	1.912340	1.940872
-1.455466	470937.001111	4398736.504638	0.298733	-0.071531	0.290043	1543308014.250594	3.292012	1.898826	1.930837
-1.456137	470937.058978	4398736.615062	0.913732	-0.096254	0.908648	1543308014.358913	3.329071	1.985995	1.921991
-1.456526	470937.000543	4398736.746267	1.249933	-0.115074	1.244625	1543308014.448889	3.336541	2.113228	1.924256
-1.455679	470936.911633	4398736.865491	1.552201	-0.126690	1.547022	1543308014.554729	3.246740	1.900388	1.920043
-1.460463	470937.004272	4398737.074077	1.848976	-0.040831	1.848525	1543308014.649630	3.255133	2.040345	1.924454
-1.460717	470936.976542	4398737.309769	2.163616	-0.233039	2.151030	1543308014.757471	3.326268	2.023548	1.903409
-1.459589	470936.975130	4398737.528858	2.450669	-0.256281	2.437232	1543308014.851278	3.314781	2.045076	2.070433
1.647919	470936.866959	4398737.783465	2.747910	-0.211978	2.739722	1543308014.957642	3.283002	1.879218	2.063069
1.644800	470936.835055	4398738.159968	3.035105	-0.224319	3.026804	1543308015.050503	3.296914	1.739538	2.056510
1.659680	470936.820313	4398738.498777	3.609576	-0.320268	3.595340	1543308015.157374	3.146857	1.758836	2.048777
1.670795	470936.715604	4398738.944233	3.636034	-0.362880	3.617881	1543308015.247996	3.292771	1.751573	2.055316
1.645449	470936.743611	4398739.295387	4.189704	-0.313019	4.177994	1543308015.360740	3.167546	1.813117	2.053860
1.674035	470936.658223	4398739.738461	4.483568	-0.461525	4.459751	1543308015.449709	3.144576	1.748277	2.054537
1.633723	470936.643792	4398740.202541	4.758675	-0.300166	4.749198	1543308015.556069	3.163849	1.860404	2.064279
1.652896	470936.621183	4398740.680894	4.782823	-0.391739	4.766754	1543308015.652359	3.159598	1.837139	2.059495
1.661112	470936.581931	4398741.160177	5.107264	-0.460388	5.086472	1543308015.758552	3.173552	1.863714	2.061029
1.669343	470936.524868	4398741.642140	4.880493	-0.479896	4.856842	1543308015.850532	3.177443	1.786831	2.068024
1.663828	470936.488179	4398742.124397	4.982666	-0.463242	4.961085	1543308015.957884	3.153899	1.818913	2.073005
1.661546	470936.408704	4398742.593801	5.024580	-0.455411	5.003899	1543308016.054569	3.162291	1.750570	2.072080
1.661920	470936.383227	4398743.052790	5.071406	-0.461645	5.050351	1543308016.156232	3.190247	1.774170	1.887091
1.652398	470936.336217	4398743.562186	5.125534	-0.417835	5.108475	1543308016.252207	3.203405	1.779883	1.898042
1.661389	470936.335488	4398744.066780	5.250232	-0.474683	5.228729	1543308016.357862	3.273305	1.801893	1.895002
1.653775	470936.254446	4398745.052824	5.250916	-0.435411	5.232833	1543308016.552328	3.219639	1.815215	1.910435
1.655763	470936.220114	4398745.552796	5.325291	-0.451857	5.306087	1543308016.652470	3.168475	1.819287	1.906368
1.662080	470936.112307	4398746.092166	5.437394	-0.495459	5.414774	1543308016.759327	3.158492	1.807155	1.895296
1.641936	470936.153586	4398746.083543	5.518460	-0.392816	5.504461	1543308016.851031	2.021756	1.780636	1.907652
1.662593	470936.051656	4398747.175841	5.580796	-0.511186	5.557335	1543308016.969156	3.148991	1.773407	1.904944
1.645057	470936.076783	4398747.300441	5.607965	-0.417141	5.592430	1543308017.073901	2.315014	1.805873	1.913427
1.653539	470935.943417	4398748.244156	5.672293	-0.468824	5.652885	1543308017.159569	3.098880	1.742219	1.930467
1.644604	470935.958173	4398748.803450	5.922494	-0.437227	5.906332	1543308017.260339	3.172813	1.798349	1.948611
1.655714	470935.882006	4398749.357408	6.010260	-0.509671	5.988611	1543308017.357466	3.097367	1.886237	1.949633
1.651321	470935.860364	4398749.978689	5.884604	-0.473849	5.865495	1543308017.456336	3.158682	1.824558	1.948964
1.652869	470935.735856	4398750.526981	6.063150	-0.496899	6.042755	1543308017.552126	3.086642	1.750880	1.965526
1.656919	470935.740615	4398750.727092	6.144764	-0.528078	6.122030	1543308017.657091	2.390261	1.716883	1.988872
1.642193	470935.746015	4398751.284453	6.251737	-0.445901	6.235815	1543308017.757411	2.338548	1.812915	1.996886
1.644299	470935.667796	4398751.967293	6.443295	-0.472775	6.425927	1543308017.856576	2.353800	1.764966	1.990942
1.638966	470935.634641	4398752.618236	6.542107	-0.445719	6.526906	1543308017.956972	2.336904	1.784876	1.991139
1.644300	470935.551525	4398753.204356	6.619879	-0.485982	6.602016	1543308018.056600	2.283218	1.783389	2.004959
1.659535	470935.476572	4398753.847442	6.713105	-0.594851	6.686698	1543308018.157540	2.197172	1.746792	2.004191
1.657243	470935.398939	4398754.972763	6.633494	-0.572771	6.608720	1543308018.257711	3.126456	1.724170	1.984912
1.649324	470935.411885	4398755.211759	6.769229	-0.531125	6.748361	1543308018.358495	2.276379	1.727273	1.995108
1.658822	470935.335285	4398755.855896	6.866922	-0.603113	6.840386	1543308018.455822	2.181351	1.796450	2.015080
1.664276	470935.223194	4398757.013671	7.090725	-0.661539	7.059798	1543308018.552970	3.164800	1.671032	1.830462
1.649593	470935.235848	4398757.709122	7.219996	-0.568552	7.197575	1543308018.657193	3.121034	1.835212	1.966586
1.656842	470935.213806	4398758.040743	7.319416	-0.628422	7.292389	1543308018.757770	2.363945	1.883069	1.850476
1.664057	470935.098011	4398758.679256	7.334476	-0.682849	7.302619	1543308018.857643	2.246922	1.710334	1.851203
1.649585	470935.083815	4398759.433373	7.456519	-0.587604	7.433331	1543308018.959809	2.258922	1.778911	1.850230
1.660363	470934.941734	4398760.614422	7.584789	-0.678192	7.554408	1543308019.059726	3.198621	1.886565	2.062522
1.658680	470934.929624	4398761.339121	7.587962	-0.666295	7.558651	1543308019.156597	3.269862	2.068994	1.913157
1.646852	470934.803951	4398762.080110	7.713271	-0.586800	7.690917	1543308019.257481	3.315993	1.953361	1.917956
1.653469	470934.795260	4398762.859415	7.834162	-0.647057	7.807395	1543308019.357298	3.193596	1.896759	1.887729
1.644692	470934.742428	4398762.925528	7.823635	-0.577947	7.802258	1543308019.457468	1.813830	1.788998	1.871682
1.647296	470934.745722	4398763.529654	7.965128	-0.608634	7.941840	1543308019.551104	1.473527	1.858050	2.050666
1.648653	470934.682258	4398764.314070	8.068035	-0.627461	8.043599	1543308019.655748	1.497657	1.772181	1.870380
1.648436	470934.519673	4398765.903231	8.061374	-0.624960	8.037112	1543308019.755714	3.156988	1.875234	1.886492
1.651197	470934.492819	4398766.699986	8.186558	-0.657025	8.160151	1543308019.857371	3.331524	1.907250	1.920286
1.652175	470934.465221	4398766.581073	8.186660	-0.665363	8.159576	1543308019.956019	1.494483	1.774904	1.936197
1.651080	470934.307167	4398768.279982	8.224167	-0.659871	8.197652	1543308020.056309	3.243872	1.904109	1.968405
1.663431	470934.230498	4398769.079256	8.209513	-0.758998	8.174352	1543308020.156091	3.271188	1.746725	1.959393
1.649866	470934.204528	4398769.604236	8.261468	-0.652937	8.235625	1543308020.255350	2.750020	1.712116	1.961204
1.662882	470934.098140	4398770.590157	8.145447	-0.748567	8.110977	1543308020.356216	3.272854	1.855672	1.940434
1.652957	470934.149552	4398771.477146	8.057658	-0.661873	8.030428	1543308020.460762	3.319946	1.900665	1.917786
1.646640	470934.051656	4398772.267007	8.017592	-0.607957	7.994509	1543308020.553628	3.259898	2.067387	1.907822
1.657809	470933.912672	4398773.066673	8.313815	-0.722005	8.282405	1543308020.659002	3.185754	1.676936	2.063899
1.646009	470933.946817	4398773.037252	8.038458	-0.604738	8.015678	1543308020.758930	1.511572	1.751764	2.039325
1.651269	470933.839579	4398774.283221	8.382315	-0.673849	8.355186	1543308020.861438	2.404401	1.806342	2.001658
1.645570	470933.789535	4398775.030040	8.483509	-0.634312	8.459762	1543308020.956491	2.286227	1.812737	1.846078
1.643371	470933.665791	4398777.131321	8.180547	-0.593033	8.159023	1543308021.156441	3.243850	1.832058	2.033278
1.656696	470933.611023	4398777.920068	8.097775	-0.694019	8.067980	1543308021.257296	3.296287	1.965642	2.055795
1.651677	470933.528668	4398777.815098	7.986321	-0.645485	7.960193	1543308021.357716	1.551486	1.760443	1.895339
1.655108	470933.368798	4398779.515550	8.073918	-0.679879	8.045242	1543308021.459998	3.309732	1.821210	2.065095
1.650535	470933.384283	4398780.364102	8.420315	-0.670877	8.393547	1543308021.551783	3.296476	1.994673	2.047809
1.658522	470933.265256	4398781.137931	8.502976	-0.744664	8.470305	1543308021.656080	3.223752	1.833275	2.017138
1.649100	470933.265730	4398781.993319	8.400469	-0.657491	8.374699	1543308021.757733	3.132128	1.819667	1.962713
1.640322	470933.201612	4398782.818672	8.474452	-0.589081	8.453953	1543308021.858475	3.139758	1.820884	1.927855
1.642322	470933.117788	4398783.635487	8.260564	-0.590216	8.239451	1543308021.957418	3.154433	1.755187	1.935602
1.651331	470933.063175	4398784.438510	8.416673	-0.676733	8.389423	1543308022.055130	3.153785	1.793501	1.948805
1.659982	470932.983050	4398785.256332	8.204998	-0.730492	8.172416	1543308022.154378	3.170937	1.825029	1.940681
1.659271	470932.939633	4398786.084648	8.192186	-0.723985	8.160132	1543308022.256543	3.171973	1.863539	1.927022
1.643537	470932.859714	4398786.891904	8.173187	-0.594611	8.151529	1543308022.356584	3.213785	1.773127	1.925386
1.652749	470932.780277	4398787.708017	8.165838	-0.668089	8.138462	1543308022.456207	3.171917	1.783839	1.925698
1.649372	470932.762233	4398788.530480	8.187356	-0.642825	8.162082	1543308022.555164	3.165532	1.880916	1.907815
1.639901	470932.649254	4398789.328329	8.214644	-0.567644	8.195008	1543308022.655257	3.225261	1.836213	1.910040
1.645626	470932.639626	4398790.156522	8.216600	-0.614002	8.193626	1543308022.757705	3.228149	1.828147	1.901048
1.643687	470932.570441	4398790.996418	8.357787	-0.608664	8.335594	1543308022.860197	3.203868	1.918134	2.074992
1.645037	470932.540553	4398791.856524	8.380544	-0.621332	8.357479	1543308022.958677	3.182264	1.924606	2.044483
1.642301	470932.470789	4398792.686986	8.364709	-0.597413	8.343348	1543308023.059171	3.178140	1.905243	2.017101
1.644851	470932.414860	4398793.500638	8.386690	-0.620084	8.363735	1543308023.162229	3.191249	1.889222	2.007334
1.638538	470932.351314	4398794.278427	8.219158	-0.556539	8.200294	1543308023.258542	3.219085	1.856514	2.029692
1.641053	470932.292097	4398795.115094	8.100959	-0.568642	8.080976	1543308023.359932	3.199919	1.929501	2.022388
1.663111	470932.130882	4398795.954309	8.230144	-0.757934	8.195169	1543308023.458683	3.211317	1.863890	2.031544
1.659432	470932.061312	4398796.750864	8.226748	-0.728585	8.194422	1543308023.555803	3.181288	1.735883	2.039899
1.645474	470932.012862	4398797.629486	8.224826	-0.614356	8.201849	1543308023.655467	3.294432	1.870270	2.043862
1.642234	470931.935407	4398798.362905	8.222284	-0.587060	8.201300	1543308023.758146	3.126391	1.854524	2.032966
1.652048	470931.915568	4398799.197001	8.195437	-0.664715	8.168436	1543308023.859818	3.170069	1.837585	2.009408
1.661996	470931.741754	4398800.844871	8.178287	-0.744350	8.144342	1543308024.056875	3.441475	2.036512	2.034044
1.653083	470931.784678	4398801.660045	8.165134	-0.671419	8.137482	1543308024.158136	3.376932	1.936351	2.029074
1.648623	470931.645015	4398802.509578	8.383656	-0.651940	8.358269	1543308024.256835	3.290762	1.873387	1.972230
1.647270	470931.522752	4398804.068529	8.155191	-0.623466	8.131324	1543308024.456712	3.195800	1.922749	1.927170
1.647857	470931.389245	4398805.729508	7.945536	-0.612359	7.921904	1543308024.656061	3.374877	1.914199	1.985391
1.653351	470931.307037	4398806.512312	7.877756	-0.649367	7.850947	1543308024.757937	3.297674	2.057358	1.980088
1.655201	470931.235224	4398807.315348	7.791116	-0.656790	7.763383	1543308024.857607	3.319363	2.080734	1.952716
1.664140	470931.117431	4398808.076658	7.907285	-0.736720	7.872890	1543308024.965234	3.252039	1.897014	2.057883
1.648278	470931.105247	4398808.937940	8.201204	-0.635430	8.176551	1543308025.056772	3.258772	1.771227	2.026183
1.660563	470930.986672	4398809.694280	7.750500	-0.694338	7.719336	1543308025.159653	3.317936	1.893088	2.040883
1.652041	470931.023478	4398810.588476	7.847054	-0.637157	7.821144	1543308025.256973	3.334659	1.881057	2.072378
1.650831	470930.940672	4398811.349844	7.745604	-0.619363	7.720801	1543308025.356491	3.265632	1.988559	2.067385
1.657615	470930.773571	4398812.132315	8.110318	-0.703369	8.079761	1543308025.459535	3.300956	1.879117	2.015254
1.655149	470930.776066	4398812.907065	8.100314	-0.682866	8.071480	1543308025.553421	3.231603	1.956044	2.071186
1.654292	470930.706205	4398813.718963	8.123556	-0.677816	8.095229	1543308025.654649	3.302099	1.938056	2.056524
1.651245	470930.654319	4398814.535468	8.140499	-0.653985	8.114187	1543308025.756643	3.304794	1.884157	2.067712
1.659896	470930.504401	4398815.329546	8.131736	-0.723024	8.099529	1543308025.858917	3.220604	1.908792	1.982398
1.649290	470930.388765	4398816.905244	8.126254	-0.637681	8.101195	1543308026.059425	3.376419	2.030682	2.052846
1.652746	470930.285560	4398817.692682	8.144987	-0.666617	8.117661	1543308026.158019	3.327309	1.941370	1.965369
1.653725	470930.292393	4398818.491753	7.861391	-0.651137	7.834379	1543308026.255958	3.331450	1.929815	2.029250
1.665482	470930.141976	4398819.401994	8.075629	-0.763128	8.039492	1543308026.358801	3.811952	1.968166	2.070676
1.658774	470930.133245	4398820.026618	8.050358	-0.707652	8.019196	1543308026.459488	3.461499	2.050021	2.072085
1.660173	470930.050388	4398820.828149	7.997473	-0.713794	7.965556	1543308026.551026	3.501439	2.021572	2.065656
1.653598	470930.032555	4398821.653959	7.935545	-0.656577	7.908336	1543308026.659482	3.351775	1.953078	2.023781
1.655766	470929.885805	4398822.464420	7.944028	-0.674149	7.915372	1543308026.759156	3.318737	2.013839	1.955006
1.648454	470929.846739	4398823.306836	7.901975	-0.613237	7.878144	1543308026.859594	3.395296	2.108989	1.994331
1.652893	470929.837721	4398824.054194	7.881684	-0.646076	7.855160	1543308026.958217	3.353250	1.942223	2.069791
1.620817	470929.691247	4398824.844988	7.864149	-0.565268	7.843807	1543308027.058904	3.318946	1.907794	2.011821
1.696965	470929.704974	4398825.685413	7.785185	-0.560411	7.764988	1543308027.160460	3.412824	2.038859	1.964284
1.711020	470929.652800	4398826.434697	7.982442	-0.608164	7.959241	1543308027.258469	3.528313	2.060495	1.965663
1.671868	470929.501876	4398828.080817	7.983144	-0.724279	7.950220	1543308027.459024	3.435506	1.905605	2.010313
1.678162	470929.471340	4398828.758329	7.668374	-0.728683	7.633674	1543308027.552229	3.412360	2.027155	2.039285
1.672181	470929.403532	4398829.603040	7.683413	-0.744595	7.647248	1543308027.654646	3.416304	1.988168	1.995899
1.651435	470929.276366	4398830.396396	7.791033	-0.714337	7.758216	1543308027.759124	3.383755	1.824891	2.041484
1.632265	470929.216163	4398831.206538	7.756231	-0.652084	7.728772	1543308027.858330	3.373246	1.822356	2.040167
1.628500	470929.151990	4398831.976909	7.981533	-0.607267	7.958398	1543308027.957876	3.358930	1.984154	1.990355
1.649421	470929.114801	4398832.867445	7.956157	-0.569867	7.935722	1543308028.057261	3.609680	2.119424	2.068384
1.648089	470929.052673	4398833.538248	7.911777	-0.663707	7.883889	1543308028.158269	3.375953	2.030499	2.061692
1.641542	470928.988177	4398834.336381	7.736091	-0.614629	7.711636	1543308028.255025	3.458009	1.925383	2.072619
1.662775	470928.924374	4398835.181264	7.642240	-0.615421	7.617420	1543308028.357085	3.416573	2.067098	1.966219
1.649382	470928.843685	4398835.946565	7.600695	-0.606665	7.576445	1543308028.458155	3.462127	2.004176	2.062370
1.663028	470928.834960	4398836.734649	7.589083	-0.618657	7.563825	1543308028.552989	3.428503	1.996068	2.050414
1.634582	470928.655026	4398838.370634	7.952878	-0.614226	7.929123	1543308028.758173	3.411556	2.046738	1.966274
1.671255	470928.694004	4398839.091730	7.926825	-0.598264	7.904216	1543308028.855546	3.319067	2.042784	1.978804
1.634639	470928.532061	4398839.948338	7.902090	-0.568450	7.881618	1543308028.959496	3.395540	1.989052	1.971680
1.628828	470928.431255	4398840.820565	7.847892	-0.549754	7.828613	1543308029.060584	3.653074	2.025365	1.964892
1.600382	470927.881728	4398842.301504	7.801870	-0.545230	7.782795	1543308029.257223	3.333041	2.833484	1.988062
1.635535	470928.299657	4398843.091715	8.073164	-0.601138	8.050752	1543308029.358031	3.368134	2.104801	1.975546
1.674318	470928.284885	4398843.931615	8.035324	-0.672391	8.007142	1543308029.459696	3.424088	2.097158	2.062026
1.647548	470928.201419	4398844.769420	8.000591	-0.738056	7.966475	1543308029.555241	3.609028	2.006718	2.047245
1.611544	470928.107418	4398845.611484	7.930522	-0.673503	7.901871	1543308029.655638	3.648657	1.952900	2.060966
1.623562	470927.983626	4398846.265548	7.874533	-0.669200	7.846046	1543308029.759017	3.331210	1.993583	2.072053
1.678081	470928.005804	4398847.018123	7.871173	-0.721926	7.837996	1543308029.861087	3.344250	1.853826	1.974560
1.681391	470927.925572	4398847.820378	7.824809	-0.697402	7.793669	1543308029.960486	3.355758	1.919055	1.971088
1.684465	470927.883964	4398848.586465	7.784926	-0.758100	7.747926	1543308030.060997	3.422419	1.870067	1.976839
1.646587	470927.881064	4398849.400014	7.835425	-0.705698	7.803581	1543308030.158717	3.393110	1.914451	2.000675
1.690598	470927.825814	4398850.216921	8.048448	-0.802900	8.008300	1543308030.258523	3.319499	2.024709	2.030582
1.680813	470927.740070	4398850.997334	7.997484	-0.823985	7.954923	1543308030.359798	3.352054	1.974438	2.044988
1.693175	470927.697930	4398851.795843	7.996290	-0.878269	7.947912	1543308030.460297	3.349902	2.028294	2.030423
1.709636	470927.510914	4398852.584739	7.975687	-0.951269	7.918754	1543308030.551272	3.370982	1.821609	1.998272
1.677210	470927.575364	4398853.395079	7.898987	-0.910315	7.846357	1543308030.657447	3.529066	2.026523	2.066414
1.707803	470927.475617	4398854.124524	7.890045	-0.969842	7.830212	1543308030.759076	3.425488	2.037567	2.049060
1.682187	470927.439198	4398854.955506	7.881487	-0.938729	7.825383	1543308030.860364	3.501634	2.003773	2.068112
1.683854	470927.367469	4398855.772487	8.198524	-0.960397	8.142078	1543308030.956995	3.424929	2.030457	1.987382
1.703678	470927.184999	4398856.496574	8.085689	-0.985938	8.025353	1543308031.058891	3.340958	1.824941	2.006374
1.717865	470927.119635	4398857.291133	8.032645	-1.048213	7.963958	1543308031.156272	3.355916	1.826302	1.999501
1.691422	470927.179684	4398858.158653	8.002114	-1.016467	7.937293	1543308031.258075	3.475417	2.013592	1.986235
1.681327	470927.141736	4398858.895778	7.821280	-0.947608	7.763662	1543308031.361200	3.344951	2.018792	1.997797
1.679161	470927.050177	4398859.655828	7.813729	-0.914699	7.760005	1543308031.458064	3.381566	2.012723	2.017300
1.676870	470926.939042	4398860.423280	7.807060	-0.881384	7.757148	1543308031.550987	3.329862	1.852248	2.014830
1.671408	470926.913357	4398861.258464	7.784895	-0.843817	7.739028	1543308031.657648	3.344547	1.991529	2.009823
1.667689	470926.792900	4398862.092416	8.022930	-0.839864	7.978849	1543308031.758145	3.450254	1.829587	1.989059
1.660907	470926.825978	4398862.840453	8.020774	-0.797260	7.981052	1543308031.859451	3.337040	1.980888	1.977577
1.711319	470926.669867	4398863.639332	8.010509	-0.791523	7.971308	1543308031.960285	3.347713	1.933421	1.978844
1.710119	470926.704018	4398864.427463	7.937537	-0.737091	7.903239	1543308032.058594	3.350513	2.071428	1.979787
1.688604	470926.546338	4398865.214328	7.915015	-0.677436	7.885971	1543308032.159441	3.350582	1.877887	1.981180
1.705063	470926.423404	4398866.788176	7.917923	-0.642318	7.891827	1543308032.360344	3.350616	1.877400	1.989630
1.689366	470926.346447	4398867.573443	7.907812	-0.740109	7.873102	1543308032.462082	3.348585	1.886759	2.002944
1.675983	470926.341377	4398868.357495	7.889908	-0.771486	7.852099	1543308032.556621	3.319880	1.966005	2.004392
1.699297	470926.126851	4398869.947950	7.835029	-0.696889	7.803975	1543308032.760748	3.336343	1.824856	2.003384
1.690713	470926.102329	4398871.515880	7.874985	-0.659600	7.847312	1543308032.959091	3.379458	2.027878	2.005909
1.711114	470925.922375	4398872.335799	7.972105	-0.709388	7.940480	1543308033.060887	3.346708	1.825854	1.997695
1.659623	470925.951543	4398873.112599	7.954514	-0.707106	7.923023	1543308033.170491	3.324491	1.968129	1.983196
1.659886	470925.860431	4398873.912593	7.991984	-0.710394	7.960348	1543308033.259156	3.321341	1.965393	1.972235
1.639525	470925.789727	4398874.705896	7.959829	-0.652618	7.933031	1543308033.364301	3.336378	1.917902	1.982408
1.710397	470925.703823	4398875.493408	7.976758	-0.725243	7.943720	1543308033.456885	3.346701	1.938381	1.988589
1.689578	470925.613051	4398876.237137	7.878433	-0.673149	7.849623	1543308033.557435	3.363025	1.888137	2.002941
1.698515	470925.603928	4398877.010574	7.931032	-0.801028	7.890476	1543308033.658103	3.369861	2.005414	2.011152
1.701495	470925.506918	4398877.809147	7.993843	-0.895189	7.943561	1543308033.766897	3.341914	1.963201	2.014099
1.695365	470925.424085	4398878.615930	7.968826	-0.817773	7.926754	1543308033.856373	3.408181	1.967556	2.010662
1.680349	470925.405400	4398879.407776	7.995178	-0.839981	7.950931	1543308033.958122	3.379350	1.970110	2.011469
1.657150	470925.290764	4398880.279610	8.011690	-0.782450	7.973390	1543308034.058823	3.379056	1.991250	2.023271
1.684576	470925.180953	4398881.778318	7.927420	-0.730597	7.893682	1543308034.269298	3.370927	1.973406	2.010463
1.696995	470925.182471	4398882.600554	7.926229	-0.670714	7.897800	1543308034.357447	3.352104	2.061890	1.987720
1.664786	470925.085999	4398883.382930	7.919655	-0.683968	7.890065	1543308034.468165	3.306225	1.980817	1.989437
1.667509	470924.958271	4398884.972147	7.988197	-0.768786	7.951117	1543308034.658793	3.283274	1.964921	2.020325
1.672693	470924.899172	4398885.750803	7.999779	-0.785707	7.961101	1543308034.768717	3.243995	2.083494	2.026740
1.680958	470924.733131	4398887.319443	7.907134	-0.804247	7.866127	1543308034.960559	3.335874	1.878577	2.012999
1.692875	470924.734418	4398888.142121	7.916301	-0.863174	7.869101	1543308035.059695	3.341879	1.987997	2.018080
1.673541	470924.626174	4398888.913202	7.993170	-0.852394	7.947590	1543308035.167517	3.315803	1.940832	2.017238
1.689362	470924.589636	4398889.722321	7.988203	-0.885848	7.938933	1543308035.258753	3.339732	1.979325	2.017011
1.682810	470924.536514	4398890.498014	8.035511	-0.893778	7.985649	1543308035.359937	3.280397	1.994454	2.022150
1.678071	470924.467814	4398891.299393	7.977571	-0.831614	7.934107	1543308035.457029	3.361988	2.006444	2.013808
1.671521	470924.385758	4398892.083038	7.973196	-0.819927	7.930925	1543308035.558009	3.331532	1.938270	2.017028
1.644083	470924.258170	4398892.913257	7.906166	-0.746999	7.870797	1543308035.658779	3.382299	2.091982	2.041172
1.662827	470924.290482	4398893.663792	7.878404	-0.680093	7.848995	1543308035.766746	3.236836	1.965358	2.053593
1.678402	470924.194749	4398894.472183	7.820428	-0.729699	7.786310	1543308035.858510	3.334357	2.037648	2.041469
1.684962	470924.138494	4398895.251660	7.800703	-0.782045	7.761403	1543308035.962502	3.349935	1.992851	2.008334
1.679706	470924.089542	4398896.045889	7.872217	-0.810192	7.830414	1543308036.057811	3.321995	2.026741	1.966059
1.666817	470923.955352	4398897.620220	7.940574	-0.693193	7.910259	1543308036.257530	3.397003	1.959782	2.068911
1.694130	470923.893853	4398898.467127	7.946408	-0.692506	7.916176	1543308036.359089	3.461405	2.046698	1.974326
1.699346	470923.761242	4398899.199883	7.998810	-0.658354	7.971671	1543308036.456675	3.335688	1.912329	1.981814
1.708435	470923.707357	4398899.985403	7.977675	-0.802796	7.937179	1543308036.552888	3.325090	1.942812	1.995981
1.680552	470923.648051	4398900.769324	7.989986	-0.828827	7.946881	1543308036.659564	3.355827	1.914489	2.008808
1.695343	470923.544243	4398901.558661	7.937823	-0.791414	7.898272	1543308036.759729	3.369286	1.854270	2.010144
1.660664	470923.515136	4398902.325215	7.877850	-0.756989	7.841395	1543308036.857607	3.356739	1.827381	2.009611
1.670755	470923.456277	4398903.122865	7.931877	-0.772843	7.894136	1543308036.961156	3.299497	1.852077	2.007040
1.684492	470923.435583	4398903.991809	7.944490	-0.818746	7.902188	1543308037.058643	3.440651	2.024328	1.999638
1.677841	470923.394440	4398904.732577	7.925699	-0.827621	7.882370	1543308037.160259	3.346147	2.012605	2.000800
1.640367	470923.310045	4398905.544071	7.992370	-0.762467	7.955917	1543308037.261801	3.350176	1.914879	1.994572
1.680972	470923.278561	4398906.309241	7.935240	-0.796857	7.895128	1543308037.361506	3.322408	2.030117	1.985328
1.670821	470923.206074	4398907.111819	7.950720	-0.796742	7.910699	1543308037.461394	3.346040	2.000879	1.983619
1.684243	470922.939911	4398910.284974	7.939938	-0.849286	7.894386	1543308037.859031	3.335670	1.975093	2.004044
1.687866	470922.880726	4398911.087341	7.989018	-0.882853	7.940087	1543308037.959499	3.340211	2.031672	2.001758
1.655989	470922.803645	4398911.858454	7.968366	-0.806557	7.927442	1543308038.066045	3.312754	1.957960	1.990069
1.663064	470922.758624	4398912.661421	7.968849	-0.779712	7.930612	1543308038.156432	3.327610	1.945695	1.988679
1.742211	470922.499728	4398914.248964	7.938045	-0.707314	7.906470	1543308038.367411	3.386572	1.860524	1.989852
1.687210	470922.557844	4398915.103547	7.942054	-0.640060	7.916220	1543308038.459553	3.467993	2.033015	1.987668
1.689999	470922.514951	4398915.839902	7.978031	-0.749876	7.942712	1543308038.560008	3.333206	2.057896	1.977824
1.729459	470922.385012	4398916.652318	7.959113	-0.737512	7.924869	1543308038.660024	3.374620	1.950085	1.974059
1.707627	470922.294187	4398917.439526	7.959453	-0.678548	7.930477	1543308038.768898	3.358832	1.930801	1.978192
1.649822	470922.287150	4398918.220140	7.933493	-0.657659	7.906187	1543308038.859227	3.340360	1.940254	1.981653
1.670205	470922.243077	4398919.013569	7.944028	-0.703005	7.912861	1543308038.959750	3.333391	1.961436	1.991168
1.694754	470922.122943	4398919.801720	7.976919	-0.800842	7.936617	1543308039.060076	3.354987	1.908771	2.001755
1.693323	470922.102542	4398920.603022	7.974713	-0.865203	7.927640	1543308039.159350	3.358851	1.995716	2.014666
1.680842	470922.046399	4398921.432129	7.935563	-0.786737	7.896468	1543308039.266931	3.365309	2.055840	2.038631
1.677841	470921.892617	4398923.005510	7.935394	-0.823372	7.892562	1543308039.458126	3.328692	2.004364	2.038013
1.704439	470921.858864	4398923.778852	7.933769	-0.903490	7.882156	1543308039.562577	3.271467	2.058007	2.017437
1.681823	470921.732237	4398924.552551	7.908824	-0.892393	7.858316	1543308039.658368	3.364471	1.875324	1.999780
1.676500	470921.716145	4398925.436916	7.992114	-0.861922	7.945501	1543308039.769344	3.447343	1.974701	2.004200
1.673261	470921.654355	4398926.161144	7.998120	-0.846133	7.953238	1543308039.858810	3.346279	1.948340	2.012547
1.688533	470921.580066	4398926.967109	7.968331	-0.877519	7.919865	1543308039.967899	3.295222	1.942059	2.009590
1.685743	470921.536604	4398927.765579	7.991945	-0.893161	7.941879	1543308040.058160	3.349566	1.994766	1.990335
1.701398	470921.496799	4398928.525365	7.844381	-0.923336	7.789850	1543308040.159905	3.373536	2.042152	2.068509
1.687193	470921.411924	4398929.326925	7.842387	-0.849324	7.796261	1543308040.258298	3.349758	2.027165	2.070960
1.703275	470921.248238	4398930.111527	7.889638	-0.919081	7.835922	1543308040.369518	3.344891	1.824197	1.983482
1.701297	470921.197651	4398931.659417	7.834144	-0.874485	7.785183	1543308040.560305	3.394748	2.013801	2.009603
1.684152	470921.136470	4398932.465888	7.971472	-0.894192	7.921160	1543308040.659151	3.333480	2.012568	2.001200
1.691006	470921.070175	4398933.240362	8.019134	-0.921997	7.965955	1543308040.767021	3.365627	1.984612	1.999353
1.701118	470920.954047	4398934.040375	8.021728	-0.967607	7.963156	1543308040.861434	3.381641	1.940494	1.998819
1.683137	470920.952308	4398934.838035	8.022711	-0.942702	7.967133	1543308040.961160	3.324763	2.007718	1.989371
1.701349	470920.888269	4398935.636227	8.021466	-0.977794	7.961648	1543308041.056592	3.326706	2.061327	1.976281
1.751252	470920.686818	4398936.429433	8.029961	-0.869202	7.982779	1543308041.157644	3.385045	1.864369	1.975823
1.682548	470920.760106	4398937.214224	8.034479	-0.879023	7.986248	1543308041.258905	3.314744	2.011055	1.984825
1.698658	470920.578511	4398937.995218	8.034601	-0.929572	7.980646	1543308041.367999	3.368440	1.820164	1.989261
1.660410	470920.599002	4398938.790014	8.022926	-0.852668	7.977487	1543308041.456418	3.292712	1.942545	1.995595
1.658588	470920.530615	4398939.555274	8.039176	-0.821257	7.997117	1543308041.558612	3.332592	1.897239	1.992842
1.669499	470920.467735	4398940.374727	7.972762	-0.767609	7.935724	1543308041.659349	3.342079	1.936107	1.991409
1.666439	470920.391227	4398941.164897	7.975738	-0.765410	7.938926	1543308041.760645	3.356627	1.955549	1.994205
1.682557	470920.324691	4398941.940222	7.898532	-0.800938	7.857819	1543308041.860642	3.276384	2.014941	2.009571
1.645337	470920.199889	4398942.723278	7.871693	-0.722437	7.838471	1543308041.960097	3.298819	2.065754	2.009910
1.692644	470920.178173	4398943.515147	7.814951	-0.740713	7.779769	1543308042.059698	3.265583	2.015324	2.009873
1.676645	470920.097692	4398944.295353	7.799192	-0.714725	7.766374	1543308042.159287	3.251253	1.970703	2.010978
1.675291	470920.052972	4398945.080093	7.799765	-0.645688	7.772993	1543308042.260010	3.343888	1.919837	2.005117
1.686774	470919.998420	4398945.864107	7.802673	-0.734418	7.768033	1543308042.370049	3.282643	1.986529	2.010139
1.684779	470919.920222	4398946.664895	7.995479	-0.703700	7.964452	1543308042.457977	3.256318	2.058174	2.016114
1.694994	470919.879642	4398947.471077	7.901885	-0.669030	7.873511	1543308042.562163	3.265367	2.023422	2.012310
1.673737	470919.716737	4398949.031976	7.950072	-0.695558	7.919586	1543308042.760187	3.354952	1.995336	1.988152
1.651009	470919.655560	4398949.847068	7.808783	-0.662788	7.780605	1543308042.865401	3.294331	1.915958	1.974596
1.679522	470919.536596	4398950.618511	7.893156	-0.736554	7.858715	1543308042.971025	3.367807	1.844159	1.969612
1.663545	470919.429711	4398952.254780	7.801410	-0.717908	7.768308	1543308043.160964	3.446272	1.859499	1.972426
1.668715	470919.407406	4398952.999193	7.798372	-0.733067	7.763840	1543308043.260376	3.299826	1.931058	1.989676
1.657292	470919.356401	4398953.752980	7.972218	-0.724074	7.939268	1543308043.366205	3.339002	1.961317	2.008305
1.676567	470919.271429	4398954.581860	7.944025	-0.728826	7.910521	1543308043.459416	3.304148	1.961996	2.017400
1.660253	470919.176009	4398955.390736	7.959495	-0.716037	7.927222	1543308043.567913	3.416928	2.017505	2.013621
1.682101	470919.168223	4398956.126725	7.916978	-0.679067	7.887802	1543308043.658606	3.283225	1.977707	2.013442
1.667494	470919.097575	4398956.941229	7.957328	-0.714245	7.925208	1543308043.759643	3.269860	2.040363	2.012081
1.672412	470919.023177	4398957.702612	8.034237	-0.730247	8.000981	1543308043.858837	3.330688	2.010969	2.007760
1.665894	470918.955706	4398958.509351	8.022770	-0.741022	7.988474	1543308043.962013	3.326271	2.038113	1.999236
1.628717	470918.897922	4398959.267786	8.020750	-0.644355	7.994826	1543308044.062527	3.356718	1.841987	1.974316
1.677388	470918.778692	4398960.048458	8.023901	-0.713434	7.992121	1543308044.160006	3.361278	1.831057	2.066951
1.641880	470918.743819	4398960.875582	7.966531	-0.658006	7.939310	1543308044.260027	3.430597	1.814083	2.063592
1.621822	470918.713286	4398961.638089	7.983007	-0.649316	7.956556	1543308044.369561	3.391674	1.888443	1.964931
1.638496	470918.639258	4398962.450648	8.083768	-0.685390	8.054660	1543308044.459786	3.275373	1.893412	1.978638
1.687926	470918.529468	4398964.051986	8.225198	-0.824616	8.183758	1543308044.668412	3.282838	2.011238	2.008795
1.685329	470918.464871	4398964.846813	8.240014	-0.869072	8.194056	1543308044.762037	3.259401	2.009780	2.012447
1.669423	470918.395092	4398965.616122	8.095439	-0.834095	8.052355	1543308044.870479	3.268287	2.032368	2.005564
1.668816	470918.346316	4398966.430200	8.092509	-0.818353	8.051024	1543308044.966718	3.284336	1.955066	2.012929
1.632622	470918.211663	4398967.227923	8.014275	-0.695253	7.984061	1543308045.065790	3.311799	1.973155	2.012321
1.649599	470918.153857	4398967.956658	7.975017	-0.666350	7.947130	1543308045.160099	3.297190	2.025342	2.001901
1.673074	470918.114505	4398968.764310	8.013520	-0.722223	7.980908	1543308045.280763	3.295280	1.876472	1.972077
1.662236	470918.038522	4398969.520809	7.922346	-0.706374	7.890792	1543308045.366493	3.299147	1.817740	2.062550
1.662091	470918.030894	4398970.331290	7.844438	-0.704441	7.812744	1543308045.470064	3.356466	1.959888	2.070896
1.659055	470917.965985	4398971.093832	7.784606	-0.699457	7.753119	1543308045.559495	3.388429	1.952907	1.979013
1.667656	470917.874373	4398971.911149	7.786933	-0.700452	7.755365	1543308045.670126	3.222385	1.970119	1.992713
1.645743	470917.767148	4398972.742065	7.788323	-0.660405	7.760273	1543308045.760633	3.306151	2.020802	2.012585
1.667884	470917.689243	4398973.537138	7.956855	-0.706682	7.925411	1543308045.871315	3.307476	1.876699	2.044105
1.661912	470917.669923	4398974.308544	7.971467	-0.624425	7.946973	1543308045.967505	3.270039	2.103773	2.061837
1.652940	470917.594480	4398975.104149	7.891259	-0.691518	7.860902	1543308046.064995	3.302891	2.012521	2.054876
1.663955	470917.512233	4398975.904675	7.794368	-0.696859	7.763155	1543308046.161429	3.317635	1.824444	2.023546
1.656284	470917.469568	4398976.635469	7.798686	-0.690745	7.768036	1543308046.271497	3.267952	2.068613	1.992815
1.654924	470917.392004	4398977.366990	7.732308	-0.673445	7.702926	1543308046.360301	3.358350	1.818841	1.970761
1.686375	470917.341565	4398978.201406	7.689625	-0.620530	7.664546	1543308046.472231	3.295072	1.864197	2.054958
1.669238	470917.327256	4398979.007363	7.700087	-0.670068	7.670877	1543308046.570328	3.471163	1.956682	2.052022
1.724015	470917.163552	4398979.745717	7.690028	-0.695347	7.658526	1543308046.659396	3.372084	1.815632	2.049922
1.709734	470917.154079	4398980.535942	7.769138	-0.642152	7.742554	1543308046.759673	3.380731	1.944538	2.059126
1.682560	470917.048907	4398982.133267	7.987914	-0.747749	7.952838	1543308046.972483	3.284497	1.949806	1.974192
1.665646	470916.986660	4398982.905280	7.922585	-0.744969	7.887483	1543308047.061728	3.283946	1.998874	1.989850
1.681558	470916.944950	4398983.695491	7.868461	-0.724519	7.835033	1543308047.161421	3.323673	2.048619	1.990177
1.700928	470916.856327	4398984.492060	7.875390	-0.677893	7.846160	1543308047.263039	3.271924	2.001332	1.991698
1.666415	470916.765912	4398985.291189	7.782144	-0.680529	7.752332	1543308047.365944	3.299106	1.998119	1.992727
1.660083	470916.692557	4398986.060280	7.775470	-0.684829	7.745253	1543308047.463182	3.312570	1.994193	1.986071
1.665955	470916.659668	4398986.859836	7.769711	-0.662913	7.741380	1543308047.572177	3.269767	2.049874	1.990219
1.661308	470916.618971	4398987.633928	7.756241	-0.675441	7.726775	1543308047.659913	3.250041	1.977337	2.001676
1.694723	470916.536951	4398988.423360	7.991023	-0.798316	7.951047	1543308047.763317	3.231850	2.046346	2.013846
1.688640	470916.487752	4398989.207694	7.980932	-0.764610	7.944221	1543308047.867428	3.246278	2.041512	2.018332
1.707408	470916.446521	4398990.021294	7.956970	-0.723572	7.924002	1543308047.974463	3.311936	2.102422	2.016999
1.691145	470916.333643	4398990.774424	7.870991	-0.710116	7.838892	1543308048.066154	3.247564	2.040470	2.016059
1.666907	470916.244006	4398991.607470	7.861166	-0.725558	7.827611	1543308048.164335	3.356334	2.128023	2.007716
1.673027	470916.212116	4398992.348696	7.893327	-0.756512	7.856990	1543308048.269474	3.254262	2.098092	2.003583
1.661006	470916.106014	4398993.170874	7.886196	-0.739887	7.851411	1543308048.365109	3.317878	2.048094	1.993118
1.661160	470916.043620	4398993.907883	7.868489	-0.728220	7.834719	1543308048.465601	3.237051	2.041854	1.976565
1.669370	470916.009193	4398994.649245	7.837310	-0.635937	7.811466	1543308048.568265	3.234405	1.961533	1.971220
1.670678	470915.958094	4398995.470265	7.822863	-0.651080	7.795722	1543308048.662182	3.238029	1.935024	2.071470
1.657295	470915.901622	4398996.267380	7.809973	-0.658951	7.782124	1543308048.762295	3.260020	1.932332	2.060044
1.664945	470915.798760	4398997.046938	7.798688	-0.685483	7.768504	1543308048.858422	3.265376	1.894353	2.069729
1.680565	470915.743077	4398997.849366	7.770887	-0.743289	7.735258	1543308048.968656	3.212179	2.048178	1.986881
1.655931	470915.635789	4398998.694420	7.757784	-0.713725	7.724883	1543308049.059273	3.323912	2.052269	2.001210
1.657634	470915.658006	4398999.476772	7.997751	-0.720020	7.965274	1543308049.163594	3.304124	1.950063	2.006960
1.680065	470915.593330	4399000.269654	7.958290	-0.663088	7.930618	1543308049.259151	3.326226	1.983988	2.003124
1.674448	470915.503158	4399001.021651	7.947063	-0.718335	7.914531	1543308049.364578	3.266903	1.963262	1.989649
1.655200	470915.425921	4399001.794065	7.868010	-0.693689	7.837371	1543308049.468975	3.260969	2.052288	1.989864
1.686912	470915.434753	4399002.567854	7.834121	-0.686452	7.803988	1543308049.560636	3.233840	2.052044	1.990076
1.675594	470915.338037	4399003.364453	7.856471	-0.691322	7.825995	1543308049.669845	3.236124	2.053135	1.988376
1.678938	470915.319887	4399004.175635	7.886598	-0.644790	7.860196	1543308049.761730	3.273943	2.008262	1.997837
1.662157	470915.189928	4399005.007940	7.833796	-0.582481	7.812110	1543308049.871077	3.335225	2.003739	1.995808
1.668638	470915.156337	4399005.754041	7.857839	-0.591984	7.835508	1543308049.969713	3.239454	2.006610	1.990949
1.658101	470915.063548	4399006.526339	7.835782	-0.625012	7.810815	1543308050.069785	3.235004	2.065609	1.993132
1.669977	470915.020855	4399007.324753	7.886961	-0.686577	7.857020	1543308050.163589	3.326504	1.980708	1.998775
1.674587	470914.961132	4399008.126225	7.847460	-0.641281	7.821214	1543308050.270770	3.278982	1.989105	2.003996
1.661767	470914.890220	4399008.926777	7.922201	-0.644472	7.895944	1543308050.361819	3.269163	2.017825	2.002658
1.673888	470914.841312	4399009.699328	7.855325	-0.675391	7.826237	1543308050.471300	3.233338	1.942152	1.991013
1.668101	470914.776827	4399010.483733	7.837934	-0.660865	7.810023	1543308050.561313	3.297170	1.929841	1.983888
1.620747	470914.676099	4399011.302748	7.785511	-0.627397	7.760190	1543308050.673789	3.353379	1.928248	1.973365
1.656546	470914.676052	4399012.121298	7.746244	-0.637324	7.719981	1543308050.759965	3.449549	1.957233	2.070954
1.667361	470914.615277	4399012.890171	7.745825	-0.675333	7.716329	1543308050.870850	3.447585	1.944684	1.970693
1.697679	470914.510791	4399013.698351	7.846548	-0.663809	7.818419	1543308050.970492	3.322072	1.904174	1.979901
1.648132	470914.433112	4399014.452623	7.992386	-0.705446	7.961192	1543308051.065802	3.280015	1.951060	1.993787
1.684877	470914.408298	4399015.240065	7.955289	-0.697979	7.924610	1543308051.171658	3.331935	1.984861	1.996572
1.690888	470914.363866	4399016.017065	8.004438	-0.719787	7.972009	1543308051.270716	3.337752	2.028891	2.005261
1.693675	470914.202277	4399017.596742	7.914240	-0.692110	7.883919	1543308051.476000	3.254634	1.993534	2.011651
1.675095	470914.126737	4399018.407643	7.849657	-0.699082	7.818466	1543308051.569877	3.322231	2.054191	2.021708
1.666440	470913.984580	4399019.154256	7.850326	-0.752024	7.814223	1543308051.670988	3.302304	2.062368	2.019200
1.676343	470913.956532	4399019.964666	7.853582	-0.740334	7.818609	1543308051.770015	3.278425	2.001302	2.011006
1.680860	470913.795602	4399021.555733	7.921302	-0.791694	7.881640	1543308051.970570	3.314007	1.978880	2.017745
1.715053	470913.769712	4399022.341653	7.879624	-0.733269	7.845431	1543308052.068747	3.331760	2.025684	2.014821
1.690873	470913.669587	4399023.127292	7.903943	-0.701688	7.872735	1543308052.160746	3.309231	1.961696	2.012743
1.702215	470913.499915	4399024.702251	7.780948	-0.786683	7.741077	1543308052.358351	3.362202	1.861535	1.987482
1.719786	470913.443269	4399025.499126	7.743092	-0.729141	7.708685	1543308052.467031	3.380083	1.937589	1.978827
1.688752	470913.434941	4399026.339822	7.743226	-0.693956	7.712067	1543308052.559613	3.464474	2.024530	1.978207
1.672581	470913.378954	4399027.056325	7.749987	-0.714828	7.716950	1543308052.669214	3.350737	2.033626	1.972118
1.671841	470913.291528	4399027.838634	7.805909	-0.743655	7.770405	1543308052.761323	3.354536	1.947319	1.987151
1.666528	470913.222768	4399028.609966	7.936730	-0.757055	7.900541	1543308052.870425	3.324053	1.929720	2.005475
1.682036	470913.108468	4399029.397354	7.948289	-0.803053	7.907617	1543308052.957703	3.309424	1.894751	2.001049
1.675897	470913.119775	4399030.178644	7.857040	-0.804864	7.815706	1543308053.069043	3.341888	1.966807	2.000735
1.690744	470912.940847	4399030.957212	7.861838	-0.854038	7.815313	1543308053.167531	3.361310	1.813957	1.995477
1.711898	470912.795464	4399032.517046	7.964140	-0.835179	7.920227	1543308053.359156	3.338383	1.816340	2.004174
1.728965	470912.723729	4399033.311601	7.966389	-0.762838	7.929781	1543308053.459477	3.386382	1.826402	2.002289
1.711240	470912.645215	4399034.091675	7.817683	-0.737116	7.782855	1543308053.561103	3.372267	1.821711	2.001932
1.702822	470912.694101	4399034.888419	7.842238	-0.849806	7.796059	1543308053.660172	3.371821	2.068713	2.005329
1.668784	470912.614346	4399035.696873	7.857761	-0.820776	7.814777	1543308053.764771	3.438042	1.987965	2.008327
1.704863	470912.540985	4399036.423085	7.851125	-0.767569	7.813514	1543308053.858383	3.342367	2.013923	2.014381
1.668251	470912.460830	4399037.196669	8.014446	-0.781802	7.976223	1543308053.957637	3.300066	1.955810	2.005981
1.674503	470912.321287	4399037.998227	8.031796	-0.800619	7.991793	1543308054.064565	3.352999	1.840119	1.997367
1.663893	470912.270519	4399038.777572	8.039854	-0.781933	8.001740	1543308054.169298	3.334139	1.820709	1.995528
1.705400	470912.140856	4399039.633107	8.049742	-0.833651	8.006458	1543308054.259674	3.513693	1.799912	1.989565
1.667585	470912.200353	4399040.347482	7.748135	-0.786143	7.708150	1543308054.359409	3.320428	1.951281	2.004915
1.683477	470912.072786	4399041.131977	7.751645	-0.815820	7.708595	1543308054.457717	3.356797	1.880994	2.018621
1.668605	470912.060912	4399041.897932	7.742156	-0.793465	7.701389	1543308054.562103	3.297477	1.926298	2.023508
1.677799	470911.972490	4399042.698062	7.752044	-0.805585	7.710073	1543308054.662850	3.355189	1.913872	2.037126
1.663160	470911.905706	4399043.445230	7.823778	-0.807535	7.781991	1543308054.760286	3.351850	1.973306	2.039872
1.645613	470911.802178	4399044.241158	7.800005	-0.759948	7.762896	1543308054.857925	3.336094	1.914001	2.039486
1.691693	470911.663229	4399045.818064	7.832754	-0.850405	7.786453	1543308055.065001	3.372935	1.866712	1.999663
1.674878	470911.671231	4399046.592200	7.631342	-0.817767	7.587400	1543308055.171810	3.413528	2.023669	1.980302
1.684261	470911.523338	4399047.362417	7.714182	-0.793959	7.673215	1543308055.260698	3.409288	1.913663	1.966222
1.692975	470911.536660	4399048.167576	7.694585	-0.712373	7.661538	1543308055.360857	3.407558	2.024685	1.987877
1.678116	470911.419702	4399048.714565	7.739115	-0.685543	7.708692	1543308055.469261	2.814275	1.811285	2.008783
1.683175	470911.347600	4399049.742490	7.657720	-0.739891	7.621891	1543308055.559983	3.394371	1.848820	2.003110
1.739974	470911.218175	4399050.559393	7.594044	-0.701016	7.561619	1543308055.667824	3.429469	1.852969	1.996234
1.693379	470911.296116	4399051.311244	7.613250	-0.786067	7.572560	1543308055.764865	3.398621	2.025886	1.993967
1.690657	470911.243679	4399052.095819	7.660446	-0.716764	7.626840	1543308055.869048	3.388470	2.013595	1.996159
1.702598	470911.113413	4399052.890018	7.625968	-0.626427	7.600196	1543308055.959050	3.413309	1.896073	2.000816
1.687022	470911.109032	4399053.674895	7.706987	-0.729188	7.672414	1543308056.067966	3.373651	2.008042	1.999811
1.668186	470911.052551	4399054.516064	7.695585	-0.742865	7.659646	1543308056.168141	3.466378	2.017060	1.998298
1.703012	470910.866863	4399055.261169	7.645015	-0.829005	7.599935	1543308056.269242	3.371489	1.818538	2.000568
1.675017	470910.822719	4399056.040480	7.656637	-0.816186	7.613010	1543308056.360707	3.345670	1.842075	2.008278
1.658999	470910.824000	4399056.814635	7.728488	-0.772733	7.689760	1543308056.469833	3.341329	1.953053	2.011230
1.663290	470910.774041	4399057.605024	7.739558	-0.750850	7.703051	1543308056.569659	3.344767	1.918166	2.014809
1.661522	470910.707338	4399058.406485	7.744863	-0.732346	7.710161	1543308056.669070	3.400153	1.913057	2.009292
1.673409	470910.649749	4399059.183477	7.773751	-0.758306	7.736677	1543308056.771198	3.371903	1.943076	2.004800
1.660417	470910.567113	4399059.965616	7.791596	-0.688270	7.761137	1543308056.869452	3.347010	1.954984	1.997587
1.656181	470910.543693	4399060.800939	7.791451	-0.679214	7.761789	1543308056.971740	3.410637	1.931523	1.995786
1.670351	470910.386123	4399061.539172	7.937089	-0.726923	7.903731	1543308057.067348	3.343054	1.808672	2.004705
1.671995	470910.318728	4399062.323359	7.783527	-0.713031	7.750798	1543308057.170709	3.351435	1.788406	2.002754
1.667533	470910.323561	4399063.125824	7.847122	-0.733234	7.812790	1543308057.272866	3.346061	1.951150	2.008409
1.679403	470910.196409	4399063.963953	7.895961	-0.780247	7.857316	1543308057.373451	3.436867	1.871815	2.016359
1.672026	470910.188347	4399064.717394	7.959658	-0.793079	7.920049	1543308057.482665	3.329647	2.009117	2.009110
1.696025	470910.003591	4399066.263012	7.983700	-0.697093	7.953209	1543308057.680263	3.395439	1.915537	2.063724
1.662180	470909.957611	4399067.072410	8.045724	-0.712326	8.014130	1543308057.772061	3.323748	1.959711	2.045455
1.663332	470909.811297	4399068.644715	7.972020	-0.785071	7.933270	1543308057.969582	3.414828	1.847834	1.974538
1.714987	470909.692240	4399069.457805	7.970026	-0.811519	7.928603	1543308058.079221	3.347103	1.822959	2.002108
1.687215	470909.694755	4399070.314369	7.959482	-0.850371	7.913926	1543308058.170282	3.467584	1.884992	2.005158
1.699708	470909.589026	4399071.035107	7.901702	-0.905854	7.849607	1543308058.283361	3.365601	1.793683	1.996347
1.662114	470909.598491	4399071.826676	7.941173	-0.842193	7.896388	1543308058.372189	3.334658	1.934193	1.993750
1.691509	470909.453518	4399072.613709	7.950504	-0.883708	7.901239	1543308058.481655	3.333204	1.818823	1.998770
1.666196	470909.404835	4399073.389978	7.934656	-0.840626	7.890001	1543308058.569327	3.342494	1.900459	2.011374
1.671049	470909.401613	4399074.155527	7.941418	-0.796361	7.901388	1543308058.678770	3.353968	1.945989	2.024195
1.688240	470909.304069	4399075.735222	7.943838	-0.900250	7.892662	1543308058.884349	3.353355	1.993824	2.027395
1.682939	470909.240525	4399076.532987	7.985214	-0.900904	7.934230	1543308058.970510	3.332929	1.980599	2.008740
1.697513	470909.051770	4399077.302245	8.010154	-0.940089	7.954797	1543308059.080354	3.329939	1.813665	1.991997
1.679533	470909.099180	4399078.120679	7.994087	-0.914994	7.941550	1543308059.173593	3.338873	1.996115	2.008707
1.677798	470908.962150	4399078.887897	7.957955	-0.890440	7.907981	1543308059.278174	3.261476	1.886471	2.040999
1.675745	470908.867501	4399079.683027	7.963896	-0.870686	7.916158	1543308059.370981	3.276577	1.949180	2.046280
1.688382	470908.880263	4399080.481554	7.946938	-0.891226	7.896805	1543308059.473166	3.356990	1.923249	2.030339
1.676850	470908.777312	4399081.260282	7.952198	-0.876372	7.903760	1543308059.570671	3.334951	1.860607	1.994225
1.685387	470908.796570	4399082.070403	7.921176	-0.884383	7.871652	1543308059.669107	3.384836	2.024878	1.971743
1.658691	470908.726373	4399082.861429	8.004854	-0.822231	7.962513	1543308059.771387	3.359263	1.964489	1.977432
1.659521	470908.667756	4399083.654551	8.033694	-0.783759	7.995371	1543308059.867887	3.350182	1.965241	1.988449
1.682311	470908.541870	4399084.427485	8.037245	-0.821234	7.995179	1543308059.968977	3.340483	1.893865	1.998731
1.681508	470908.484849	4399085.207305	7.967824	-0.838435	7.923588	1543308060.068642	3.326924	1.861170	2.002847
1.672630	470908.367107	4399085.987083	7.949713	-0.826247	7.906659	1543308060.171160	3.342996	1.923775	1.996927
1.710552	470908.333002	4399086.777570	7.922476	-0.920651	7.868801	1543308060.269351	3.345675	1.865698	2.001742
1.689873	470908.370659	4399087.556549	7.898826	-0.925621	7.844404	1543308060.370079	3.367268	2.023037	1.992466
1.667441	470908.309219	4399088.282228	7.769544	-0.852181	7.722668	1543308060.467523	3.239266	1.981442	1.986967
1.689158	470908.269036	4399089.117389	7.768152	-0.875590	7.718648	1543308060.557580	3.329340	2.024271	1.990237
1.737958	470908.066836	4399089.893260	7.766200	-1.022960	7.698534	1543308060.669695	3.370278	1.822983	1.983825
1.700163	470908.019613	4399091.508684	7.809749	-1.071649	7.735874	1543308060.868023	3.489561	1.895638	1.976565
1.684972	470907.954862	4399093.046722	7.896221	-0.982050	7.834914	1543308061.070718	3.352800	2.017910	1.981868
1.693642	470907.807996	4399093.818258	7.910216	-0.978303	7.849487	1543308061.158495	3.337849	1.901369	1.984891
1.686828	470907.748438	4399095.367750	7.837059	-0.961970	7.777796	1543308061.366524	3.374503	1.975503	2.008881
1.707117	470907.718503	4399096.187920	7.776931	-0.991250	7.713500	1543308061.468424	3.336341	2.061278	2.020427
1.692716	470907.657435	4399096.939127	7.841793	-0.984310	7.779772	1543308061.560388	3.314811	2.029430	2.032567
1.693806	470907.583513	4399097.725452	7.770540	-0.967482	7.710076	1543308061.668064	3.290002	2.039971	2.026917
1.673539	470907.523436	4399098.516290	7.908345	-0.923833	7.854200	1543308061.771215	3.289103	1.975191	2.015761
1.675088	470907.425061	4399099.307857	7.767284	-0.870501	7.718350	1543308061.867584	3.298532	1.940368	2.009949
1.676403	470907.363843	4399100.087196	7.884495	-0.863915	7.837022	1543308061.959514	3.343341	1.943141	2.006805
1.681668	470907.344438	4399100.879713	7.888505	-0.867345	7.840677	1543308062.064764	3.303530	2.002403	1.998834
1.676936	470907.219504	4399101.659641	7.904906	-0.857455	7.858264	1543308062.169529	3.315874	1.882164	1.996473
1.658539	470907.167205	4399103.232912	7.862665	-0.799602	7.821901	1543308062.368609	3.394606	1.942821	1.987756
1.694363	470906.998568	4399104.076441	8.000977	-0.875661	7.952914	1543308062.468438	3.491934	1.825814	1.981107
1.688849	470907.055009	4399104.815121	7.991703	-0.898742	7.941007	1543308062.570511	3.359475	2.059221	1.980461
1.706708	470906.870619	4399105.638298	7.990974	-0.965633	7.932415	1543308062.669069	3.447143	1.819189	1.977059
1.715412	470906.798052	4399106.398944	7.986412	-1.034549	7.919121	1543308062.775655	3.378281	1.826593	1.978838
1.699701	470906.750100	4399107.176683	7.921396	-1.023522	7.854993	1543308062.868756	3.398783	1.792803	1.973496
1.667017	470906.765837	4399107.938200	7.859302	-0.923493	7.804857	1543308062.966006	3.365068	1.926581	1.976198
1.666597	470906.710500	4399108.766914	7.885133	-0.822526	7.842115	1543308063.066380	3.327833	1.957138	1.981809
1.669615	470906.593126	4399109.519193	7.921378	-0.809672	7.879890	1543308063.169674	3.309979	1.843771	1.989165
1.667936	470906.525788	4399110.316032	7.981946	-0.800655	7.941689	1543308063.270151	3.294278	1.844018	1.990159
1.648684	470906.532194	4399111.116801	7.987591	-0.735157	7.953688	1543308063.375246	3.290756	1.912100	1.994329
1.653148	470906.448168	4399111.903090	7.999348	-0.707004	7.968043	1543308063.471372	3.268960	1.919270	1.993416
1.661504	470906.356409	4399112.650474	8.022227	-0.727704	7.989153	1543308063.570856	3.365136	1.907758	1.999238
1.683990	470906.357780	4399113.468984	8.082684	-0.660201	8.055676	1543308063.667105	3.396949	2.028972	2.006426
1.676891	470906.255841	4399114.212917	8.099600	-0.732427	8.066416	1543308063.774180	3.349282	2.047996	2.010372
1.690913	470906.183281	4399115.789455	7.998356	-0.671184	7.970145	1543308063.970691	3.294618	1.995409	2.008307
1.651986	470906.082298	4399116.583917	7.981752	-0.613749	7.958120	1543308064.085510	3.326300	1.984175	2.002659
1.654333	470905.980283	4399117.408704	7.936459	-0.666356	7.908435	1543308064.171451	3.346485	2.050974	2.010017
1.662296	470905.947310	4399118.211528	7.913742	-0.613046	7.889961	1543308064.285084	3.307330	2.050017	2.015025
1.664064	470905.842914	4399119.024502	7.935241	-0.659817	7.907761	1543308064.370536	3.369556	2.051396	2.015712
1.652817	470905.778000	4399119.758929	8.021167	-0.597770	7.998862	1543308064.479189	3.308455	2.043469	2.002668
1.655722	470905.770068	4399120.555175	7.982401	-0.686107	7.952860	1543308064.573593	3.303659	1.917221	1.980515
1.649148	470905.703740	4399121.324328	7.856293	-0.653666	7.829052	1543308064.679916	3.288704	1.933693	1.974591
1.668270	470905.632138	4399122.130523	7.945787	-0.701468	7.914763	1543308064.772387	3.293613	1.931291	1.981437
1.672067	470905.549333	4399122.873562	7.958705	-0.698751	7.927972	1543308064.878467	3.290127	1.978842	1.999996
1.664896	470905.499718	4399123.742152	7.935941	-0.652429	7.909077	1543308064.967285	3.337312	1.957225	2.016374
1.664143	470905.370702	4399124.505824	7.871934	-0.732621	7.837769	1543308065.078341	3.291630	2.041984	2.008712
1.666186	470905.334487	4399125.233949	7.873010	-0.695328	7.842245	1543308065.172968	3.328562	1.975161	1.997161
1.657791	470905.267688	4399126.014541	7.877040	-0.691614	7.846619	1543308065.281813	3.322674	1.943117	1.997000
1.665087	470905.208473	4399127.595121	7.797930	-0.684201	7.767856	1543308065.480204	3.367098	1.972416	1.990416
1.656972	470905.099173	4399128.399360	7.794007	-0.694478	7.763005	1543308065.572922	3.289796	1.970798	1.997329
1.676046	470905.059531	4399129.250081	7.957045	-0.688356	7.927215	1543308065.668398	3.255424	2.006233	2.008612
1.653791	470904.949382	4399130.062164	7.942184	-0.695973	7.911631	1543308065.771387	3.314946	2.088871	2.016144
1.638709	470904.872024	4399130.843029	7.892130	-0.634862	7.866553	1543308065.869735	3.377333	2.031464	2.015579
1.648448	470904.835109	4399131.628346	7.900013	-0.627427	7.875059	1543308065.970840	3.298074	2.027850	2.004203
1.674022	470904.790748	4399132.408020	7.908305	-0.664420	7.880344	1543308066.064638	3.274287	2.028966	2.005167
1.660512	470904.682334	4399133.227342	7.938396	-0.683282	7.908935	1543308066.169955	3.337064	2.034497	2.011589
1.659047	470904.503989	4399134.744537	7.806885	-0.696723	7.775733	1543308066.370143	3.266822	2.027064	2.001935
1.660199	470904.504165	4399135.489248	7.831691	-0.667788	7.803169	1543308066.468402	3.332820	1.867670	1.981105
1.649238	470904.420418	4399136.322222	7.734107	-0.655426	7.706285	1543308066.571846	3.258142	1.857810	1.967320
1.606905	470904.373550	4399137.112410	7.845915	-0.628266	7.820720	1543308066.670107	3.285792	1.878747	2.053325
1.621153	470904.294274	4399137.943650	7.827191	-0.663274	7.799037	1543308066.776195	3.333315	1.882197	1.964772
1.632735	470904.240075	4399138.715189	7.866292	-0.599392	7.843422	1543308066.870623	3.301126	1.878279	1.967895
1.621813	470904.127370	4399139.486696	7.964910	-0.626946	7.940197	1543308066.968668	3.326713	1.953109	1.980748
1.680344	470904.065572	4399141.076510	7.952665	-0.700849	7.921722	1543308067.171200	3.277402	2.028044	2.002785
1.674674	470903.937300	4399142.631436	7.874787	-0.720885	7.841722	1543308067.371381	3.255797	2.081618	2.000052
1.676474	470903.757349	4399143.407267	7.924799	-0.766593	7.887634	1543308067.469833	3.260067	2.257246	2.005378
1.675590	470903.791816	4399144.244613	7.907612	-0.786573	7.868395	1543308067.567140	3.354370	2.006021	2.016083
1.643957	470903.686470	4399145.029318	7.897622	-0.803694	7.856622	1543308067.670223	3.336283	2.033259	2.021039
1.649020	470903.635002	4399145.745607	7.809260	-0.727862	7.775266	1543308067.770608	3.238069	2.022421	2.015104
1.609159	470903.520002	4399146.524782	7.804887	-0.714326	7.772130	1543308067.887002	3.319926	1.976610	2.002852
1.641923	470903.469163	4399147.290158	7.831069	-0.658488	7.803335	1543308067.970440	3.374160	1.992335	1.998276
1.641067	470903.401307	4399148.086287	7.820626	-0.701949	7.789061	1543308068.079314	3.263455	1.973274	1.995545
1.654910	470903.370254	4399148.865004	7.802311	-0.683973	7.772274	1543308068.170304	3.280686	2.023135	1.997005
1.633837	470903.341719	4399149.554211	7.572919	-0.583751	7.550386	1543308068.280888	3.365005	2.048944	1.989352
1.643951	470903.267827	4399150.289865	7.537692	-0.570351	7.516083	1543308068.369673	3.300211	2.013028	1.978982
1.669273	470903.250033	4399150.958803	7.317676	-0.609178	7.292276	1543308068.480778	3.262325	1.973114	1.978113
1.691770	470903.191851	4399151.562930	7.062080	-0.594940	7.036975	1543308068.570318	3.316607	2.049932	1.977980
1.606522	470903.162553	4399152.287165	6.299073	-0.425681	6.284673	1543308068.680063	3.359544	1.857162	1.986954
1.667490	470903.075726	4399152.798053	6.038026	-0.451850	6.021096	1543308068.771851	3.331487	2.094357	1.986054
1.657601	470903.003468	4399153.355471	5.772008	-0.454061	5.754120	1543308068.880595	3.203188	2.068808	1.984733
1.681512	470903.021717	4399153.904252	5.156023	-0.434072	5.137719	1543308068.970760	3.320881	2.033510	2.066851
1.683043	470902.975655	4399154.756502	4.262667	-0.416227	4.242297	1543308069.170841	3.332694	2.048993	2.022435
1.656559	470902.930356	4399155.046231	3.557387	-0.353075	3.539823	1543308069.283764	3.337110	1.973195	2.024748
1.716463	470902.918003	4399155.387368	2.917456	-0.299969	2.901994	1543308069.372119	3.497331	2.135481	2.012791
1.671129	470902.845422	4399155.611123	2.499998	-0.260219	2.486418	1543308069.484114	3.312306	2.015183	2.052824
1.667479	470902.862420	4399155.855769	1.930359	-0.210477	1.918850	1543308069.572530	3.413768	2.021045	2.015248
1.647078	470902.764153	4399156.215276	1.371968	-0.152302	1.363488	1543308069.770938	3.400738	2.056281	1.989167
1.645461	470902.779070	4399156.365681	1.036948	-0.113530	1.030714	1543308069.878820	3.390900	1.982512	2.000281
1.681172	470902.789383	4399156.451411	0.866327	-0.097111	0.860867	1543308069.969983	3.174552	2.022517	1.994195
1.677062	470902.777438	4399156.569444	0.690791	-0.077983	0.686375	1543308070.080214	3.266827	1.997809	2.001329
1.671260	470902.736102	4399156.709819	0.782016	-0.087832	0.777068	1543308070.169715	3.346779	2.063007	2.009686
1.676464	470902.775144	4399156.833592	0.695563	-0.072458	0.691779	1543308070.281046	3.301061	2.011613	2.009474
1.671737	470902.709861	4399157.045581	0.519899	-0.046531	0.517813	1543308070.369289	3.693543	2.067610	2.017577
1.657981	470902.720638	4399157.017445	0.726285	-0.054645	0.724226	1543308070.480678	3.400688	2.108013	2.016248
1.646808	470902.693451	4399157.143511	0.636040	-0.045660	0.634399	1543308070.570293	3.386228	2.003474	2.121756
1.671355	470902.713179	4399157.383668	0.901561	-0.070258	0.898819	1543308070.680465	3.604865	2.026701	2.051956
1.654227	470902.655350	4399157.487384	0.958128	-0.036208	0.957443	1543308070.772841	3.705182	2.045448	2.065769
1.657142	470902.642367	4399157.525425	0.758059	-0.030034	0.757464	1543308070.882036	3.497898	2.061790	2.071853
1.649894	470902.617473	4399157.638374	0.654674	-0.030744	0.653952	1543308070.972362	3.554670	2.097402	2.051623
1.658212	470902.639687	4399157.764740	0.535078	-0.031937	0.534124	1543308071.081517	3.574013	2.056513	2.022503
1.660838	470902.620837	4399157.811236	0.429522	-0.029729	0.428492	1543308071.170480	3.386579	2.051171	2.040637
1.657561	470902.645191	4399157.939088	0.334671	-0.021569	0.333975	1543308071.282521	3.371929	1.992665	2.062196
1.623967	470902.535749	4399158.119505	0.244126	-0.013979	0.243726	1543308071.372395	3.374651	2.049183	2.052535
1.629620	470902.541860	4399158.314958	0.824508	-0.045223	0.823266	1543308071.483203	3.457352	2.060210	2.057693
1.649910	470902.541402	4399158.766648	1.441725	-0.105475	1.437861	1543308071.680185	3.501500	2.028566	2.067252
1.641986	470902.510415	4399158.980926	1.668846	-0.125353	1.664132	1543308071.771301	3.478578	2.062608	2.029789
1.671360	470902.542667	4399159.180086	1.909337	-0.102816	1.906567	1543308071.884473	3.483787	2.133656	2.086487
1.640251	470902.504982	4399159.409509	2.084901	-0.119157	2.081494	1543308071.972882	3.562003	2.089476	2.032322
1.653655	470902.517732	4399159.561489	2.085234	-0.138707	2.080616	1543308072.080939	3.553941	2.080217	2.066967
1.637756	470902.469411	4399159.589242	1.486118	-0.099138	1.482808	1543308072.174905	3.353331	2.019645	2.095211
1.623197	470902.424924	4399159.696013	0.980140	-0.061237	0.978225	1543308072.280967	3.419750	2.044260	2.103314
1.633810	470902.437687	4399159.752883	0.733141	-0.045801	0.731709	1543308072.373465	3.376465	2.054195	2.043164
1.631423	470902.435039	4399159.874272	0.491537	-0.030024	0.490620	1543308072.482398	3.563331	2.056383	2.036409
1.624615	470902.414788	4399159.784851	0.245850	-0.014379	0.245429	1543308072.571635	3.400103	2.029685	2.040034
1.635221	470902.425974	4399159.821243	0.244660	-0.014372	0.244238	1543308072.680660	3.400383	2.029900	2.039446
1.662853	470902.465666	4399159.892147	0.244892	-0.013984	0.244492	1543308072.772620	3.618224	2.061052	2.038910
1.647394	470902.439168	4399159.904990	0.269414	-0.014459	0.269026	1543308072.880057	3.593506	2.018949	2.140431
1.633073	470902.388555	4399159.903228	0.000000	0.000000	0.000000	1543308072.971899	3.606710	2.084182	2.040807
1.640672	470902.434962	4399159.778657	0.000000	0.000000	0.000000	1543308073.080247	3.342494	2.021687	2.039911
1.635657	470902.392813	4399159.786266	0.000000	0.000000	0.000000	1543308073.171271	3.437443	2.064527	2.039254
1.623533	470902.378291	4399159.897532	0.000000	0.000000	0.000000	1543308073.282232	3.626685	2.038104	2.035635
1.651226	470902.416935	4399159.804510	0.000000	0.000000	0.000000	1543308073.377171	3.441045	2.069827	2.033929
1.644556	470902.405848	4399159.792832	0.000000	0.000000	0.000000	1543308073.480181	3.486157	2.080802	2.069948
1.653033	470902.414630	4399159.825591	0.000000	0.000000	0.000000	1543308073.580732	3.432379	2.082002	2.068059
1.649552	470902.404346	4399159.808045	0.000000	0.000000	0.000000	1543308073.681179	3.443205	2.080053	2.130187
1.639492	470902.385657	4399159.848610	0.000000	0.000000	0.000000	1543308073.780170	3.401753	2.076217	2.130111
1.650310	470902.402111	4399159.862912	0.000000	0.000000	0.000000	1543308073.886267	3.408111	2.090530	2.128349
1.637467	470902.370920	4399159.857651	0.000000	0.000000	0.000000	1543308074.080549	3.436659	2.084509	2.128934
1.641880	470902.372728	4399159.930471	0.000000	0.000000	0.000000	1543308074.187289	3.595926	2.105822	2.039421
1.641168	470902.413461	4399159.909358	0.000000	0.000000	0.000000	1543308074.281561	3.626757	2.114416	2.043628
1.641301	470902.390198	4399159.836680	0.000000	0.000000	0.000000	1543308074.381601	3.490494	2.106557	2.079591
1.643048	470902.377882	4399159.961156	0.000000	0.000000	0.000000	1543308074.483456	3.658298	2.096512	2.075408
1.646397	470902.396689	4399159.813461	0.000000	0.000000	0.000000	1543308074.680003	3.430327	2.102298	2.041103
1.648624	470902.397579	4399159.882904	0.000000	0.000000	0.000000	1543308074.785230	3.547749	2.115023	2.040298
1.653955	470902.411600	4399159.894963	0.000000	0.000000	0.000000	1543308074.889441	3.554284	2.113001	2.038045
1.652997	470902.418425	4399159.820957	0.000000	0.000000	0.000000	1543308075.079262	3.407046	2.104500	2.041032
1.639535	470902.391597	4399159.925365	0.000000	0.000000	0.000000	1543308075.181889	3.556799	2.112643	2.038836
1.636048	470902.400988	4399159.928279	0.000000	0.000000	0.000000	1543308075.282143	3.591768	2.095153	2.077670
1.636530	470902.445015	4399159.927732	0.000000	0.000000	0.000000	1543308075.371433	3.565984	2.085620	2.038768
1.641502	470902.406770	4399159.936647	0.000000	0.000000	0.000000	1543308075.573022	3.539931	2.115739	2.039265
1.651206	470902.425873	4399159.921433	0.000000	0.000000	0.000000	1543308075.681129	3.512247	2.106198	2.037811
1.641684	470902.411838	4399159.944302	0.000000	0.000000	0.000000	1543308075.770563	3.561233	2.113565	2.040576
1.640731	470902.411599	4399159.927191	0.000000	0.000000	0.000000	1543308075.880266	3.589347	2.102752	2.037848
1.635022	470902.414308	4399159.959708	0.000000	0.000000	0.000000	1543308075.973009	3.624100	2.096084	2.037935
1.643138	470902.419083	4399159.953762	0.000000	0.000000	0.000000	1543308076.079781	3.554705	2.111217	2.038463
1.641568	470902.449151	4399159.933179	0.000000	0.000000	0.000000	1543308076.170867	3.536731	2.142891	2.038644
1.631743	470902.424287	4399159.943450	0.000000	0.000000	0.000000	1543308076.287251	3.554979	2.138331	2.040217
1.645500	470902.428951	4399159.955633	0.000000	0.000000	0.000000	1543308076.373094	3.547701	2.110946	2.038150
1.643725	470902.476289	4399159.945318	0.000000	0.000000	0.000000	1543308076.484317	3.558614	2.084224	2.038267
1.634057	470902.409435	4399159.962237	0.000000	0.000000	0.000000	1543308076.569760	3.579613	2.117161	2.036934
1.633563	470902.440959	4399159.955078	0.000000	0.000000	0.000000	1543308076.681853	3.546640	2.137550	2.037137
1.639214	470902.421635	4399159.972791	0.000000	0.000000	0.000000	1543308076.770527	3.566646	2.112895	2.038097
1.634666	470902.435258	4399160.004514	0.000000	0.000000	0.000000	1543308076.884304	3.597877	2.147139	2.037006
1.635224	470902.434903	4399160.012773	0.000000	0.000000	0.000000	1543308076.971141	3.558149	2.054457	2.037097
1.633177	470902.436879	4399160.024453	0.000000	0.000000	0.000000	1543308077.078755	3.579411	2.065057	2.036224
1.646100	470902.456023	4399159.997859	0.000000	0.000000	0.000000	1543308077.171333	3.574088	2.130919	2.040756
1.635956	470902.420463	4399159.999649	0.000000	0.000000	0.000000	1543308077.282821	3.580879	2.108674	2.037854
1.633375	470902.443946	4399159.984114	0.000000	0.000000	0.000000	1543308077.371643	3.561368	2.125043	2.038857
1.639772	470902.427127	4399160.004398	0.000000	0.000000	0.000000	1543308077.480523	3.607081	2.110046	2.036812
1.644999	470902.442940	4399159.992054	0.000000	0.000000	0.000000	1543308077.680332	3.586151	2.093336	2.039177
1.632276	470902.413460	4399160.000380	0.000000	0.000000	0.000000	1543308077.771949	3.634156	2.119639	2.039335
1.640409	470902.433058	4399159.980522	0.000000	0.000000	0.000000	1543308077.879518	3.599643	2.106400	2.036678
1.642971	470902.453450	4399160.001714	0.000000	0.000000	0.000000	1543308077.972985	3.610966	2.153887	2.039672
1.641764	470902.431750	4399159.994059	0.000000	0.000000	0.000000	1543308078.083512	3.589517	2.107235	2.038750
1.634381	470902.435881	4399159.972382	0.000000	0.000000	0.000000	1543308078.174173	3.549434	2.137887	2.039790
1.636838	470902.418789	4399159.992360	0.000000	0.000000	0.000000	1543308078.281680	3.626228	2.122080	2.039050
1.644251	470902.437294	4399159.942400	0.000000	0.000000	0.000000	1543308078.378805	3.544022	2.109147	2.041006
1.645770	470902.437768	4399159.945175	0.000000	0.000000	0.000000	1543308078.481045	3.501621	2.109315	2.076499
1.654253	470902.446642	4399159.922193	0.000000	0.000000	0.000000	1543308078.580321	3.431459	2.100565	2.039396
1.652055	470902.439999	4399159.917087	0.000000	0.000000	0.000000	1543308078.680099	3.440798	2.101152	2.038316
1.635270	470902.441075	4399159.962432	0.000000	0.000000	0.000000	1543308078.779465	3.552260	2.041444	2.040445
1.652677	470902.448305	4399159.967570	0.000000	0.000000	0.000000	1543308078.881020	3.553281	2.094683	2.039950
1.623122	470902.392670	4399159.995419	0.000000	0.000000	0.000000	1543308078.981470	3.659925	2.117422	2.076698
1.634132	470902.411933	4399159.981867	0.000000	0.000000	0.000000	1543308079.181803	3.584620	2.110095	2.039524
1.649848	470902.435774	4399159.968162	0.000000	0.000000	0.000000	1543308079.282910	3.565870	2.111444	2.039799
1.635452	470902.447840	4399159.992971	0.000000	0.000000	0.000000	1543308079.384921	3.617944	2.135887	2.038700
1.638609	470902.447443	4399159.979335	0.000000	0.000000	0.000000	1543308079.485472	3.593725	2.134237	2.039579
1.639018	470902.437746	4399159.985320	0.000000	0.000000	0.000000	1543308079.580240	3.620744	2.144693	2.040095
1.633953	470902.414280	4399159.960761	0.000000	0.000000	0.000000	1543308079.682938	3.566916	2.106107	2.040565
1.643153	470902.423913	4399159.975904	0.000000	0.000000	0.000000	1543308079.889559	3.624735	2.098038	2.037729
1.635012	470902.442355	4399159.956233	0.000000	0.000000	0.000000	1543308079.981248	3.569773	2.126376	2.038784
1.655511	470902.449439	4399159.943870	0.000000	0.000000	0.000000	1543308080.080920	3.578471	2.107682	2.039768
1.637123	470902.414623	4399159.968582	0.000000	0.000000	0.000000	1543308080.180196	3.549026	2.113122	2.038400
1.652594	470902.450140	4399159.860093	0.000000	0.000000	0.000000	1543308080.288914	3.383477	2.106005	2.038447
1.642845	470902.426936	4399159.971275	0.000000	0.000000	0.000000	1543308080.382436	3.555741	2.111274	2.037349
1.649611	470902.436841	4399159.945147	0.000000	0.000000	0.000000	1543308080.482970	3.589084	2.098037	2.040226
1.629372	470902.428366	4399159.961873	0.000000	0.000000	0.000000	1543308080.581765	3.584028	2.152373	2.037740
1.637434	470902.419322	4399159.955401	0.000000	0.000000	0.000000	1543308080.683759	3.568271	2.108760	2.038305
1.641611	470902.443002	4399159.948714	0.000000	0.000000	0.000000	1543308080.782409	3.566663	2.148609	2.039767
1.643758	470902.435513	4399159.956824	0.000000	0.000000	0.000000	1543308080.889031	3.575366	2.099644	2.039098
1.637573	470902.422966	4399159.957083	0.000000	0.000000	0.000000	1543308080.980927	3.590501	2.114915	2.039324
1.643425	470902.424776	4399159.953444	0.000000	0.000000	0.000000	1543308081.089247	3.611104	2.105153	2.039121
1.648770	470902.438836	4399159.972591	0.000000	0.000000	0.000000	1543308081.180554	3.613979	2.097371	2.038859
1.643287	470902.443059	4399159.925115	0.000000	0.000000	0.000000	1543308081.293653	3.498164	2.096789	2.076165
1.637551	470902.470354	4399159.966719	0.000000	0.000000	0.000000	1543308081.381917	3.579552	2.085701	2.037339
1.645888	470902.436365	4399159.931677	0.000000	0.000000	0.000000	1543308081.481338	3.569259	2.095541	2.040610
1.637278	470902.429366	4399159.974576	0.000000	0.000000	0.000000	1543308081.581299	3.609138	2.096673	2.075588
1.658692	470902.454827	4399159.861486	0.000000	0.000000	0.000000	1543308081.680031	3.420871	2.107275	2.037583
1.651666	470902.449277	4399159.866328	0.000000	0.000000	0.000000	1543308081.781627	3.402942	2.108026	2.039901
1.637330	470902.441858	4399159.962760	0.000000	0.000000	0.000000	1543308081.879644	3.582896	2.140806	2.038934
1.648656	470902.443818	4399159.983012	0.000000	0.000000	0.000000	1543308081.982860	3.639822	2.105600	2.037671
1.650365	470902.451279	4399159.970688	0.000000	0.000000	0.000000	1543308082.080286	3.604553	2.105705	2.038074
1.626998	470902.433973	4399159.969841	0.000000	0.000000	0.000000	1543308082.181264	3.636716	2.062767	2.040274
1.630474	470902.443701	4399159.939383	0.000000	0.000000	0.000000	1543308082.286756	3.564996	2.135209	2.038334
1.628539	470902.442728	4399159.914272	0.000000	0.000000	0.000000	1543308082.381138	3.529084	2.134469	2.039693
1.638338	470902.432119	4399159.934579	0.000000	0.000000	0.000000	1543308082.480663	3.572900	2.107863	2.039902
1.646584	470902.437484	4399159.909399	0.000000	0.000000	0.000000	1543308082.582076	3.593806	2.111345	2.038537
1.638900	470902.424650	4399159.935614	0.000000	0.000000	0.000000	1543308082.683228	3.540038	2.102098	2.038559
1.653072	470902.454616	4399159.859005	0.000000	0.000000	0.000000	1543308082.781504	3.449048	2.100367	2.039068
1.636432	470902.458356	4399159.929517	0.000000	0.000000	0.000000	1543308082.881026	3.561369	2.146643	2.037413
1.648630	470902.448820	4399159.854144	0.000000	0.000000	0.000000	1543308083.079910	3.468233	2.113354	2.038426
1.636188	470902.454712	4399159.932339	0.000000	0.000000	0.000000	1543308083.181849	3.559715	2.147109	2.038359
1.649896	470902.440387	4399159.945127	0.000000	0.000000	0.000000	1543308083.278168	3.546989	2.102729	2.039080
1.636253	470902.429124	4399159.939606	0.000000	0.000000	0.000000	1543308083.382004	3.580797	2.106518	2.040099
1.653827	470902.480578	4399159.936803	0.000000	0.000000	0.000000	1543308083.481281	3.562189	2.135014	2.036676
1.629744	470902.439614	4399159.970476	0.000000	0.000000	0.000000	1543308083.580212	3.627526	2.150082	2.038051
1.640594	470902.431942	4399159.950178	0.000000	0.000000	0.000000	1543308083.684840	3.595627	2.114826	2.037614
1.639024	470902.430844	4399159.960563	0.000000	0.000000	0.000000	1543308083.782602	3.612884	2.112412	2.037748
1.641077	470902.435547	4399159.969558	0.000000	0.000000	0.000000	1543308083.887703	3.622912	2.113625	2.075540
1.625896	470902.443402	4399159.975921	0.000000	0.000000	0.000000	1543308083.984054	3.630791	2.127710	2.037011
1.632933	470902.446565	4399159.931852	0.000000	0.000000	0.000000	1543308084.092315	3.542343	2.130089	2.037257
1.646007	470902.444720	4399159.958772	0.000000	0.000000	0.000000	1543308084.186745	3.600489	2.112480	2.037904
1.647463	470902.452035	4399159.867944	0.000000	0.000000	0.000000	1543308084.284794	3.435288	2.103004	2.039990
1.644691	470902.445302	4399159.952342	0.000000	0.000000	0.000000	1543308084.382803	3.567107	2.108619	2.037059
1.655341	470902.469959	4399159.890001	0.000000	0.000000	0.000000	1543308084.490465	3.483720	2.100680	2.037683
1.644771	470902.445543	4399159.966820	0.000000	0.000000	0.000000	1543308084.587273	3.607630	2.110769	2.037952
1.628296	470902.442440	4399159.953387	0.000000	0.000000	0.000000	1543308084.684190	3.571223	2.140902	2.038289
1.637761	470902.432438	4399159.976868	0.000000	0.000000	0.000000	1543308084.785255	3.602697	2.094718	2.037889
1.649451	470902.454022	4399159.921313	0.000000	0.000000	0.000000	1543308084.891963	3.548980	2.113939	2.038682
1.637681	470902.464444	4399159.957002	0.000000	0.000000	0.000000	1543308084.980834	3.566022	2.063872	2.036305
1.637411	470902.441707	4399159.970951	0.000000	0.000000	0.000000	1543308085.091307	3.622555	2.107259	2.037524
1.645213	470902.446348	4399159.965400	0.000000	0.000000	0.000000	1543308085.182434	3.561019	2.108913	2.037598
1.639536	470902.462943	4399159.958815	0.000000	0.000000	0.000000	1543308085.292087	3.529946	2.066873	2.036426
