front	position-x	position-y	speed	speed-x	speed-y	timestamp	v-x	v-y	v-z
-1.474486	470910.729757	4399053.010793	0.243706	-0.018167	0.243028	1543373718.943560	4.124690	1.490740	1.385660
-1.474345	470910.713163	4399053.223086	0.330339	-0.024961	0.329395	1543373719.034789	4.124690	1.490740	1.385660
-1.474098	470910.696637	4399053.440577	0.426967	-0.032288	0.425744	1543373719.138663	4.124690	1.490740	1.385660
-1.473310	470910.663419	4399053.871763	0.000000	0.000000	0.000000	1543373719.240736	4.124690	1.490740	1.385660
-1.472845	470910.644471	4399054.123627	0.000000	0.000000	0.000000	1543373719.333584	4.124690	1.490740	1.385660
-1.471946	470910.599800	4399054.691259	0.000000	0.000000	0.000000	1543373719.438028	4.124690	1.490740	1.385660
-1.470278	470910.529346	4399055.745662	1.218248	-0.088702	1.215015	1543373719.741205	4.124690	1.490740	1.385660
-1.470212	470910.497456	4399056.174342	1.339930	-0.097809	1.336355	1543373719.837311	4.124690	1.490740	1.385660
-1.470220	470910.474881	4399056.488214	1.440214	-0.104961	1.436385	1543373719.934975	4.124690	1.490740	1.385660
-1.470458	470910.411702	4399057.279271	1.648685	-0.122344	1.644139	1543373720.036628	4.124690	1.490740	1.385660
-1.471066	470910.362453	4399057.904212	1.813347	-0.135672	1.808264	1543373720.140586	4.124690	1.490740	1.385660
-1.471427	470910.336714	4399058.262598	1.909224	-0.142419	1.903905	1543373720.238180	4.124690	1.490740	1.385660
-1.471777	470910.306173	4399058.649494	2.010829	-0.150599	2.005181	1543373720.335997	4.124690	1.490740	1.385660
-1.472506	470910.225615	4399059.658228	2.180870	-0.165029	2.174617	1543373720.436990	4.124690	1.490740	1.385660
-1.472898	470910.210276	4399059.907349	2.220531	-0.166815	2.214256	1543373720.534542	4.124690	1.490740	1.385660
-1.473598	470910.151389	4399060.655525	2.323213	-0.175341	2.316586	1543373720.637896	4.124690	1.490740	1.385660
-1.473891	470910.012384	4399062.514380	2.461242	-0.185283	2.454258	1543373720.837892	4.124690	1.490740	1.385660
-1.474045	470909.877045	4399064.212746	2.751320	-0.209057	2.743366	1543373720.938994	4.124690	1.490740	1.385660
-1.474110	470909.804345	4399065.237507	2.933287	-0.221481	2.924914	1543373721.039250	4.124690	1.490740	1.385660
-1.473969	470909.666678	4399067.113397	3.269572	-0.245733	3.260324	1543373721.137257	4.124690	1.490740	1.385660
-1.473832	470909.601863	4399067.942553	3.432182	-0.258523	3.422431	1543373721.239467	4.124690	1.490740	1.385660
-1.473255	470909.495401	4399069.413786	3.571891	-0.267922	3.561829	1543373721.438652	4.124690	1.490740	1.385660
-1.472941	470909.470291	4399069.774788	3.602224	-0.269693	3.592114	1543373721.537876	4.124690	1.490740	1.385660
-1.472197	470909.422987	4399070.490710	3.602259	-0.268183	3.592262	1543373721.638855	4.124690	1.490740	1.385660
-1.471788	470909.400069	4399070.900244	3.585984	-0.265189	3.576165	1543373721.734540	4.124690	1.490740	1.385660
-1.471179	470909.410681	4399071.036627	3.403937	-0.247132	3.394954	1543373721.838282	4.124690	1.490740	1.385660
-1.470978	470909.470457	4399070.360249	3.200251	-0.229936	3.191980	1543373721.934178	4.124690	1.490740	1.385660
-1.470800	470909.581748	4399069.190724	2.806637	-0.195825	2.799797	1543373722.039696	4.124690	1.490740	1.385660
-1.470858	470909.544008	4399069.824468	2.815035	-0.194906	2.808279	1543373722.138647	4.124690	1.490740	1.385660
-1.470961	470909.520166	4399070.145982	2.843494	-0.197169	2.836649	1543373722.236871	4.124690	1.490740	1.385660
-1.471157	470909.481416	4399070.692391	2.879105	-0.199803	2.872164	1543373722.338255	4.124690	1.490740	1.385660
-1.471615	470909.455185	4399071.168256	2.859775	-0.197069	2.852977	1543373722.437333	4.124690	1.490740	1.385660
-1.471904	470909.418251	4399071.695829	2.889245	-0.199173	2.882371	1543373722.536177	4.124690	1.490740	1.385660
-1.472498	470909.377830	4399072.277486	2.890063	-0.199270	2.883185	1543373722.638255	4.124690	1.490740	1.385660
-1.472843	470909.362438	4399072.546361	2.867184	-0.197069	2.860404	1543373722.743911	4.124690	1.490740	1.385660
-1.473571	470909.330642	4399073.055039	2.854500	-0.195558	2.847793	1543373722.837267	4.124690	1.490740	1.385660
-1.473898	470909.303778	4399073.462172	2.859541	-0.195679	2.852838	1543373722.935683	4.124690	1.490740	1.385660
-1.474629	470909.278582	4399074.125905	2.804990	-0.188093	2.798676	1543373723.135704	4.124690	1.490740	1.385660
-1.474874	470909.254620	4399074.530177	2.739981	-0.183110	2.733855	1543373723.238085	4.124690	1.490740	1.385660
-1.475056	470909.246893	4399074.682337	2.664690	-0.177608	2.658764	1543373723.337971	4.124690	1.490740	1.385660
-1.475233	470909.233075	4399074.967554	2.550672	-0.169025	2.545065	1543373723.441136	4.124690	1.490740	1.385660
-1.475401	470909.215983	4399075.166254	2.553929	-0.169946	2.548268	1543373723.536881	4.124690	1.490740	1.385660
-1.475714	470909.207951	4399075.293380	2.452271	-0.163115	2.446840	1543373723.640572	4.124690	1.490740	1.385660
-1.475862	470909.190786	4399075.539182	2.405571	-0.160150	2.400234	1543373723.745952	4.124690	1.490740	1.385660
-1.476144	470909.170334	4399075.793704	2.363821	-0.158011	2.358534	1543373723.839494	4.124690	1.490740	1.385660
-1.476256	470909.163492	4399075.909949	2.326162	-0.155331	2.320970	1543373723.937585	4.124690	1.490740	1.385660
-1.476501	470909.135141	4399076.316398	2.286730	-0.152904	2.281612	1543373724.042971	4.124690	1.490740	1.385660
-1.476775	470909.103233	4399076.750805	2.282109	-0.153112	2.276967	1543373724.137687	4.124690	1.490740	1.385660
-1.477040	470909.073989	4399077.119570	2.265813	-0.152851	2.260652	1543373724.337966	4.124690	1.490740	1.385660
-1.477226	470909.032666	4399077.622468	2.303317	-0.156740	2.297977	1543373724.439666	4.124690	1.490740	1.385660
-1.477194	470908.996019	4399078.116167	2.310328	-0.157793	2.304933	1543373724.536569	4.124690	1.490740	1.385660
-1.477068	470908.975500	4399078.412120	2.308244	-0.157709	2.302850	1543373724.640527	4.124690	1.490740	1.385660
-1.476877	470908.963652	4399078.566962	2.308463	-0.157958	2.303053	1543373724.737432	4.124690	1.490740	1.385660
-1.476446	470908.945749	4399078.852847	2.247475	-0.153471	2.242229	1543373724.842136	4.124690	1.490740	1.385660
-1.475992	470908.935395	4399078.984544	2.214465	-0.151462	2.209279	1543373724.938656	4.124690	1.490740	1.385660
-1.475775	470908.933257	4399079.009927	2.190502	-0.149903	2.185367	1543373725.039369	4.124690	1.490740	1.385660
-1.475590	470908.935152	4399078.964807	2.153485	-0.147599	2.148421	1543373725.143548	4.124690	1.490740	1.385660
-1.471622	470909.103698	4399076.918370	0.000000	0.000000	0.000000	1543373725.242634	4.124690	1.490740	1.385660
-1.472576	470909.133215	4399076.633492	0.000000	0.000000	0.000000	1543373725.340521	4.124690	1.490740	1.385660
-1.470615	470909.242708	4399075.258399	0.000000	0.000000	0.000000	1543373725.537432	4.124690	1.490740	1.385660
-1.472754	470909.225964	4399075.370660	0.000000	0.000000	0.000000	1543373725.647164	4.124690	1.490740	1.385660
-1.474290	470909.203236	4399075.596970	0.000000	0.000000	0.000000	1543373725.841295	4.124690	1.490740	1.385660
-1.474862	470909.182061	4399075.871464	0.000000	0.000000	0.000000	1543373725.937789	4.124690	1.490740	1.385660
-1.470114	470909.166949	4399076.086436	0.000000	0.000000	0.000000	1543373726.041766	4.124690	1.490740	1.385660
-1.468179	470909.309403	4399074.458075	0.000000	0.000000	0.000000	1543373726.145784	4.124690	1.490740	1.385660
-1.464321	470909.402328	4399073.386486	0.000000	0.000000	0.000000	1543373726.240600	4.124690	1.490740	1.385660
-1.460597	470909.507769	4399072.205737	0.000000	0.000000	0.000000	1543373726.352050	4.124690	1.490740	1.385660
-1.464906	470909.593412	4399071.153993	0.000000	0.000000	0.000000	1543373726.440479	4.124690	1.490740	1.385660
-1.466271	470909.618024	4399070.808274	0.000000	0.000000	0.000000	1543373726.539414	4.124690	1.490740	1.385660
-1.458168	470909.657420	4399070.380426	0.000000	0.000000	0.000000	1543373726.637365	4.124690	1.490740	1.385660
-1.461577	470909.666306	4399070.242033	0.000000	0.000000	0.000000	1543373726.738725	4.124690	1.490740	1.385660
-1.466198	470909.708864	4399069.802098	0.000000	0.000000	0.000000	1543373726.837252	4.124690	1.490740	1.385660
-1.461163	470909.729381	4399069.597498	0.000000	0.000000	0.000000	1543373726.935706	4.124690	1.490740	1.385660
-1.463559	470909.759339	4399069.251638	0.000000	0.000000	0.000000	1543373727.038496	4.124690	1.490740	1.385660
-1.466309	470909.758220	4399069.295441	0.000000	0.000000	0.000000	1543373727.138473	4.124690	1.490740	1.385660
-1.459889	470909.792112	4399069.068963	0.000000	0.000000	0.000000	1543373727.237438	4.124690	1.490740	1.385660
-1.462927	470909.802203	4399069.043474	0.000000	0.000000	0.000000	1543373727.336948	4.124690	1.490740	1.385660
-1.458220	470909.808962	4399069.042212	0.000000	0.000000	0.000000	1543373727.440588	4.124690	1.490740	1.385660
-1.462410	470909.807151	4399069.087783	0.000000	0.000000	0.000000	1543373727.537223	4.124690	1.490740	1.385660
-1.463872	470909.795284	4399069.383297	0.000000	0.000000	0.000000	1543373727.636769	4.124690	1.490740	1.385660
-1.458789	470909.783647	4399069.640014	0.000000	0.000000	0.000000	1543373727.738306	4.124690	1.490740	1.385660
-1.461157	470909.785463	4399069.698758	0.000000	0.000000	0.000000	1543373727.841615	4.124690	1.490740	1.385660
-1.464943	470909.774159	4399069.862530	0.000000	0.000000	0.000000	1543373727.935564	4.124690	1.490740	1.385660
-1.463437	470909.764914	4399070.051936	0.000000	0.000000	0.000000	1543373728.039747	4.124690	1.490740	1.385660
-1.467525	470909.779553	4399069.901824	0.000000	0.000000	0.000000	1543373728.139568	4.124690	1.490740	1.385660
-1.464248	470909.803949	4399069.648419	0.000000	0.000000	0.000000	1543373728.240632	4.124690	1.490740	1.385660
-1.460595	470909.806792	4399069.665587	0.000000	0.000000	0.000000	1543373728.335394	4.124690	1.490740	1.385660
-1.464312	470909.761117	4399070.190462	0.000000	0.000000	0.000000	1543373728.435769	4.544440	1.651120	1.464460
-1.467782	470909.742193	4399070.462754	0.000000	0.000000	0.000000	1543373728.537408	4.544440	1.651120	1.464460
-1.460471	470909.708488	4399070.887334	0.000000	0.000000	0.000000	1543373728.640546	4.544440	1.651120	1.464460
-1.469297	470909.690236	4399071.088204	0.000000	0.000000	0.000000	1543373728.740010	4.544440	1.651120	1.464460
-1.469622	470909.645620	4399071.694694	0.000000	0.000000	0.000000	1543373728.838813	4.544440	1.651120	1.464460
-1.469353	470909.597808	4399072.344238	0.000000	0.000000	0.000000	1543373728.936617	4.544440	1.651120	1.464460
-1.465617	470909.568029	4399072.730598	0.000000	0.000000	0.000000	1543373729.039101	4.544440	1.651120	1.464460
-1.468854	470909.555785	4399072.891975	0.000000	0.000000	0.000000	1543373729.137581	4.544440	1.651120	1.464460
-1.468303	470909.517696	4399073.418883	0.000000	0.000000	0.000000	1543373729.241832	4.544440	1.651120	1.464460
-1.467702	470909.473093	4399073.996718	1.071008	-0.065493	1.069004	1543373729.337349	4.544440	1.651120	1.464460
-1.463815	470909.441349	4399074.399949	1.183536	-0.074741	1.181173	1543373729.437953	4.544440	1.651120	1.464460
-1.464200	470909.416937	4399074.681641	1.251496	-0.081220	1.248858	1543373729.540887	4.544440	1.651120	1.464460
-1.470553	470909.335034	4399075.680126	1.466714	-0.100620	1.463259	1543373729.741609	4.544440	1.651120	1.464460
-1.471465	470909.313844	4399075.935709	1.521824	-0.105652	1.518153	1543373729.841931	4.544440	1.651120	1.464460
-1.472110	470909.295813	4399076.152082	1.561106	-0.109384	1.557269	1543373729.938712	4.544440	1.651120	1.464460
-1.472950	470909.249965	4399076.692702	1.639848	-0.117561	1.635629	1543373730.042669	4.544440	1.651120	1.464460
-1.465011	470909.190495	4399077.352807	1.821811	-0.134551	1.816835	1543373730.138132	4.544440	1.651120	1.464460
-1.458869	470909.133845	4399078.029390	1.967672	-0.147516	1.962135	1543373730.239307	4.544440	1.651120	1.464460
-1.466891	470909.108990	4399078.232924	1.996376	-0.152905	1.990512	1543373730.338427	4.544440	1.651120	1.464460
-1.462155	470909.048985	4399078.892902	2.121762	-0.165494	2.115298	1543373730.443532	4.544440	1.651120	1.464460
-1.467402	470909.014494	4399079.235401	2.142241	-0.169627	2.135515	1543373730.535375	4.544440	1.651120	1.464460
-1.466674	470908.998101	4399079.432453	2.160294	-0.171315	2.153491	1543373730.638803	4.544440	1.651120	1.464460
-1.466506	470908.979797	4399079.663989	2.189683	-0.173618	2.182789	1543373730.736602	4.544440	1.651120	1.464460
-1.469672	470908.880302	4399080.829259	2.375870	-0.190594	2.368213	1543373730.938580	4.544440	1.651120	1.464460
-1.466039	470908.840647	4399081.276883	2.473985	-0.199698	2.465913	1543373731.039413	4.544440	1.651120	1.464460
-1.466789	470908.816851	4399081.523628	2.502786	-0.203325	2.494514	1543373731.138784	4.544440	1.651120	1.464460
-1.470430	470908.792558	4399081.761748	2.470118	-0.202307	2.461819	1543373731.241118	4.124690	1.490740	1.385660
-1.469980	470908.763354	4399082.130582	2.484595	-0.203153	2.476275	1543373731.336975	4.544440	1.651120	1.464460
-1.466305	470908.739899	4399082.368097	2.508792	-0.206505	2.500278	1543373731.438779	4.124690	1.490740	1.385660
-1.464627	470908.757335	4399082.160153	2.378247	-0.195666	2.370184	1543373731.537180	4.124690	1.490740	1.385660
-1.469146	470908.780052	4399081.847546	1.133988	-0.104766	1.129138	1543373731.638241	4.124690	1.490740	1.385660
-1.465512	470908.809548	4399081.474315	0.176874	-0.012809	0.176409	1543373731.735701	4.124690	1.490740	1.385660
-1.460427	470908.819168	4399081.310387	0.000000	0.000000	0.000000	1543373731.838067	4.544440	1.651120	1.464460
-0.058524	470908.479466	4399087.161561	0.000000	0.000000	0.000000	1543373731.937204	1.067280	0.141192	0.564485
-0.078870	470908.485439	4399087.255759	0.000000	0.000000	0.000000	1543373732.042323	1.347974	0.272135	0.555911
-0.092923	470908.539921	4399088.270707	0.000000	0.000000	0.000000	1543373732.138272	0.793225	1.985602	1.007712
-0.096599	470908.420112	4399087.829744	0.000000	0.000000	0.000000	1543373732.237747	1.374588	1.624985	1.000737
-0.112472	470908.379797	4399087.856364	0.000000	0.000000	0.000000	1543373732.342628	1.320007	1.689177	1.558125
-0.127130	470908.461028	4399088.160207	0.000000	0.000000	0.000000	1543373732.540200	1.287720	2.151067	0.961515
-0.137888	470908.359794	4399089.226840	0.000000	0.000000	0.000000	1543373732.639874	0.010000	0.010000	0.950989
-0.150067	470908.444752	4399088.163233	0.000000	0.000000	0.000000	1543373732.739470	1.243223	2.051135	0.937253
-0.174298	470908.638871	4399088.250927	0.000000	0.000000	0.000000	1543373732.837810	1.303872	2.272588	0.920860
-0.199986	470908.617561	4399088.258263	0.000000	0.000000	0.000000	1543373732.934665	1.351089	2.333611	0.905989
-0.229665	470908.156730	4399088.218176	0.000000	0.000000	0.000000	1543373733.042946	0.300815	2.079737	0.894012
-0.261300	470908.598328	4399088.197711	0.000000	0.000000	0.000000	1543373733.137417	1.442069	2.200153	0.879314
-0.288189	470908.631698	4399088.061204	0.000000	0.000000	0.000000	1543373733.241070	1.355342	2.064044	1.374664
-0.333489	470908.554153	4399087.788694	0.000000	0.000000	0.000000	1543373733.339220	1.392699	1.571394	1.351145
-0.370317	470908.527624	4399087.718998	0.000000	0.000000	0.000000	1543373733.445610	1.420079	1.438207	1.330937
-0.418038	470908.600368	4399088.087352	0.000000	0.000000	0.000000	1543373733.543655	1.809645	2.163312	1.938854
-0.466163	470908.295743	4399088.147395	0.000000	0.000000	0.000000	1543373733.641874	0.948253	1.836003	1.423224
-0.520152	470908.494336	4399088.086531	0.000000	0.000000	0.000000	1543373733.738255	1.716038	2.151935	1.862715
-0.583154	470908.367730	4399088.063234	0.000000	0.000000	0.000000	1543373733.837938	2.013921	2.054292	1.830625
-0.649939	470908.607149	4399087.610008	0.000000	0.000000	0.000000	1543373733.938132	1.113717	1.646342	1.345492
-0.795877	470908.427957	4399088.013590	0.000000	0.000000	0.000000	1543373734.139594	2.022604	2.060839	1.739038
-0.871627	470908.334431	4399087.619133	0.000000	0.000000	0.000000	1543373734.251940	1.531333	1.441143	1.707859
-0.923231	470908.500945	4399087.487602	0.000000	0.000000	0.000000	1543373734.354423	1.031459	1.516554	1.669957
-0.979937	470908.194944	4399087.991071	0.000000	0.000000	0.000000	1543373734.448217	2.197691	1.636011	1.641052
-1.028160	470908.277769	4399087.617832	0.000000	0.000000	0.000000	1543373734.538103	1.583235	1.479140	2.021053
-1.065465	470908.432186	4399087.604189	0.000000	0.000000	0.000000	1543373734.648513	1.532862	1.695705	1.944080
-1.102219	470908.407101	4399087.694165	0.000000	0.000000	0.000000	1543373734.744860	1.469494	1.759670	1.904209
-1.133346	470908.324211	4399087.925878	0.000000	0.000000	0.000000	1543373734.847882	1.860979	1.682717	1.858668
-1.164417	470908.348888	4399087.916949	0.000000	0.000000	0.000000	1543373734.938562	1.760448	1.659593	1.832786
-1.194298	470908.313662	4399087.826940	0.000000	0.000000	0.000000	1543373735.054672	1.667249	1.674016	1.802330
-1.219364	470908.354229	4399087.654960	0.000000	0.000000	0.000000	1543373735.138716	1.240114	1.598390	1.756959
-1.248530	470908.341079	4399087.869318	0.000000	0.000000	0.000000	1543373735.248197	1.714704	1.569875	2.008979
-1.268980	470908.356690	4399087.865675	0.000000	0.000000	0.000000	1543373735.341915	1.726145	1.670334	1.992139
-1.286532	470908.287445	4399087.872574	0.000000	0.000000	0.000000	1543373735.447632	1.711448	1.617156	1.974844
-1.303458	470908.383783	4399087.902380	0.000000	0.000000	0.000000	1543373735.541036	1.680918	1.754221	1.965413
-1.322897	470908.351802	4399087.850011	0.000000	0.000000	0.000000	1543373735.648737	1.670111	1.832132	1.872930
-1.338408	470908.407100	4399087.950189	0.000000	0.000000	0.000000	1543373735.740004	1.839461	1.813577	1.834325
-1.354311	470908.337890	4399087.875072	0.000000	0.000000	0.000000	1543373735.847973	1.766759	1.758647	1.785715
-1.361575	470908.342524	4399087.879409	0.000000	0.000000	0.000000	1543373735.940659	1.671267	1.715646	1.976621
-1.372658	470908.388228	4399087.891808	0.000000	0.000000	0.000000	1543373736.056369	1.643540	1.772967	1.963840
-1.380084	470908.234331	4399087.882739	0.000000	0.000000	0.000000	1543373736.139122	1.722717	1.527661	1.924622
-1.391467	470908.393451	4399087.892505	0.000000	0.000000	0.000000	1543373736.250142	1.635864	1.896857	1.927951
-1.400360	470908.315269	4399087.856186	0.000000	0.000000	0.000000	1543373736.340729	1.549075	1.712009	1.830747
-1.414165	470908.246782	4399088.491440	0.000000	0.000000	0.000000	1543373736.451978	2.763127	1.711471	1.791875
-1.423339	470908.293354	4399088.444594	0.000000	0.000000	0.000000	1543373736.538298	2.968304	1.742370	1.962816
-1.430854	470908.384129	4399087.859168	0.000000	0.000000	0.000000	1543373736.648798	1.662933	1.693604	1.916079
-1.436938	470908.312116	4399088.233743	0.000000	0.000000	0.000000	1543373736.739802	2.179624	1.731064	1.865200
-1.436540	470908.303765	4399088.785401	0.000000	0.000000	0.000000	1543373736.851377	3.297287	1.826044	1.817567
-1.440437	470908.311612	4399088.236862	0.000000	0.000000	0.000000	1543373736.937957	2.414556	1.751321	2.031667
-1.449665	470908.309019	4399088.581869	0.000000	0.000000	0.000000	1543373737.052924	2.820364	1.776714	1.918003
-1.451970	470908.371967	4399087.982036	0.000000	0.000000	0.000000	1543373737.139724	1.734898	1.782146	1.955011
-1.455393	470908.368183	4399088.030262	0.000000	0.000000	0.000000	1543373737.249221	1.631091	1.817665	1.946651
-1.460697	470908.384915	4399088.027242	0.000000	0.000000	0.000000	1543373737.341752	1.658812	1.870515	1.820345
-1.469446	470908.372180	4399088.109107	0.000000	0.000000	0.000000	1543373737.449302	1.717426	1.786830	1.764957
-1.470007	470908.340479	4399088.260885	0.000000	0.000000	0.000000	1543373737.540927	2.017309	1.731591	1.945161
-1.471046	470908.335760	4399088.388710	0.000000	0.000000	0.000000	1543373737.647901	2.443812	1.748203	1.967209
-1.478293	470908.328468	4399088.808738	0.000000	0.000000	0.000000	1543373737.738295	3.146188	1.899500	1.974190
-1.479496	470908.328961	4399088.840260	0.000000	0.000000	0.000000	1543373737.853231	3.181327	1.830676	1.951838
-1.478419	470908.321395	4399088.795466	0.000000	0.000000	0.000000	1543373737.940496	3.130584	1.816372	2.076400
-1.477232	470908.375498	4399088.831415	0.000000	0.000000	0.000000	1543373738.055044	3.169216	1.941237	2.061721
-1.472615	470908.278575	4399088.815252	0.000000	0.000000	0.000000	1543373738.147312	3.125822	1.933031	1.951215
-1.468684	470908.313800	4399088.843367	0.000000	0.000000	0.000000	1543373738.249935	3.237191	1.794769	1.975489
-1.466723	470908.335605	4399088.854124	0.000000	0.000000	0.000000	1543373738.347736	3.217929	1.860644	1.971818
-1.469085	470908.344991	4399088.862651	0.000000	0.000000	0.000000	1543373738.452153	3.259462	1.827618	1.947696
-1.469067	470908.380974	4399088.833689	0.000000	0.000000	0.000000	1543373738.544042	3.231807	1.946338	2.049667
-1.469118	470908.363818	4399088.869369	0.000000	0.000000	0.000000	1543373738.652261	3.266498	1.924318	2.034145
-1.470840	470908.349642	4399088.884902	0.000000	0.000000	0.000000	1543373738.747105	3.244574	2.034526	2.035154
-1.465133	470908.252753	4399088.823208	0.000000	0.000000	0.000000	1543373738.849053	3.336944	1.892882	2.044506
-1.465440	470908.385435	4399088.833187	0.000000	0.000000	0.000000	1543373738.937267	3.225049	1.942141	2.043708
-1.462561	470908.409569	4399088.859366	0.000000	0.000000	0.000000	1543373739.052793	3.253905	2.011742	2.044910
-1.467113	470908.393884	4399088.813404	0.000000	0.000000	0.000000	1543373739.138900	3.268038	2.000256	2.050225
-1.467829	470908.422927	4399088.865321	0.000000	0.000000	0.000000	1543373739.351439	3.316886	1.988572	2.040697
1.690801	470908.386711	4399088.914096	0.000000	0.000000	0.000000	1543373739.448409	3.426676	2.045137	2.055383
1.679090	470908.387473	4399088.953035	0.000000	0.000000	0.000000	1543373739.553866	3.478684	2.029895	2.055299
1.663304	470908.355242	4399088.914414	0.000000	0.000000	0.000000	1543373739.648463	3.399808	1.928147	2.047073
1.666529	470908.382436	4399088.852506	0.000000	0.000000	0.000000	1543373739.756215	3.570417	1.986082	2.035370
1.686042	470908.389469	4399088.849414	0.000000	0.000000	0.000000	1543373739.848203	3.364665	2.008229	2.038587
1.697986	470908.389591	4399088.901767	0.000000	0.000000	0.000000	1543373739.951056	3.481472	2.043989	2.047566
1.689013	470908.379468	4399088.843492	0.000000	0.000000	0.000000	1543373740.051202	3.368328	2.065052	2.038399
1.654359	470908.322209	4399088.895209	0.000000	0.000000	0.000000	1543373740.146307	3.364907	2.089570	2.026036
1.622779	470908.307131	4399088.953059	0.000000	0.000000	0.000000	1543373740.250682	3.652222	2.055543	2.030612
1.672224	470908.383138	4399089.017720	0.000000	0.000000	0.000000	1543373740.347814	3.595708	1.997159	2.038202
1.654652	470908.344192	4399088.888562	0.000000	0.000000	0.000000	1543373740.450437	3.427293	1.912056	2.036185
1.661165	470908.390455	4399089.097301	0.000000	0.000000	0.000000	1543373740.539857	3.651793	2.000917	2.035782
1.670301	470908.405953	4399088.991480	0.000000	0.000000	0.000000	1543373740.739037	3.337839	1.956913	2.016368
1.655915	470908.316619	4399089.101157	0.000000	0.000000	0.000000	1543373740.854566	3.687305	1.826848	2.024897
1.671860	470908.379166	4399088.970260	0.000000	0.000000	0.000000	1543373740.939516	3.293962	2.044662	2.037248
1.643965	470908.341110	4399088.923516	0.000000	0.000000	0.000000	1543373741.056509	3.350721	2.066562	2.042366
1.666327	470908.393788	4399088.953078	0.000000	0.000000	0.000000	1543373741.141237	3.421287	2.122446	2.046657
1.688811	470908.404627	4399088.961949	0.000000	0.000000	0.000000	1543373741.248525	3.324732	2.016741	2.044095
1.662194	470908.352524	4399088.983696	0.000000	0.000000	0.000000	1543373741.337914	3.365064	2.058456	2.049271
1.656206	470908.343583	4399089.008807	0.000000	0.000000	0.000000	1543373741.451510	3.387244	2.035369	2.043036
1.655253	470908.349923	4399088.991010	0.000000	0.000000	0.000000	1543373741.539584	3.314406	2.042895	2.056764
1.664730	470908.403085	4399088.958758	0.000000	0.000000	0.000000	1543373741.650017	3.254649	1.981190	2.074522
1.677772	470908.325411	4399089.012533	0.000000	0.000000	0.000000	1543373741.744961	3.347377	1.841575	2.026311
1.666874	470908.400269	4399088.975924	0.000000	0.000000	0.000000	1543373741.848677	3.353325	1.958665	2.026876
1.664909	470908.354603	4399089.114039	0.000000	0.000000	0.000000	1543373741.940856	3.540982	2.044589	2.034002
1.655220	470908.364538	4399088.936598	0.000000	0.000000	0.000000	1543373742.055268	3.330031	2.000448	2.048204
1.659664	470908.365150	4399088.928162	0.000000	0.000000	0.000000	1543373742.139919	3.323598	1.982929	2.043981
1.638904	470908.294701	4399088.994036	0.000000	0.000000	0.000000	1543373742.248568	3.275190	2.081544	2.049061
1.666791	470908.381970	4399088.987216	0.000000	0.000000	0.000000	1543373742.349238	3.221826	2.020219	2.047163
1.666974	470908.368053	4399089.065502	0.000000	0.000000	0.000000	1543373742.541225	3.494088	2.065172	2.042666
1.671443	470908.376041	4399089.124300	0.000000	0.000000	0.000000	1543373742.649040	3.644192	2.070386	2.041908
1.653986	470908.361517	4399089.026944	0.000000	0.000000	0.000000	1543373742.740517	3.390113	1.987961	2.047285
1.636948	470908.319974	4399089.150148	0.000000	0.000000	0.000000	1543373742.849232	3.594126	2.004711	2.047078
1.643623	470908.338604	4399088.994127	0.000000	0.000000	0.000000	1543373742.940006	3.270616	1.992401	2.048758
1.628647	470908.323772	4399089.133982	0.000000	0.000000	0.000000	1543373743.052695	3.629106	2.062533	2.048291
1.641393	470908.321022	4399089.031126	0.000000	0.000000	0.000000	1543373743.137081	3.300181	2.024042	2.049316
1.662813	470908.346135	4399089.163075	0.000000	0.000000	0.000000	1543373743.251062	3.583610	2.001265	2.049571
1.658987	470908.334595	4399089.155835	0.000000	0.000000	0.000000	1543373743.342230	3.575235	1.991552	2.050444
1.676157	470908.331707	4399089.176277	0.000000	0.000000	0.000000	1543373743.452896	3.567714	2.019886	2.047891
1.676020	470908.334240	4399089.026920	0.000000	0.000000	0.000000	1543373743.546567	3.245125	1.990265	2.051385
1.635651	470908.278605	4399089.080319	0.000000	0.000000	0.000000	1543373743.650708	3.349814	2.031096	2.050576
1.638104	470908.293749	4399089.028837	0.000000	0.000000	0.000000	1543373743.740961	3.382446	1.966758	2.049997
1.652996	470908.332544	4399089.143610	0.000000	0.000000	0.000000	1543373743.849113	3.556038	2.051881	2.048253
1.631995	470908.293037	4399089.159890	0.000000	0.000000	0.000000	1543373743.938710	3.613031	1.981993	2.048858
1.629413	470908.260233	4399089.204680	0.000000	0.000000	0.000000	1543373744.050155	3.695895	1.995266	2.048083
1.637550	470908.293069	4399089.159439	0.000000	0.000000	0.000000	1543373744.136831	3.564859	1.962081	2.048484
1.613497	470908.244001	4399089.043099	0.000000	0.000000	0.000000	1543373744.249573	3.328316	1.996110	2.053666
1.638418	470908.255827	4399089.057937	0.000000	0.000000	0.000000	1543373744.351467	3.311529	2.042811	1.999356
1.650577	470908.299883	4399089.046384	0.000000	0.000000	0.000000	1543373744.453302	3.308027	2.011440	2.012115
1.654484	470908.333333	4399089.081920	0.000000	0.000000	0.000000	1543373744.548921	3.342135	2.000552	2.006746
1.645983	470908.289563	4399089.045637	0.000000	0.000000	0.000000	1543373744.650276	3.299893	2.064352	2.003701
1.634250	470908.313457	4399089.163240	0.000000	0.000000	0.000000	1543373744.747395	3.522389	2.035613	2.010230
1.656700	470908.321203	4399089.034702	0.000000	0.000000	0.000000	1543373744.848887	3.263300	2.016981	2.010259
1.653656	470908.299325	4399089.034077	0.000000	0.000000	0.000000	1543373744.948488	3.270740	2.055665	2.007488
1.628281	470908.305954	4399089.172573	0.000000	0.000000	0.000000	1543373745.052377	3.534860	2.036252	2.009249
1.651020	470908.318910	4399089.039891	0.000000	0.000000	0.000000	1543373745.152417	3.282224	2.023916	2.009934
1.630237	470908.307763	4399089.200810	0.000000	0.000000	0.000000	1543373745.248746	3.607433	2.037647	2.009877
1.635351	470908.313846	4399089.205103	0.000000	0.000000	0.000000	1543373745.453113	3.605982	2.033955	2.010148
1.664710	470908.329828	4399089.059654	0.000000	0.000000	0.000000	1543373745.548742	3.302664	1.990549	2.009990
1.647125	470908.327235	4399089.194331	0.000000	0.000000	0.000000	1543373745.649504	3.590014	2.022471	2.008697
1.670592	470908.344372	4399089.100383	0.000000	0.000000	0.000000	1543373745.752946	3.394210	2.014289	2.010046
1.647559	470908.314514	4399089.028065	0.000000	0.000000	0.000000	1543373745.851454	3.254747	2.015924	2.008584
1.644470	470908.327775	4399089.155340	0.000000	0.000000	0.000000	1543373745.937784	3.525538	2.019618	2.008228
1.635729	470908.290368	4399089.227294	0.000000	0.000000	0.000000	1543373746.051227	3.651615	1.974777	2.008098
1.655952	470908.332627	4399089.073731	0.000000	0.000000	0.000000	1543373746.448778	3.363472	2.013805	2.007185
1.650566	470908.325326	4399089.019126	0.000000	0.000000	0.000000	1543373746.249539	3.270420	2.015030	2.009641
1.663845	470908.338010	4399089.043525	0.000000	0.000000	0.000000	1543373746.537183	3.311646	1.992640	2.007882
1.643153	470908.330239	4399089.189662	0.000000	0.000000	0.000000	1543373746.651016	3.600931	2.018906	2.008252
1.635294	470908.332446	4399089.119119	0.000000	0.000000	0.000000	1543373746.736085	3.453682	2.038329	2.008166
1.646043	470908.295574	4399089.180004	0.000000	0.000000	0.000000	1543373747.053291	3.611112	2.014666	2.008037
1.645347	470908.325299	4399089.016882	0.000000	0.000000	0.000000	1543373747.137139	3.279140	2.016268	2.008354
1.651134	470908.336919	4399089.001646	0.000000	0.000000	0.000000	1543373747.338118	3.270701	2.014906	2.007497
1.634734	470908.335674	4399089.154734	0.000000	0.000000	0.000000	1543373747.449873	3.560419	2.037765	2.007737
