front	position-x	position-y	speed	speed-x	speed-y	timestamp	v-x	v-y	v-z
-1.473068	470937.429200	4398734.460254	0.000000	0.000000	0.000000	1543307639.779426	3.203420	1.816812	2.014777
-1.473318	470937.413169	4398734.457285	0.000000	0.000000	0.000000	1543307639.876711	3.217008	1.755443	2.015552
-1.471207	470937.439308	4398734.455213	0.000000	0.000000	0.000000	1543307639.975822	3.221009	1.795640	2.015436
-1.472158	470937.472751	4398734.466921	0.000000	0.000000	0.000000	1543307640.077239	3.215386	1.897109	2.014110
-1.469830	470937.430817	4398734.463209	0.000000	0.000000	0.000000	1543307640.175665	3.224890	1.809640	2.019770
-1.471401	470937.437278	4398734.443781	0.000000	0.000000	0.000000	1543307640.284379	3.188717	1.711975	2.015743
-1.471499	470937.430976	4398734.464597	0.000000	0.000000	0.000000	1543307640.378394	3.236916	1.813081	2.014788
-1.469908	470937.434896	4398734.458647	0.000000	0.000000	0.000000	1543307640.578057	3.210646	1.808894	2.020571
-1.474644	470937.444197	4398734.124152	0.000000	0.000000	0.000000	1543307640.677145	2.549736	1.768490	2.015226
-1.474275	470937.447089	4398734.478196	0.000000	0.000000	0.000000	1543307640.777570	3.208994	1.787871	2.014850
-1.472786	470937.515601	4398734.490069	0.000000	0.000000	0.000000	1543307640.876464	3.220058	1.994027	2.021251
-1.470392	470937.427343	4398734.499647	0.000000	0.000000	0.000000	1543307640.975698	3.216128	1.812730	2.015149
-1.470194	470937.460177	4398734.143119	0.000000	0.000000	0.000000	1543307641.079808	2.472732	1.787130	2.020405
-1.470622	470937.388431	4398734.527833	0.000000	0.000000	0.000000	1543307641.178994	3.208794	1.740172	2.033791
-1.469185	470937.487696	4398734.568936	0.000000	0.000000	0.000000	1543307641.280778	3.187091	1.863727	2.044208
-1.465204	470937.437136	4398734.624038	0.000000	0.000000	0.000000	1543307641.380807	3.213523	1.777124	2.052735
-1.463601	470937.448526	4398734.124029	0.000000	0.000000	0.000000	1543307641.477440	2.117082	1.704715	2.059736
-1.463512	470937.376131	4398734.804538	0.388630	-0.041580	0.386400	1543307641.577311	3.305380	1.759760	2.067298
-1.463394	470937.480618	4398734.989984	1.164675	0.017988	1.164536	1543307641.781226	3.234469	1.933337	1.896722
-1.461398	470937.360285	4398735.113025	1.171980	-0.116892	1.166136	1543307641.877911	3.248681	1.719519	1.900095
-1.463716	470937.462249	4398735.458291	1.897507	-0.185793	1.888389	1543307642.076139	3.228779	1.957191	1.912535
-1.456675	470937.300717	4398735.636358	1.964800	-0.225470	1.951820	1543307642.180327	3.247728	1.717459	1.919176
1.674049	470937.389411	4398735.873222	2.273027	-0.234287	2.260921	1543307642.278608	3.246002	1.964152	1.921624
1.644209	470937.281700	4398736.098440	2.407495	-0.176917	2.400986	1543307642.379308	3.235255	1.973418	1.930013
1.651356	470937.330108	4398736.353721	2.479510	-0.199432	2.471477	1543307642.481919	3.258977	1.983127	1.936113
1.674409	470937.278564	4398736.623833	2.792104	-0.288486	2.777161	1543307642.578048	3.258131	2.049257	1.941111
1.701075	470937.278435	4398736.913390	2.929567	-0.380212	2.904790	1543307642.678210	3.284474	2.010153	1.947173
1.686358	470937.133590	4398737.178141	3.013517	-0.347703	2.993391	1543307642.779309	3.256215	1.745225	1.952392
1.651990	470937.169625	4398737.494446	3.094308	-0.251474	3.084072	1543307642.883855	3.269006	1.924864	1.960919
1.678172	470937.090245	4398737.805757	3.233276	-0.346065	3.214703	1543307642.978501	3.273788	1.825729	1.973392
1.653897	470937.097123	4398738.125207	3.556362	-0.295527	3.544062	1543307643.082868	3.239144	1.944566	1.956926
1.662089	470937.066602	4398738.478624	3.627001	-0.330504	3.611912	1543307643.178865	3.258049	1.783452	1.952039
1.674931	470937.069925	4398738.825048	3.796554	-0.394575	3.775994	1543307643.279082	3.245372	1.913020	1.964470
1.675009	470937.065516	4398739.207474	3.850439	-0.400770	3.829526	1543307643.381375	3.287755	1.904366	1.960924
1.681274	470936.965558	4398739.195930	3.929102	-0.433320	3.905135	1543307643.480024	2.508315	1.769991	1.961770
1.678357	470936.847967	4398740.325605	4.160733	-0.446857	4.136668	1543307643.678429	3.251572	1.769101	1.977915
1.676342	470936.838557	4398740.729957	4.226687	-0.445268	4.203167	1543307643.781687	3.302414	1.789669	1.969225
1.662608	470936.804043	4398741.134203	4.322730	-0.396572	4.304501	1543307643.877376	3.327167	1.767609	1.969878
1.674166	470936.784394	4398741.065176	4.481368	-0.462070	4.457483	1543307643.978363	2.343873	1.734127	1.965910
1.660062	470936.757887	4398741.626596	4.572995	-0.407936	4.554763	1543307644.078364	2.592641	1.815189	1.962821
1.667927	470936.699429	4398742.396913	4.409774	-0.427495	4.389004	1543307644.176743	3.130828	1.839066	1.956244
1.677546	470936.637213	4398742.507577	4.602760	-0.490232	4.576579	1543307644.278353	2.454779	1.834414	1.953052
1.700578	470936.517301	4398743.302068	4.711266	-0.609250	4.671707	1543307644.377202	3.172851	1.734248	1.962497
1.671500	470936.561385	4398743.419135	4.805594	-0.483690	4.781190	1543307644.477444	2.480870	1.779100	1.976694
1.679091	470936.481298	4398744.216362	5.000792	-0.540307	4.971518	1543307644.577263	3.161675	1.852665	1.979909
1.667405	470936.437988	4398744.330224	4.872368	-0.470224	4.849625	1543307644.688416	2.460131	1.739076	1.985615
1.660300	470936.427287	4398744.811781	4.966486	-0.444125	4.946589	1543307644.779786	2.427325	1.750523	1.988791
1.659641	470936.344943	4398745.637438	4.921099	-0.436682	4.901686	1543307644.879607	3.125607	1.829167	1.987525
1.659737	470936.354392	4398745.632529	5.020307	-0.445925	5.000463	1543307644.982688	2.172615	1.800311	2.004342
1.664450	470936.260536	4398746.256941	5.129581	-0.479605	5.107111	1543307645.078683	2.484379	1.798445	2.022206
1.663794	470936.182003	4398747.102785	5.099745	-0.473816	5.077686	1543307645.179358	3.215691	1.737319	2.030223
1.648841	470936.165723	4398747.550665	5.030831	-0.392965	5.015460	1543307645.276096	3.142657	1.836701	2.027867
1.669855	470936.112230	4398747.659183	5.087325	-0.502756	5.062421	1543307645.381841	2.393362	1.746935	1.835539
1.675744	470936.104210	4398748.081698	5.242851	-0.548994	5.214028	1543307645.476573	2.263724	1.822157	1.847247
1.667692	470935.995355	4398749.025842	5.242434	-0.507150	5.217846	1543307645.587606	3.155701	1.780766	1.977032
1.682696	470935.954822	4398749.532425	5.173348	-0.577026	5.141067	1543307645.685194	3.165457	1.751477	1.966696
1.673227	470935.886778	4398750.036077	5.162209	-0.527889	5.135147	1543307645.789222	3.182710	1.808936	1.953128
1.668302	470935.887050	4398750.546505	5.217986	-0.507922	5.193207	1543307645.883621	3.175463	1.789186	1.954629
1.669043	470935.802981	4398751.050442	5.320160	-0.522165	5.294473	1543307645.987913	3.155955	1.877274	1.967828
1.667843	470935.763711	4398751.558794	5.504159	-0.533566	5.478236	1543307646.080917	3.132356	1.839890	1.961040
1.668032	470935.692604	4398752.100115	5.362363	-0.520930	5.337000	1543307646.188106	3.159225	1.788709	1.953333
1.656059	470935.654167	4398752.614258	5.454458	-0.464906	5.434609	1543307646.285128	3.121697	1.790596	1.974912
1.666967	470935.608767	4398753.153845	5.668017	-0.544096	5.641842	1543307646.386654	3.139300	1.801188	1.857011
1.665970	470935.573735	4398753.384493	5.769120	-0.548405	5.742995	1543307646.477470	2.505000	1.796200	1.858393
1.650539	470935.520920	4398753.899052	5.881852	-0.469150	5.863112	1543307646.589494	2.466202	1.797696	1.855041
1.651462	470935.464942	4398754.762431	5.731628	-0.461991	5.712979	1543307646.685387	3.053723	1.810885	2.027471
1.657164	470935.446840	4398754.646324	5.946714	-0.512638	5.924576	1543307646.788535	1.719614	1.751514	2.025377
1.668988	470935.392466	4398755.354681	5.674331	-0.555629	5.647062	1543307646.889918	2.038731	1.826407	2.003136
1.663635	470935.302688	4398756.090635	5.895662	-0.546386	5.870289	1543307646.989328	2.384089	1.823471	2.024249
1.678441	470935.262060	4398756.434553	5.617196	-0.602897	5.584748	1543307647.083334	1.973134	1.734470	1.999451
1.663033	470935.199858	4398757.588273	5.954115	-0.548603	5.928788	1543307647.186635	3.133554	1.803129	1.838448
1.672396	470935.143435	4398757.794064	5.672516	-0.574772	5.643322	1543307647.278308	2.479524	1.824177	1.828123
1.659030	470935.094380	4398758.354581	5.580647	-0.491982	5.558919	1543307647.390635	2.472564	1.839180	1.990256
1.668614	470935.070861	4398758.897502	5.650001	-0.551419	5.623028	1543307647.477734	2.468717	1.786300	2.014093
1.668363	470935.022126	4398759.791983	5.354465	-0.521500	5.329009	1543307647.591468	3.318439	1.891001	2.044838
1.673274	470934.852966	4398760.348268	5.407077	-0.552979	5.378726	1543307647.683968	3.362587	1.822635	2.053083
1.656567	470934.856319	4398760.883223	5.404729	-0.463449	5.384822	1543307647.790223	3.310341	1.929090	2.036277
1.637820	470934.824991	4398761.472768	5.853952	-0.392521	5.840777	1543307647.876618	3.211957	1.870894	2.000005
1.673139	470934.800552	4398761.581069	5.474203	-0.557876	5.445703	1543307647.976896	2.410456	1.759267	1.992904
1.643205	470934.744780	4398762.522212	5.309959	-0.384743	5.296002	1543307648.085296	3.283575	1.783877	1.990847
1.666720	470934.599905	4398763.030787	5.317521	-0.508581	5.293144	1543307648.176484	3.259545	2.067367	1.997024
1.657365	470934.643471	4398763.666091	5.536543	-0.479031	5.515781	1543307648.276548	3.298578	2.064528	2.012173
1.665960	470934.578492	4398764.204566	5.698191	-0.541307	5.672422	1543307648.380107	3.265674	1.708362	2.028742
1.641273	470934.548232	4398764.739058	5.523296	-0.389922	5.509515	1543307648.480953	3.270643	1.778493	2.046093
1.654709	470934.493043	4398765.275674	5.491345	-0.460251	5.472023	1543307648.577145	3.262950	1.752877	2.052300
1.642730	470934.463271	4398765.806303	5.411329	-0.389514	5.397292	1543307648.680540	3.270965	1.771519	2.053719
1.661986	470934.397678	4398766.351344	5.412563	-0.492178	5.390139	1543307648.775972	3.272112	1.746740	2.039201
1.650459	470934.314036	4398766.872811	5.401019	-0.429832	5.383888	1543307648.880599	3.257060	1.934092	2.016070
1.654664	470934.322222	4398767.416898	5.395106	-0.451589	5.376173	1543307648.976890	3.283279	1.911903	1.991363
1.627694	470934.331101	4398767.949742	5.386136	-0.306936	5.377383	1543307649.079043	3.277264	1.896735	1.969949
1.646537	470934.305979	4398768.521951	5.425024	-0.409964	5.409512	1543307649.189985	3.318017	1.877555	1.943449
1.655265	470934.179348	4398769.532839	5.324576	-0.448822	5.305626	1543307649.386670	3.257432	1.933306	1.902585
1.657530	470934.120996	4398770.050340	5.300728	-0.459008	5.280817	1543307649.484009	3.249232	2.055089	2.073883
1.675143	470934.166173	4398770.597594	5.248310	-0.546194	5.219811	1543307649.588408	3.257066	2.046001	2.075349
1.664904	470934.085321	4398771.038780	5.134542	-0.482754	5.111797	1543307649.679529	3.294727	2.102179	1.918142
1.665904	470934.030770	4398771.609633	5.285984	-0.501931	5.262099	1543307649.787473	3.262024	2.028559	1.925952
1.635621	470933.921155	4398772.102290	5.301733	-0.344121	5.290553	1543307649.877225	3.291515	2.078656	1.939395
1.648164	470933.956006	4398772.663211	5.332847	-0.412043	5.316905	1543307649.987915	3.297484	1.961120	1.923506
1.653893	470933.709031	4398773.745151	5.316587	-0.441645	5.298212	1543307650.188926	3.398898	2.015592	2.043039
1.640462	470933.851361	4398774.262405	5.319862	-0.370800	5.306924	1543307650.286644	3.293157	1.948609	2.015439
1.671779	470933.714655	4398775.321987	5.279121	-0.531836	5.252264	1543307650.479923	3.371476	1.931875	1.977264
1.654975	470933.698427	4398775.857023	5.217510	-0.439199	5.198991	1543307650.587292	3.287537	1.953416	1.981497
1.666371	470933.667594	4398776.360057	5.176500	-0.493728	5.152900	1543307650.691317	3.275989	2.009538	1.949805
1.655318	470933.564116	4398776.915456	5.137345	-0.433938	5.118985	1543307650.788496	3.327705	2.060955	2.076079
1.648015	470933.501504	4398777.929494	5.234123	-0.404033	5.218506	1543307650.988982	3.363734	1.952466	2.078432
1.660537	470933.327793	4398778.465997	5.239784	-0.469199	5.218735	1543307651.082511	3.393834	1.970297	2.070216
1.657919	470933.333970	4398779.027988	5.357493	-0.466169	5.337173	1543307651.188535	3.265114	2.197607	2.069725
1.653683	470933.318418	4398780.102331	5.438823	-0.450270	5.420152	1543307651.387086	3.333373	1.949542	2.071410
1.650269	470933.234667	4398780.656315	5.439295	-0.431965	5.422115	1543307651.480112	3.311970	1.782393	2.061408
1.650137	470933.222031	4398781.259805	5.439236	-0.431093	5.422125	1543307651.588235	3.429795	1.912059	2.050028
1.663052	470933.160977	4398781.802590	5.430179	-0.499888	5.407121	1543307651.686940	3.420052	1.896799	2.035389
1.652534	470933.117804	4398782.293040	5.255416	-0.429353	5.237848	1543307651.788913	3.350975	1.933521	2.018792
1.641782	470933.025610	4398782.835755	5.252446	-0.408034	5.236573	1543307651.885389	3.305605	1.912621	2.005746
1.629755	470933.001626	4398783.419484	5.252213	-0.375325	5.238786	1543307651.989969	3.396190	1.899487	2.007316
1.662424	470932.976586	4398784.002749	5.376531	-0.418825	5.360193	1543307652.087063	3.454669	1.959723	2.007065
1.670873	470932.905465	4398784.440767	5.273659	-0.431372	5.255987	1543307652.187364	3.329945	1.985670	2.034954
1.645683	470932.840232	4398785.037566	5.273058	-0.421360	5.256196	1543307652.280337	3.396786	2.003990	2.038830
1.629859	470932.681547	4398785.563392	5.315163	-0.387189	5.301042	1543307652.389412	3.429273	2.174341	2.030852
1.638607	470932.724422	4398786.062210	5.320558	-0.378902	5.307049	1543307652.477793	3.346675	2.090446	2.053549
1.674552	470932.634913	4398786.596401	5.273286	-0.417180	5.256758	1543307652.593600	3.374145	2.224776	2.065549
1.681277	470932.648150	4398787.185908	5.480036	-0.436869	5.462595	1543307652.684299	3.360604	2.204583	2.079006
1.671507	470932.559036	4398787.753568	5.468301	-0.455085	5.449331	1543307652.789751	3.359017	2.255127	2.065694
1.656808	470932.527408	4398789.374484	5.387308	-0.412993	5.371454	1543307653.078830	3.295041	2.031491	2.065256
1.629199	470932.384268	4398789.969439	5.424213	-0.383212	5.410659	1543307653.187649	3.391066	1.953373	2.082045
1.640638	470932.390465	4398790.529109	5.430693	-0.377127	5.417583	1543307653.279615	3.354512	1.825128	1.977694
1.646945	470932.269426	4398792.213794	5.454561	-0.486299	5.432839	1543307653.587985	3.303272	1.824742	1.991398
1.657666	470932.199386	4398792.809649	5.445578	-0.480859	5.424305	1543307653.679269	3.381032	2.096020	2.079363
1.647260	470932.095787	4398793.310715	5.649964	-0.474216	5.630028	1543307653.790395	3.294396	1.958325	2.054385
1.655778	470932.050991	4398793.908542	5.635085	-0.474531	5.615069	1543307653.882446	3.405765	1.973209	2.055141
1.626561	470932.064364	4398794.482965	5.622884	-0.450517	5.604806	1543307653.985929	3.276236	1.850930	2.075179
1.629132	470931.999204	4398795.042435	5.587072	-0.485211	5.565963	1543307654.085826	3.329561	2.028921	2.083915
1.642208	470931.935281	4398795.603476	5.637043	-0.457351	5.618460	1543307654.190221	3.271574	2.096784	2.085169
1.624613	470931.911307	4398796.215826	5.796028	-0.413084	5.781289	1543307654.280724	3.275587	2.027759	1.991691
1.635085	470931.860031	4398796.781981	5.764797	-0.399018	5.750971	1543307654.388108	3.290188	2.009963	2.008397
1.629936	470931.810518	4398797.335358	5.747536	-0.483647	5.727151	1543307654.481426	3.256635	2.059354	2.015912
1.635969	470931.760066	4398797.833253	5.711305	-0.483409	5.690811	1543307654.586969	3.295343	2.049179	2.020521
1.625769	470931.730505	4398798.449360	5.650547	-0.426121	5.634457	1543307654.687988	3.258768	2.035149	2.009216
1.661126	470931.670409	4398798.966306	5.676900	-0.459016	5.658312	1543307654.787559	3.196571	2.133470	1.995234
1.590752	470931.660379	4398799.604932	5.741993	-0.426325	5.726145	1543307654.886995	3.309583	1.904289	2.086354
1.645678	470931.633793	4398800.125120	5.725687	-0.460099	5.707170	1543307654.988229	3.338328	2.088609	2.080150
1.680850	470931.619757	4398800.611428	5.744804	-0.416675	5.729673	1543307655.089301	3.341741	1.994415	2.080585
1.618638	470931.455461	4398801.255726	5.935284	-0.382066	5.922974	1543307655.187459	3.389546	2.065920	2.001805
1.647806	470931.399147	4398801.820486	5.968749	-0.398804	5.955411	1543307655.288327	3.353057	2.229164	2.016318
1.667035	470931.365852	4398802.364688	5.856607	-0.448760	5.839388	1543307655.387770	3.329960	2.145140	2.018620
1.626923	470931.353683	4398802.934006	5.446071	-0.413474	5.430353	1543307655.488042	3.338689	2.048004	2.004307
1.642813	470931.300660	4398803.469901	5.788296	-0.431334	5.772203	1543307655.586170	3.277125	1.942236	2.084022
1.628457	470931.324838	4398804.085650	5.775940	-0.491659	5.754977	1543307655.685696	3.477440	1.938849	2.061373
1.675942	470931.286427	4398804.602269	5.853979	-0.542525	5.828785	1543307655.790522	3.331476	2.062418	2.044239
1.651868	470931.203722	4398805.135541	5.621633	-0.460258	5.602760	1543307655.887259	3.325625	2.049835	2.049606
1.659809	470931.090806	4398805.690130	5.590853	-0.471091	5.570970	1543307655.989021	3.251042	1.949011	2.039751
1.673682	470931.168875	4398806.230558	5.576786	-0.506527	5.553735	1543307656.089782	3.278149	2.027582	2.038469
1.628965	470931.010143	4398807.304865	5.460599	-0.410849	5.445121	1543307656.286894	3.375486	2.060821	2.042815
1.657211	470931.025513	4398807.922645	5.413144	-0.423049	5.396588	1543307656.388758	3.425581	2.011082	2.041295
1.668932	470930.981149	4398808.442057	5.364968	-0.431882	5.347557	1543307656.488558	3.423222	2.045139	2.050470
1.662560	470930.943221	4398808.991366	5.267930	-0.445761	5.249036	1543307656.588984	3.355247	2.059486	2.056475
1.628729	470930.624284	4398812.246228	5.531995	-0.354264	5.520640	1543307657.191341	3.279139	1.895147	2.029127
1.636951	470930.573120	4398812.783893	5.501281	-0.357360	5.489662	1543307657.285560	3.242604	1.856922	2.022552
1.640078	470930.532245	4398813.332905	5.499040	-0.363723	5.486998	1543307657.391336	3.257051	1.864644	2.025278
1.629327	470930.451957	4398813.830153	5.480508	-0.459046	5.461250	1543307657.489205	3.372537	1.956989	2.034593
1.617697	470930.425830	4398814.411321	5.480272	-0.440246	5.462561	1543307657.587893	3.325371	1.920913	2.028944
1.633643	470930.415431	4398814.959887	5.479676	-0.407560	5.464498	1543307657.688721	3.348828	1.937011	2.074249
1.645786	470930.388247	4398815.477495	5.273859	-0.470149	5.252861	1543307657.790931	3.297919	2.013464	2.027140
1.641857	470930.300746	4398816.022597	5.546094	-0.459301	5.527042	1543307657.887870	3.359456	2.032379	2.057818
1.615429	470930.222972	4398816.588899	5.465426	-0.380741	5.452148	1543307657.985425	3.462245	2.017086	2.047258
1.633212	470930.183018	4398817.119690	5.505142	-0.469375	5.485096	1543307658.090874	3.348839	2.067216	2.058898
1.643335	470930.155269	4398817.739341	5.502822	-0.444734	5.484821	1543307658.188609	3.428291	2.099568	2.079644
1.646773	470930.126332	4398818.306266	5.502448	-0.408610	5.487255	1543307658.289635	3.436482	2.026312	2.018700
1.685327	470930.126518	4398818.782745	5.456764	-0.482145	5.435422	1543307658.388075	3.321269	2.033999	2.038774
1.642574	470930.058402	4398819.346225	5.326474	-0.437146	5.308506	1543307658.488340	3.296865	2.072460	2.046476
1.656605	470930.014384	4398819.952162	5.552542	-0.462442	5.533252	1543307658.586043	3.438091	2.075109	2.030259
1.648503	470929.990828	4398820.397086	5.573875	-0.445873	5.556013	1543307658.688402	3.361295	2.086383	2.020732
1.623057	470929.858722	4398820.986011	5.600758	-0.391167	5.587082	1543307658.788841	3.414559	2.069747	2.039431
1.647147	470929.869769	4398821.599236	5.468291	-0.394363	5.454052	1543307658.885802	3.467176	2.079844	2.043793
1.632413	470929.827755	4398822.122496	5.432170	-0.325925	5.422383	1543307658.986864	3.317920	2.037528	2.031848
1.633658	470929.744698	4398823.233590	5.342270	-0.357993	5.330261	1543307659.189096	3.294718	2.027946	2.034088
1.653620	470929.722628	4398823.776586	5.565531	-0.405157	5.550765	1543307659.287285	3.308180	2.039041	2.060046
1.643950	470929.676404	4398824.333729	5.528666	-0.442228	5.510951	1543307659.388515	3.305887	2.001096	1.991852
1.612825	470929.600885	4398824.910173	5.527173	-0.364845	5.515118	1543307659.493263	3.389240	1.971645	2.018972
1.613558	470929.530887	4398825.466651	5.486973	-0.433497	5.469822	1543307659.587498	3.402200	1.992254	2.032518
1.636613	470929.517632	4398826.014034	5.568562	-0.458458	5.549658	1543307659.686848	3.318090	2.042302	2.028450
1.603879	470929.445502	4398827.162966	5.669904	-0.391419	5.656377	1543307659.885787	3.313364	1.883649	2.030833
1.614332	470929.340274	4398827.702745	5.660657	-0.344739	5.650149	1543307659.989341	3.370866	2.101879	2.018075
1.628193	470929.301964	4398828.944805	5.683435	-0.355560	5.672302	1543307660.187915	3.347683	1.990675	2.079868
1.644028	470929.260025	4398830.067871	5.806287	-0.360347	5.795094	1543307660.387240	3.283909	2.026171	1.995878
1.645336	470929.213016	4398830.635839	5.829699	-0.430974	5.813746	1543307660.488325	3.287474	2.038346	1.993649
1.638619	470929.167248	4398831.232669	5.811240	-0.417243	5.796241	1543307660.587073	3.333047	1.905543	1.991336
1.645600	470929.149596	4398831.740508	5.790642	-0.427263	5.774858	1543307660.689588	3.270565	1.940139	1.988881
1.635224	470929.062494	4398832.311859	5.646942	-0.397011	5.632969	1543307660.786921	3.263491	1.991965	2.009025
1.658492	470929.066604	4398832.847328	5.710168	-0.384307	5.697221	1543307660.891098	3.199729	2.037344	2.009715
1.657816	470929.002653	4398833.470778	5.786131	-0.428881	5.770215	1543307660.988636	3.394818	1.836546	1.981789
1.652390	470929.025063	4398833.976298	5.535255	-0.456028	5.516438	1543307661.089205	3.299945	1.967459	2.071286
1.654919	470928.985276	4398834.527759	5.533916	-0.459226	5.514829	1543307661.188933	3.326665	1.970003	2.072336
1.668631	470928.810625	4398835.663139	5.538845	-0.454891	5.520134	1543307661.388383	3.350627	1.854861	1.983333
1.569464	470928.867365	4398836.186829	5.553500	-0.389992	5.539789	1543307661.488396	3.340793	1.835317	1.971760
1.595906	470928.672983	4398836.788809	5.758130	-0.462629	5.739515	1543307661.587678	3.407094	2.037289	1.978604
1.642691	470928.712240	4398837.371937	5.745129	-0.444646	5.727897	1543307661.687771	3.453229	1.815270	2.006947
1.634132	470928.723285	4398837.892033	5.802401	-0.401799	5.788472	1543307661.797848	3.364463	1.887913	2.029046
1.684483	470928.585953	4398838.443389	5.881407	-0.489652	5.860989	1543307661.886763	3.391380	1.866813	2.032950
1.658797	470928.566627	4398839.018600	5.872266	-0.498532	5.851066	1543307661.998800	3.351602	1.833045	2.025551
1.640325	470928.535783	4398839.597303	5.868526	-0.467835	5.849848	1543307662.088907	3.348698	1.817859	2.026857
1.640539	470928.571712	4398840.202750	5.924087	-0.449842	5.906983	1543307662.200042	3.433112	1.940335	2.033659
1.622596	470928.424387	4398840.744057	5.629071	-0.476069	5.608904	1543307662.288707	3.415537	1.836793	2.040789
1.674025	470928.395225	4398841.340821	5.675485	-0.516917	5.651896	1543307662.398053	3.396797	1.834681	2.042141
1.652344	470928.431692	4398841.853979	5.675753	-0.498002	5.653862	1543307662.485351	3.337053	1.943135	2.062076
1.624178	470928.338455	4398842.413700	5.819645	-0.532852	5.795199	1543307662.602526	3.402755	1.956307	2.084080
1.610803	470928.322067	4398842.970441	5.604507	-0.502234	5.581958	1543307662.688569	3.421937	1.862651	2.084694
1.624204	470928.280660	4398843.534414	5.630379	-0.468220	5.610877	1543307662.797304	3.309743	1.895351	2.071582
1.607541	470928.245440	4398843.797772	5.479471	-0.411978	5.463962	1543307662.886784	2.803180	1.817380	2.062964
1.634339	470928.148159	4398844.654082	5.863596	-0.485166	5.843490	1543307662.997794	3.352108	1.841271	2.058840
1.658582	470928.155809	4398845.223611	5.576120	-0.470591	5.556227	1543307663.089562	3.362829	1.993711	2.044690
1.595730	470927.974157	4398846.880706	5.606910	-0.354695	5.595679	1543307663.399372	3.305788	1.897421	2.068252
1.621231	470927.972524	4398847.452740	5.573944	-0.325836	5.564413	1543307663.485338	3.342373	1.898064	2.072661
1.622505	470927.894253	4398847.982931	5.590686	-0.312801	5.581928	1543307663.597496	3.284547	1.832832	1.953390
1.632600	470927.858630	4398848.326780	5.583164	-0.323720	5.573771	1543307663.688033	2.857295	1.832339	1.955164
1.619510	470927.825090	4398849.136228	5.593949	-0.306487	5.585546	1543307663.796854	3.356332	1.932558	2.072412
1.644184	470927.809370	4398849.675704	5.602150	-0.344860	5.591525	1543307663.888200	3.309549	1.950483	2.076988
1.664175	470927.700977	4398850.236030	5.601766	-0.373136	5.589324	1543307663.998959	3.299062	1.870327	1.962244
1.634408	470927.675001	4398850.785133	5.489175	-0.360786	5.477305	1543307664.086646	3.403238	1.833774	1.979712
1.654673	470927.619074	4398851.279785	5.420628	-0.389599	5.406609	1543307664.201178	3.316973	1.884671	1.995170
1.648653	470927.558966	4398851.830233	5.392832	-0.397895	5.378133	1543307664.286681	3.361059	1.948928	2.008298
1.642382	470927.509330	4398852.409990	5.420106	-0.395412	5.405664	1543307664.396962	3.425037	2.042944	2.005666
1.656907	470927.453785	4398852.949940	5.779368	-0.448919	5.761906	1543307664.489648	3.328364	2.038736	1.996311
1.656089	470927.430199	4398853.508504	5.480467	-0.439580	5.462810	1543307664.599267	3.322735	1.881451	1.975872
1.662007	470927.394951	4398854.104951	5.555776	-0.466341	5.536169	1543307664.685914	3.326980	1.844594	2.066038
1.636830	470927.368284	4398854.678581	5.562291	-0.431656	5.545517	1543307664.800219	3.325152	1.839672	2.035481
1.633106	470927.347237	4398855.211599	5.736986	-0.467372	5.717916	1543307664.885792	3.301487	1.963375	2.024528
1.667070	470927.262232	4398855.795606	5.771494	-0.509483	5.748962	1543307665.001564	3.345719	1.852371	2.022191
1.678955	470927.221483	4398856.336506	5.548083	-0.480475	5.527238	1543307665.087261	3.320674	1.866226	2.036089
1.671445	470927.186871	4398856.624993	5.443880	-0.492355	5.421570	1543307665.202082	2.879033	1.846525	2.054757
1.658747	470927.185804	4398857.420555	5.337889	-0.478527	5.316397	1543307665.287945	3.435599	1.925595	2.059366
1.666643	470927.140847	4398857.965234	5.400322	-0.496232	5.377474	1543307665.395326	3.375398	2.008702	2.052283
1.636979	470927.083989	4398858.507786	5.386911	-0.446136	5.368405	1543307665.485228	3.420562	1.862926	2.033200
1.674666	470926.981018	4398859.054540	5.369886	-0.469350	5.349335	1543307665.599548	3.361731	1.820963	2.027360
1.669048	470927.001329	4398859.630582	5.442554	-0.495028	5.419994	1543307665.690924	3.327295	1.941604	2.041266
1.650877	470926.864044	4398860.155190	5.466165	-0.476930	5.445319	1543307665.797753	3.288159	1.983831	2.051850
1.648632	470926.848886	4398860.696798	5.472962	-0.469349	5.452800	1543307665.885546	3.338074	1.916925	2.042677
1.672515	470926.804039	4398861.263670	5.528279	-0.506454	5.505032	1543307665.999330	3.335148	1.968693	2.036091
1.699253	470926.843817	4398861.838978	5.526077	-0.579447	5.495614	1543307666.086871	3.359637	2.051264	2.022759
1.672043	470926.724265	4398862.378738	5.562970	-0.576167	5.533052	1543307666.196973	3.319563	1.841044	2.002622
1.672734	470926.721132	4398862.907395	5.465992	-0.562985	5.436921	1543307666.289571	3.342228	1.941567	2.001385
1.665748	470926.635610	4398863.472202	5.547489	-0.554659	5.519691	1543307666.398940	3.240673	1.984236	2.009148
1.696080	470926.620223	4398864.057862	5.564072	-0.520346	5.539688	1543307666.487931	3.296497	2.000560	2.005537
1.632311	470926.528462	4398864.556261	5.584289	-0.461722	5.565168	1543307666.597518	3.327096	1.957314	1.998415
1.665589	470926.471592	4398865.676642	5.515647	-0.490235	5.493818	1543307666.798923	3.230139	2.071478	1.997173
1.658521	470926.409890	4398866.868275	5.471939	-0.556374	5.443581	1543307666.999408	3.329947	1.916843	2.002620
1.698344	470926.390878	4398867.391019	5.433676	-0.600601	5.400381	1543307667.090243	3.270993	2.045930	1.996749
1.696066	470926.323660	4398867.926413	5.405897	-0.559967	5.376817	1543307667.200526	3.254575	2.110437	1.991706
1.670428	470926.248769	4398868.497772	5.339429	-0.485926	5.317271	1543307667.300941	3.311960	2.061148	1.982864
1.657802	470926.225767	4398869.051471	5.279419	-0.458334	5.259486	1543307667.402264	3.316122	1.970219	1.984276
1.682285	470926.162249	4398869.617571	5.266773	-0.503759	5.242626	1543307667.495838	3.351526	2.123262	1.982094
1.659929	470926.154976	4398870.126338	5.214041	-0.497721	5.190231	1543307667.600179	3.292606	1.986000	2.067803
1.625597	470926.060370	4398870.694841	5.472832	-0.525758	5.447520	1543307667.697244	3.352976	1.964319	2.059828
1.679657	470926.023682	4398871.185953	5.463266	-0.549327	5.435579	1543307667.798361	3.231954	2.006593	2.037773
1.678183	470925.985825	4398871.731700	5.436576	-0.559605	5.407699	1543307667.898293	3.256685	1.950815	2.009847
1.691492	470925.897961	4398872.271885	5.301091	-0.558905	5.271545	1543307668.000156	3.261317	1.884134	2.004500
1.697139	470925.912386	4398872.813992	5.227198	-0.590106	5.193782	1543307668.097674	3.252162	1.998393	2.011763
1.697096	470925.871480	4398873.353067	5.147583	-0.606983	5.111671	1543307668.199846	3.267034	1.988366	2.012573
1.684475	470925.821222	4398873.861090	5.256633	-0.612183	5.220864	1543307668.298488	3.316642	2.020358	2.023078
1.659002	470925.764335	4398874.423514	5.202078	-0.556627	5.172212	1543307668.398988	3.372557	1.963970	2.042928
1.671955	470925.692389	4398874.969988	5.440981	-0.633064	5.404027	1543307668.499207	3.367520	2.095715	2.051221
1.672986	470925.715056	4398875.493694	5.431974	-0.552015	5.403852	1543307668.599433	3.279298	2.020308	2.054731
1.663975	470925.616748	4398876.020045	5.424123	-0.533788	5.397794	1543307668.699010	3.285477	2.092276	2.060165
1.704059	470925.595904	4398876.642668	5.459886	-0.524519	5.434633	1543307668.802368	3.407934	2.090984	2.056316
1.691021	470925.549650	4398877.131485	5.419308	-0.535942	5.392742	1543307668.899163	3.296311	2.063730	2.050258
1.706419	470925.504258	4398877.719612	5.401410	-0.485053	5.379587	1543307668.997732	3.390948	2.091157	2.051898
1.708726	470925.472069	4398878.294581	5.501150	-0.496903	5.478662	1543307669.098151	3.404388	2.065443	2.054718
1.691779	470925.286478	4398880.442603	5.570145	-0.445489	5.552301	1543307669.501605	3.408617	2.069396	2.045895
1.681263	470925.221794	4398880.965976	5.559469	-0.447686	5.541415	1543307669.602238	3.463923	2.038027	2.061830
1.621655	470925.023916	4398882.039822	5.411770	-0.501087	5.388522	1543307669.799921	3.393857	2.079069	1.983464
1.661586	470925.043833	4398882.596133	5.631987	-0.517562	5.608156	1543307669.897922	3.324225	2.085856	1.990405
1.679980	470925.027348	4398883.161818	5.611156	-0.494459	5.589327	1543307669.998309	3.314186	1.979750	1.999057
1.632402	470924.908566	4398883.731709	5.595210	-0.462605	5.576054	1543307670.098242	3.372273	2.044794	2.000859
1.681596	470924.913725	4398884.258330	5.465393	-0.506085	5.441912	1543307670.199481	3.316752	2.053534	1.998602
1.685970	470924.871923	4398884.841915	5.442751	-0.488993	5.420740	1543307670.299264	3.377100	2.116252	1.994518
1.696775	470924.861832	4398885.356957	5.431712	-0.481524	5.410326	1543307670.401255	3.337835	2.038812	1.990967
1.666018	470924.771189	4398885.977165	5.437712	-0.452631	5.418841	1543307670.497226	3.299415	2.132000	1.995349
1.691111	470924.747982	4398886.507350	5.475634	-0.476274	5.454881	1543307670.598876	3.276515	2.054545	1.997840
1.665128	470924.743487	4398887.053440	5.428377	-0.486009	5.406577	1543307670.686500	3.234308	1.962923	2.000776
1.668586	470924.650077	4398887.588512	5.373773	-0.495995	5.350834	1543307670.798322	3.235637	2.072361	2.002938
1.684577	470924.593836	4398888.165255	5.320658	-0.526810	5.294514	1543307670.890268	3.289596	2.083895	1.997115
1.684313	470924.477147	4398888.691591	5.325938	-0.497682	5.302634	1543307671.000006	3.228493	1.889128	2.002092
1.648003	470924.509536	4398889.238328	5.365533	-0.439896	5.347470	1543307671.087580	3.207446	1.929731	2.009055
1.664971	470924.485702	4398889.819471	5.431920	-0.468167	5.411707	1543307671.198069	3.260419	2.010130	2.014116
1.638000	470924.350882	4398890.396380	5.464011	-0.438367	5.446398	1543307671.290513	3.329652	2.008985	2.007245
1.643629	470924.314752	4398890.921457	5.470920	-0.423822	5.454479	1543307671.397533	3.328356	2.072309	2.008551
1.649477	470924.325929	4398891.476783	5.477970	-0.426556	5.461338	1543307671.488897	3.277103	1.994753	2.015409
1.637489	470924.223369	4398892.031958	5.517272	-0.407485	5.502203	1543307671.599897	3.245857	2.087834	2.041000
1.653253	470924.206338	4398892.589689	5.741025	-0.441732	5.724006	1543307671.687819	3.239948	2.098308	2.061248
1.660221	470924.153891	4398893.182355	5.741666	-0.417650	5.726456	1543307671.797200	3.305227	2.016132	2.062625
1.665690	470924.058779	4398894.271282	5.365086	-0.482274	5.343366	1543307671.998860	3.266861	2.068878	2.034725
1.662095	470923.994205	4398894.807577	5.544489	-0.486329	5.523119	1543307672.086618	3.333253	2.047712	2.029441
1.655751	470923.969307	4398895.313392	5.431947	-0.471768	5.411421	1543307672.198041	3.338052	1.828761	1.998252
1.648265	470923.976153	4398895.910765	5.572085	-0.458127	5.553220	1543307672.290027	3.279682	1.939288	1.967285
1.639032	470923.867440	4398896.484735	5.599731	-0.415182	5.584319	1543307672.404977	3.450625	1.831168	1.961697
1.660796	470923.891495	4398897.015464	5.385065	-0.448241	5.366377	1543307672.489946	3.356215	1.983488	1.969559
1.623356	470923.829954	4398897.540832	5.645858	-0.407588	5.631126	1543307672.600370	3.325963	1.915207	1.982811
1.676544	470923.795015	4398898.185597	5.704655	-0.480237	5.684405	1543307672.697968	3.415527	1.989261	1.990956
1.621495	470923.678951	4398898.670746	5.744681	-0.429070	5.728635	1543307672.800301	3.383331	1.899826	1.995373
1.607586	470923.648914	4398899.250071	5.780938	-0.353933	5.770093	1543307672.897790	3.384823	1.916586	1.999107
1.634397	470923.562387	4398900.342935	5.551660	-0.342201	5.541104	1543307673.098360	3.283323	1.892946	2.031366
1.652301	470923.496658	4398900.902680	5.631446	-0.388672	5.618017	1543307673.196359	3.309273	1.936946	2.041376
1.655573	470923.456651	4398901.470452	5.766689	-0.432020	5.750483	1543307673.298426	3.300382	1.940523	2.042369
1.654538	470923.406778	4398902.040733	5.808093	-0.453630	5.790351	1543307673.400824	3.310404	1.999315	2.051847
1.662044	470923.376175	4398902.575162	5.857386	-0.485286	5.837248	1543307673.498570	3.293494	1.938843	2.058461
1.652651	470923.346586	4398903.157163	5.643094	-0.421875	5.627303	1543307673.597255	3.283538	2.005184	2.061994
1.637619	470923.214409	4398904.305313	5.631630	-0.432608	5.614989	1543307673.804006	3.296720	1.857733	2.052798
1.651657	470923.153724	4398905.437963	5.658725	-0.462810	5.639767	1543307673.998791	3.303215	2.013007	2.060523
1.663411	470923.128228	4398905.995655	5.741241	-0.514491	5.718142	1543307674.098373	3.276151	1.891620	2.052130
1.648416	470923.066001	4398906.581870	5.828987	-0.498455	5.807635	1543307674.203080	3.312916	1.866388	2.046134
1.648618	470923.003127	4398907.147149	5.872617	-0.485405	5.852521	1543307674.297240	3.297467	1.890582	2.048069
1.669793	470923.016210	4398907.722572	5.917266	-0.486340	5.897246	1543307674.397632	3.338286	1.952982	2.044502
1.661176	470922.924993	4398908.298450	5.968656	-0.508344	5.946969	1543307674.497343	3.321774	1.873159	2.044605
1.641521	470922.831912	4398908.824511	5.750508	-0.461578	5.731953	1543307674.597911	3.255043	2.005873	2.055293
1.701795	470922.899195	4398909.408012	5.787900	-0.571903	5.759575	1543307674.697154	3.264127	2.071532	2.060968
1.655306	470922.767113	4398910.024124	5.791312	-0.542433	5.765853	1543307674.800466	3.387579	2.032440	2.060631
1.647404	470922.728888	4398910.574827	5.777251	-0.506483	5.755007	1543307674.899110	3.340812	2.059073	2.075048
1.641678	470922.649410	4398911.145807	5.760993	-0.470438	5.741753	1543307675.000156	3.336909	1.992715	2.059949
1.656816	470922.634225	4398911.668904	5.720013	-0.475382	5.700224	1543307675.098316	3.256821	1.985365	2.045736
1.629456	470922.551275	4398912.236395	5.880305	-0.439910	5.863827	1543307675.196603	3.300280	1.979107	2.043736
1.628494	470922.510477	4398912.814634	5.667843	-0.388400	5.654520	1543307675.294972	3.297655	2.036416	2.042252
1.666861	470922.501131	4398913.363349	5.699612	-0.447801	5.681993	1543307675.400639	3.276277	1.966601	2.036674
1.695699	470922.524569	4398913.923202	5.667260	-0.531655	5.642267	1543307675.495738	3.339734	2.051121	2.034745
1.684632	470922.449472	4398914.496475	5.797858	-0.586647	5.768103	1543307675.602897	3.290707	2.013342	2.034781
1.729634	470922.460873	4398915.108936	5.829086	-0.551662	5.802923	1543307675.698694	3.251826	2.076679	2.031334
1.684124	470922.389173	4398915.637181	5.635640	-0.530254	5.610639	1543307675.799292	3.245856	1.995084	2.020793
1.669177	470922.296238	4398916.215301	5.659204	-0.439147	5.642139	1543307675.898189	3.222891	2.078520	2.015480
1.693546	470922.228848	4398917.348766	5.729197	-0.435335	5.712634	1543307676.098971	3.247483	2.057387	2.009013
1.689435	470922.183392	4398917.947905	5.747822	-0.481994	5.727577	1543307676.199691	3.244382	1.963363	2.012485
1.649739	470922.093884	4398918.538907	5.764057	-0.460735	5.745614	1543307676.298992	3.308615	2.127087	2.024493
1.622922	470922.017301	4398919.089934	5.793247	-0.475150	5.773729	1543307676.399313	3.264321	2.083926	2.024525
1.678934	470921.967703	4398920.271074	5.848780	-0.546114	5.823228	1543307676.599070	3.356675	2.064052	2.049638
1.639732	470921.897448	4398920.797518	5.759218	-0.489499	5.738378	1543307676.699269	3.206716	2.053583	2.057430
1.684956	470921.924581	4398921.382050	5.847630	-0.536400	5.822976	1543307676.802758	3.334009	1.987252	2.058296
1.664207	470921.879101	4398921.941225	5.857239	-0.540696	5.832229	1543307676.897628	3.416277	1.988191	2.052378
1.670159	470921.798988	4398922.550236	5.866782	-0.570153	5.839011	1543307676.997679	3.431271	2.074644	2.030910
1.711808	470921.794950	4398923.100281	5.637555	-0.636679	5.601488	1543307677.101742	3.433051	2.070453	2.020084
1.675989	470921.726648	4398923.614816	5.647296	-0.623128	5.612813	1543307677.196383	3.320822	2.077901	2.021930
1.669240	470921.662434	4398924.185265	5.666220	-0.600639	5.634295	1543307677.297344	3.328632	2.035457	2.023747
1.667007	470921.662453	4398924.824433	5.778715	-0.591741	5.748338	1543307677.397976	3.371761	1.973961	2.024081
1.694616	470921.590339	4398925.359601	5.734630	-0.551146	5.708084	1543307677.497540	3.318236	2.017617	2.016713
1.715856	470921.602842	4398925.942473	5.702126	-0.534655	5.677005	1543307677.598397	3.324967	2.095785	1.992988
1.692622	470921.546414	4398926.555875	5.697776	-0.589759	5.667171	1543307677.697393	3.406585	2.066651	1.974580
1.696649	470921.472668	4398927.125023	5.695804	-0.509650	5.672957	1543307677.800604	3.371662	2.107141	1.977434
1.705991	470921.424648	4398927.710481	5.707428	-0.529765	5.682788	1543307677.898872	3.368711	2.048577	1.983590
1.690164	470921.403627	4398928.277030	5.653491	-0.570058	5.624677	1543307678.000370	3.439610	2.038655	1.999435
1.704308	470921.346063	4398928.858428	5.621299	-0.541094	5.595196	1543307678.099665	3.410039	2.080546	2.008234
1.708128	470921.299847	4398929.446467	5.916207	-0.541208	5.891400	1543307678.199194	3.398814	2.067801	2.005080
1.655622	470921.201878	4398929.979947	5.901111	-0.506888	5.879301	1543307678.299056	3.447179	1.990596	1.992202
1.668676	470921.151457	4398930.583665	5.889326	-0.531357	5.865306	1543307678.398364	3.364645	2.002855	1.991855
1.667599	470921.114072	4398931.162404	5.879253	-0.544558	5.853980	1543307678.499271	3.389392	2.017676	1.995033
1.654426	470921.042462	4398931.771305	5.853121	-0.552001	5.827034	1543307678.601264	3.310997	2.003975	1.988753
1.670580	470921.014107	4398932.327883	5.826836	-0.531704	5.802526	1543307678.697253	3.362160	2.026836	2.066628
1.673024	470920.975486	4398932.913205	5.797674	-0.552230	5.771314	1543307678.801073	3.378659	2.014600	2.058291
1.648993	470920.900587	4398933.470576	5.776620	-0.551781	5.750207	1543307678.903966	3.388954	2.002464	2.056748
1.689819	470920.919524	4398934.050491	5.744400	-0.593882	5.713619	1543307678.996207	3.281960	2.005508	2.059300
1.704280	470921.775541	4398934.708061	5.731793	-0.565693	5.703810	1543307679.102225	3.374377	3.887271	2.071823
1.687143	470920.708443	4398935.263689	5.695589	-0.551259	5.668849	1543307679.212327	3.361919	1.918957	1.986176
1.676624	470920.752958	4398935.786319	5.855770	-0.586049	5.826370	1543307679.299542	3.226948	1.986749	2.068062
1.649777	470920.676425	4398936.387277	5.901665	-0.545408	5.876409	1543307679.402481	3.429949	1.909663	2.067443
1.660847	470920.590729	4398936.947939	5.901507	-0.572225	5.873699	1543307679.503915	3.407376	2.068323	2.070982
1.669283	470920.547000	4398937.478197	5.971187	-0.581445	5.942811	1543307679.598763	3.262112	1.843387	1.994378
1.657147	470920.543648	4398938.086564	5.945390	-0.554439	5.919482	1543307679.702159	3.296319	1.943794	1.986254
1.654463	470920.465066	4398938.816019	5.967954	-0.510117	5.946113	1543307679.802206	3.520776	2.008329	2.069663
1.668865	470920.395947	4398939.307628	5.735848	-0.518686	5.712348	1543307679.899858	3.346988	1.959100	1.987464
1.651357	470920.333717	4398939.862894	5.689602	-0.493879	5.668126	1543307680.002422	3.309012	2.024879	1.987347
1.656610	470920.316117	4398940.546337	5.638951	-0.495201	5.617165	1543307680.103181	3.506317	2.035794	2.061124
1.673396	470920.294735	4398941.054258	5.786242	-0.488821	5.765557	1543307680.199769	3.359527	1.975058	2.045681
1.700277	470920.207037	4398941.578118	5.774820	-0.515882	5.751731	1543307680.298453	3.288247	1.885117	2.042758
1.672903	470920.185213	4398942.272714	5.805074	-0.486431	5.784658	1543307680.398372	3.506034	1.948570	2.054708
1.667217	470920.128122	4398942.742337	5.554407	-0.447011	5.536391	1543307680.499997	3.264748	2.005855	2.055145
1.674052	470920.053753	4398943.897549	5.821087	-0.549455	5.795097	1543307680.699870	3.266357	1.997822	2.056347
1.686070	470919.980616	4398944.466179	5.793907	-0.589939	5.763794	1543307680.806760	3.364177	1.868921	2.036339
1.674299	470919.994359	4398944.991555	5.556563	-0.569085	5.527345	1543307680.897068	3.249954	1.980102	2.030132
1.681719	470919.941746	4398945.602313	5.509912	-0.580887	5.479207	1543307680.999758	3.359975	1.999648	2.042072
1.649894	470919.868436	4398946.217582	5.844393	-0.537744	5.819601	1543307681.101947	3.361690	1.901079	2.033845
1.673031	470919.761000	4398946.742300	5.766416	-0.528575	5.742139	1543307681.203851	3.325839	1.833088	2.029929
1.658703	470919.781189	4398947.269181	5.752262	-0.498330	5.730636	1543307681.297827	3.251457	1.966715	2.026546
1.676304	470919.723026	4398947.837172	5.744993	-0.536563	5.719882	1543307681.402285	3.275810	1.996361	2.046099
1.686964	470919.660758	4398948.418199	5.846106	-0.508908	5.823914	1543307681.498237	3.331414	2.031844	2.053603
1.693083	470919.626705	4398949.003820	5.833132	-0.503756	5.811339	1543307681.597670	3.338739	2.046334	2.061176
1.665746	470919.572227	4398949.616512	5.887331	-0.526774	5.863717	1543307681.703664	3.348965	1.991961	1.987237
1.692421	470919.535120	4398950.136917	5.896694	-0.569661	5.869113	1543307681.801095	3.354062	2.051985	1.989764
1.677214	470919.479421	4398950.720577	5.742066	-0.575331	5.713170	1543307681.899228	3.327690	2.051945	1.995076
1.659771	470919.411220	4398951.304886	5.884206	-0.565410	5.856978	1543307681.999812	3.332333	2.007626	1.994071
1.657382	470919.335037	4398951.928853	5.935550	-0.525835	5.912212	1543307682.102508	3.332943	2.013399	1.996616
1.669307	470919.259671	4398953.076810	5.909140	-0.512202	5.886899	1543307682.300241	3.386928	2.063130	1.993772
1.691142	470919.225185	4398953.674673	5.857661	-0.555763	5.831236	1543307682.401362	3.310431	2.035725	2.006275
1.673436	470919.158351	4398954.234435	5.761090	-0.562369	5.733577	1543307682.498254	3.358482	2.097437	1.996287
1.646940	470919.079532	4398954.818949	5.860290	-0.502700	5.838689	1543307682.598964	3.335699	1.972312	1.992480
1.668168	470919.100076	4398955.376453	5.854682	-0.514012	5.832074	1543307682.703328	3.239740	1.959047	2.064028
1.658928	470919.043913	4398955.935766	5.796138	-0.524896	5.772322	1543307682.800726	3.205890	1.957656	2.062572
1.681415	470918.899854	4398956.532918	5.764263	-0.539696	5.738942	1543307682.899313	3.396147	1.909821	2.057018
1.677645	470918.884731	4398957.096066	5.750179	-0.566324	5.722223	1543307683.001895	3.380119	1.806952	2.050954
1.633577	470918.884166	4398957.714696	5.629505	-0.523473	5.605114	1543307683.102324	3.406504	1.871986	2.053693
1.658811	470918.798118	4398958.854901	5.630113	-0.512677	5.606722	1543307683.298904	3.352356	1.934793	2.063139
1.667819	470918.689461	4398959.327288	5.634990	-0.482357	5.614307	1543307683.401153	3.305634	1.824796	2.068804
1.662688	470918.697109	4398959.965508	5.638775	-0.452890	5.620558	1543307683.501364	3.349953	1.928796	1.993082
1.655614	470918.613160	4398960.670597	5.640828	-0.457265	5.622264	1543307683.601952	3.656784	1.963669	2.003674
1.661042	470918.579063	4398961.201634	5.610712	-0.457070	5.592064	1543307683.702571	3.638149	1.964989	2.007964
1.645883	470918.515782	4398961.759300	5.597249	-0.442780	5.579708	1543307683.802332	3.673881	1.967605	2.002881
1.652759	470918.485371	4398962.117386	5.565319	-0.439696	5.547922	1543307683.902651	3.319872	1.994694	2.004786
1.671271	470918.416934	4398963.289943	5.412972	-0.462000	5.393220	1543307684.098449	3.373950	2.032377	2.013556
1.650756	470918.348687	4398963.855141	5.417356	-0.451307	5.398524	1543307684.202964	3.458336	2.047382	2.008959
1.646630	470918.333091	4398964.417912	5.426697	-0.436527	5.409111	1543307684.297620	3.498827	1.973906	2.007998
1.674420	470918.305092	4398964.806399	5.429763	-0.392097	5.415587	1543307684.401613	3.261714	2.053332	1.995451
1.665303	470918.221160	4398965.443177	5.401869	-0.384325	5.388180	1543307684.498468	3.224625	1.812209	2.064492
1.684330	470918.216269	4398965.984396	5.418745	-0.437139	5.401084	1543307684.599219	3.211385	2.053880	2.063561
1.654183	470918.129330	4398967.531859	5.521863	-0.408275	5.506749	1543307684.910739	3.234593	1.952086	2.073636
1.645484	470918.078625	4398968.100190	5.528936	-0.410110	5.513705	1543307685.001365	3.262743	1.933389	1.987161
1.673241	470917.994302	4398968.450479	5.566104	-0.371083	5.553720	1543307685.111070	2.981849	1.816621	1.995530
1.650809	470917.967892	4398969.257548	5.493651	-0.402808	5.478864	1543307685.201253	3.315993	1.972881	2.006232
1.694359	470917.889261	4398969.780748	5.359359	-0.379700	5.345892	1543307685.313287	3.337198	1.880601	2.007622
1.653474	470917.833389	4398970.447411	5.330042	-0.399070	5.315082	1543307685.402789	3.519879	2.001947	2.011509
1.678037	470917.837803	4398970.846090	5.252203	-0.357961	5.239991	1543307685.513088	3.306185	2.051495	2.024028
1.679135	470917.817116	4398971.411125	5.583110	-0.403727	5.568493	1543307685.601851	3.329416	2.006306	2.026623
1.648027	470917.775087	4398971.931672	5.579330	-0.415925	5.563806	1543307685.712300	3.296198	1.955780	2.004665
1.656991	470917.746912	4398972.572988	5.447756	-0.361540	5.435746	1543307685.801480	3.318839	1.942249	1.987876
1.675888	470917.684480	4398972.995043	5.191605	-0.427660	5.173961	1543307685.912260	3.338276	2.093817	2.054468
1.668862	470917.645684	4398973.620772	5.190326	-0.401967	5.174737	1543307686.000236	3.291790	2.052752	2.039708
1.658386	470917.589197	4398974.132521	5.214633	-0.421712	5.197553	1543307686.113123	3.339373	1.997355	2.016618
1.665121	470917.576109	4398974.637194	5.131370	-0.402947	5.115524	1543307686.200259	3.325971	2.070727	2.075984
1.671540	470917.555750	4398975.179933	5.131020	-0.419739	5.113823	1543307686.312811	3.302940	2.052947	2.061177
1.675906	470917.498400	4398975.682688	5.220509	-0.434017	5.202436	1543307686.408237	3.284389	2.065017	2.058461
1.648566	470917.399512	4398976.248582	5.070991	-0.412121	5.054217	1543307686.498489	3.405751	2.102174	2.061017
1.629699	470917.417202	4398976.812129	5.070271	-0.389393	5.055296	1543307686.602315	3.374206	1.938410	2.051729
1.647240	470917.289986	4398977.810760	5.203221	-0.403148	5.187580	1543307686.804612	3.281523	2.060199	1.998462
1.680332	470917.305578	4398978.361904	5.123674	-0.418114	5.106586	1543307686.899369	3.314412	2.047005	2.017420
1.686953	470917.285858	4398978.881375	5.358027	-0.441961	5.339768	1543307687.003891	3.353730	2.088072	2.028242
1.721197	470917.248223	4398979.467926	5.346368	-0.384858	5.332498	1543307687.102123	3.419155	2.118715	2.032556
1.713008	470917.136758	4398979.972129	5.318508	-0.431694	5.300959	1543307687.213454	3.374089	1.893238	2.042281
1.701469	470917.099268	4398980.456788	5.217083	-0.422560	5.199942	1543307687.309589	3.293270	1.910700	2.043540
1.692487	470917.134971	4398980.989193	5.280063	-0.432025	5.262359	1543307687.405171	3.283560	2.090758	2.063001
1.691973	470917.063464	4398981.504549	5.250381	-0.384659	5.236271	1543307687.501428	3.312428	2.054313	2.066477
1.686807	470917.048060	4398982.076634	5.229598	-0.419786	5.212722	1543307687.599826	3.401446	2.038306	2.060944
1.687836	470916.990764	4398982.601574	5.212843	-0.393999	5.197932	1543307687.701155	3.395180	2.029069	2.060119
1.681336	470916.940009	4398983.078232	5.182891	-0.375007	5.169306	1543307687.802222	3.326966	2.042035	1.975420
1.644735	470916.841418	4398983.673223	5.167240	-0.430170	5.149303	1543307687.900793	3.311214	2.026747	1.977038
1.689165	470916.862133	4398984.177450	5.147342	-0.357676	5.134900	1543307688.003241	3.239511	2.046461	1.977134
1.677972	470916.810601	4398984.736663	5.372207	-0.405055	5.356915	1543307688.102242	3.286803	2.088361	1.973220
1.647675	470916.710116	4398985.209892	5.505475	-0.417764	5.489602	1543307688.205400	3.208724	2.073399	2.067219
1.665616	470916.694905	4398985.731440	5.398522	-0.443524	5.380272	1543307688.308343	3.264182	1.975173	1.972324
1.700863	470916.697185	4398986.292182	5.369266	-0.453072	5.350116	1543307688.404495	3.265602	2.046049	1.979718
1.664850	470916.636964	4398986.784019	5.301140	-0.464623	5.280740	1543307688.499699	3.304001	1.899210	1.975378
1.676371	470916.595024	4398987.336146	5.264890	-0.494189	5.241645	1543307688.604794	3.315384	1.979184	1.985570
1.686013	470916.520326	4398987.884035	5.257807	-0.495931	5.234366	1543307688.706408	3.342227	1.957638	1.990792
1.677815	470916.503176	4398988.420099	5.245173	-0.516840	5.219647	1543307688.803022	3.321252	1.984102	1.986362
1.671314	470916.453471	4398988.940848	5.481324	-0.543780	5.454284	1543307688.907063	3.317586	1.982830	1.997068
1.681424	470916.418985	4398989.499761	5.455858	-0.563118	5.426720	1543307689.008301	3.336892	2.014143	2.006853
1.671514	470916.297825	4398990.018349	5.449073	-0.557613	5.420467	1543307689.101131	3.304412	1.824597	1.998110
1.654974	470916.317064	4398990.574240	5.488236	-0.525014	5.463066	1543307689.203728	3.292874	1.940945	2.012834
1.657980	470916.264547	4398991.115673	5.492899	-0.496596	5.470405	1543307689.302465	3.316611	1.936768	2.012934
1.619912	470916.197575	4398991.672067	5.473204	-0.519266	5.448516	1543307689.404265	3.387305	1.885032	2.018595
1.663441	470916.185677	4398992.175268	5.507476	-0.458059	5.488395	1543307689.505769	3.394481	1.924415	2.031075
1.675804	470916.054639	4398992.741470	5.497566	-0.513573	5.473525	1543307689.602227	3.365596	1.808891	2.032395
1.660935	470916.095295	4398993.327766	5.550542	-0.512064	5.526872	1543307689.699394	3.294432	1.966992	2.021031
1.648055	470915.994519	4398993.873378	5.632057	-0.517712	5.608212	1543307689.802730	3.331479	1.838540	2.025431
1.586782	470915.854574	4398994.381468	5.704099	-0.382210	5.691279	1543307689.899771	3.304383	2.099677	2.024657
1.634509	470915.944913	4398994.955664	5.718464	-0.375840	5.706100	1543307690.002201	3.361474	1.915977	2.034500
1.668903	470915.855358	4398995.519320	5.714867	-0.440739	5.697847	1543307690.099877	3.337543	1.831223	2.048386
1.657844	470915.823103	4398996.073415	5.672852	-0.457025	5.654412	1543307690.200666	3.338308	2.074143	2.046768
1.679620	470915.809506	4398996.616470	5.734354	-0.512706	5.711387	1543307690.308698	3.337078	2.088896	2.041263
1.697390	470915.707577	4398997.171085	5.795347	-0.593089	5.764919	1543307690.401608	3.452536	1.856470	2.046113
1.727240	470915.620597	4398997.710405	5.545555	-0.668208	5.505150	1543307690.510363	3.451290	1.817302	2.057472
1.684100	470915.700925	4398998.279822	5.499474	-0.649252	5.461015	1543307690.600279	3.346697	2.064887	2.068183
1.673002	470915.646891	4398998.845307	5.522038	-0.564125	5.493147	1543307690.710068	3.413306	2.049037	2.071086
1.669662	470915.578570	4398998.655593	5.343746	-0.527827	5.317614	1543307690.801450	1.982901	1.857320	2.068114
1.657154	470915.439315	4399000.424204	5.279171	-0.455369	5.259495	1543307691.001356	3.386649	2.102064	2.069324
1.668513	470915.384698	4399001.013204	5.262982	-0.512875	5.237933	1543307691.112161	3.409887	1.835419	1.942403
1.657216	470915.342718	4399001.545202	5.270912	-0.454937	5.251243	1543307691.200989	3.384740	1.796233	1.947515
1.656075	470915.299547	4399002.092648	5.353122	-0.455904	5.333673	1543307691.309741	3.381969	1.789333	1.953969
1.655626	470915.319477	4399002.591981	5.219667	-0.442226	5.200900	1543307691.401613	3.409737	1.953504	1.972399
1.663507	470915.267981	4399003.139923	5.317196	-0.492088	5.294377	1543307691.511451	3.405505	2.007214	1.982796
1.667924	470915.163005	4399003.674844	5.305889	-0.514490	5.280886	1543307691.599914	3.401405	1.850510	1.985134
1.648006	470915.166852	4399004.255779	5.399110	-0.417032	5.382980	1543307691.710110	3.371262	1.902872	1.982803
1.665177	470915.053408	4399004.776014	5.500233	-0.517920	5.475794	1543307691.802672	3.362112	1.814233	1.978200
1.660253	470914.954225	4399005.280153	5.568441	-0.497652	5.546159	1543307691.917237	3.431170	1.921520	1.970965
1.655859	470914.951023	4399005.858753	5.330744	-0.453054	5.311457	1543307692.000633	3.392344	1.815552	1.965434
1.656195	470914.857446	4399006.355553	5.361624	-0.457312	5.342086	1543307692.110118	3.407198	1.939878	1.971436
1.643813	470914.933268	4399006.918856	5.354055	-0.390876	5.339768	1543307692.204042	3.369018	1.949541	1.956846
1.659001	470914.840248	4399007.445351	5.607926	-0.493600	5.586161	1543307692.313161	3.395409	2.083890	1.955945
1.647268	470914.798720	4399008.034855	5.702735	-0.435990	5.686044	1543307692.400780	3.388561	1.792304	1.960236
1.650117	470914.750313	4399008.546021	5.446132	-0.431399	5.429019	1543307692.513893	3.407830	2.113503	1.953768
1.659732	470914.704857	4399009.100431	5.482454	-0.486648	5.460813	1543307692.600649	3.401412	2.075524	1.947113
1.654376	470914.655178	4399009.623647	5.524988	-0.461165	5.505708	1543307692.710605	3.441734	2.068665	1.944857
1.648343	470914.602808	4399010.204398	5.674178	-0.439484	5.657132	1543307692.799356	3.417764	2.064629	1.939920
1.665551	470914.528159	4399010.803788	5.714418	-0.539862	5.688860	1543307692.898575	3.388834	1.833993	2.068680
1.651906	470914.498906	4399011.373284	5.756078	-0.466749	5.737123	1543307692.999376	3.382396	1.830419	2.071899
1.650431	470914.520965	4399011.948530	5.829265	-0.464028	5.810766	1543307693.099396	3.389019	1.961489	1.938201
1.663467	470914.418556	4399012.469565	5.865309	-0.542728	5.840146	1543307693.203662	3.420129	2.046710	2.066205
1.605108	470914.413867	4399013.045003	5.904537	-0.500391	5.883295	1543307693.299184	3.290736	1.847550	2.053761
1.650072	470914.326789	4399013.651725	5.578945	-0.461498	5.559824	1543307693.404207	3.432716	1.952243	2.044035
1.658945	470914.286990	4399014.252214	5.630332	-0.452691	5.612104	1543307693.497212	3.426595	1.947605	2.033345
1.693310	470914.268965	4399014.777343	5.632803	-0.381445	5.619873	1543307693.601369	3.377627	1.987537	2.021858
1.694344	470914.213918	4399015.348945	5.844935	-0.430979	5.829024	1543307693.698920	3.404624	2.059165	2.021922
1.696188	470914.119052	4399016.485189	5.645280	-0.449990	5.627317	1543307693.901604	3.371605	2.101070	2.027107
1.671574	470914.076979	4399017.030411	5.658436	-0.490412	5.637145	1543307694.000806	3.342200	1.946907	2.036047
1.681305	470914.036928	4399017.656783	5.647020	-0.473365	5.627145	1543307694.097264	3.456466	2.020670	2.040532
1.709995	470913.887329	4399018.198963	5.772881	-0.480183	5.752875	1543307694.201402	3.406870	1.832852	2.046878
1.668081	470913.915923	4399018.787432	5.822203	-0.512999	5.799558	1543307694.301917	3.411893	1.963006	2.053169
1.639566	470913.875975	4399019.295967	5.597927	-0.456673	5.579268	1543307694.404509	3.315480	1.923857	2.045216
1.639061	470913.766375	4399019.825639	5.596530	-0.432181	5.579818	1543307694.498455	3.285191	1.839180	2.054456
1.648059	470913.771474	4399020.448485	5.663613	-0.437204	5.646713	1543307694.599465	3.317026	1.877626	2.063023
1.657242	470913.699285	4399021.004938	5.729197	-0.461175	5.710605	1543307694.698438	3.300970	1.947218	2.053668
1.643981	470913.649317	4399021.560927	5.730774	-0.446000	5.713392	1543307694.801433	3.337263	1.909436	2.045779
1.660558	470913.618182	4399022.084704	5.744698	-0.461956	5.726094	1543307694.898038	3.370490	1.927099	2.050234
1.656760	470913.571769	4399022.636534	5.762632	-0.474002	5.743105	1543307695.000612	3.362382	1.918834	2.047976
1.680728	470913.481058	4399023.207218	5.530480	-0.508484	5.507055	1543307695.109559	3.384368	1.877400	2.045514
1.664603	470913.484577	4399023.791847	5.542212	-0.490245	5.520487	1543307695.199273	3.314433	1.927100	2.043750
1.705701	470913.381857	4399024.342580	5.575475	-0.515281	5.551613	1543307695.311802	3.346893	1.906196	2.033465
1.665081	470913.321799	4399024.892500	5.620221	-0.522814	5.595851	1543307695.399359	3.336092	1.810804	2.013537
1.666040	470913.328229	4399025.453799	5.613317	-0.520480	5.589135	1543307695.509605	3.359343	1.944656	2.001485
1.700355	470913.187860	4399026.016455	5.674787	-0.597102	5.643286	1543307695.603661	3.349650	1.829579	1.997293
1.650093	470913.218214	4399026.608755	5.687979	-0.545823	5.661730	1543307695.715644	3.387343	1.915363	1.992864
1.685101	470913.107627	4399027.101227	5.421677	-0.556652	5.393025	1543307695.805802	3.298444	1.813520	1.993406
1.695079	470913.136324	4399027.680496	5.425600	-0.596957	5.392659	1543307695.909937	3.297093	2.058045	2.010201
1.687821	470913.072544	4399028.217538	5.435719	-0.542212	5.408609	1543307696.001158	3.274213	2.022050	2.017262
1.646478	470912.970402	4399028.807281	5.445012	-0.535008	5.418664	1543307696.110651	3.311140	2.081666	2.014061
1.665500	470913.009054	4399029.296695	5.446100	-0.510013	5.422166	1543307696.204504	3.347547	1.971552	2.008083
1.638426	470912.928837	4399029.880523	5.625474	-0.512779	5.602055	1543307696.311669	3.320532	1.996653	2.000111
1.666819	470912.781132	4399030.353244	5.444666	-0.529650	5.418843	1543307696.399714	3.201204	1.887371	2.006217
1.696971	470912.852616	4399030.917018	5.226394	-0.468121	5.205388	1543307696.511007	3.246495	2.063438	2.001183
1.650519	470912.716089	4399031.426155	5.319801	-0.500502	5.296205	1543307696.598342	3.221237	2.042446	1.997419
1.659984	470912.649416	4399031.925287	5.339184	-0.500931	5.315633	1543307696.714689	3.260916	1.929337	1.983874
1.665596	470912.700032	4399032.498132	5.281935	-0.449654	5.262761	1543307696.804142	3.364235	1.934742	2.070699
1.680038	470912.641072	4399033.025905	5.215790	-0.479327	5.193718	1543307696.912536	3.401212	2.065963	1.977477
1.688529	470912.605612	4399033.564177	5.160588	-0.463632	5.139719	1543307697.002548	3.394559	2.017372	1.986279
1.661849	470912.574736	4399034.050568	5.088319	-0.458984	5.067575	1543307697.110602	3.297702	1.976636	2.071580
1.657107	470912.432297	4399034.570917	5.101987	-0.417487	5.084877	1543307697.199730	3.327161	2.056949	2.058629
1.618922	470912.390098	4399035.057770	5.067783	-0.436678	5.048934	1543307697.312807	3.348644	2.047105	2.057767
1.650228	470912.353628	4399035.547835	4.975048	-0.416849	4.957554	1543307697.400987	3.271734	2.016891	2.057518
1.656078	470912.331182	4399036.115837	4.934366	-0.415562	4.916836	1543307697.510403	3.422023	2.075831	2.042162
1.687716	470912.351572	4399036.582238	4.885540	-0.414429	4.867930	1543307697.601618	3.311316	1.980917	2.052835
1.664035	470912.235039	4399037.134543	4.910480	-0.373179	4.896279	1543307697.710645	3.396471	2.073245	2.055015
1.677466	470912.234629	4399037.592778	4.736241	-0.434112	4.716304	1543307697.802745	3.299173	2.081005	2.025135
1.678776	470912.087866	4399038.139167	4.638878	-0.451708	4.616833	1543307697.913703	3.381378	2.215062	2.061292
1.643456	470912.065390	4399038.694712	4.874039	-0.410037	4.856761	1543307698.002502	3.445094	2.046543	2.053944
1.679724	470912.094587	4399039.186581	5.227903	-0.485432	5.205317	1543307698.109481	3.400417	2.012367	2.060125
1.664742	470912.022448	4399039.702077	5.232882	-0.441281	5.214243	1543307698.205570	3.302788	2.083572	2.063254
1.670599	470911.961899	4399040.265668	5.288258	-0.428418	5.270876	1543307698.310552	3.363981	2.082641	2.062437
1.663469	470911.909862	4399040.789624	5.283749	-0.406077	5.268121	1543307698.406184	3.405785	2.081373	2.046702
1.659286	470911.840198	4399041.796204	5.272997	-0.405214	5.257404	1543307698.602900	3.319881	2.014675	2.030632
1.660458	470911.783590	4399042.369135	5.302460	-0.430740	5.284935	1543307698.710349	3.289544	2.046242	2.028486
1.627680	470911.675264	4399042.969974	5.473166	-0.448462	5.454762	1543307698.802272	3.408474	2.030149	2.024021
1.665832	470911.708604	4399043.476303	5.471387	-0.474386	5.450783	1543307698.910954	3.343541	2.024493	2.038806
1.680065	470911.689254	4399044.012668	5.492336	-0.462972	5.472788	1543307698.999832	3.284997	2.076532	2.058687
1.667063	470911.614027	4399044.545404	5.468678	-0.484222	5.447198	1543307699.114677	3.341333	2.012618	2.071123
1.665916	470911.568258	4399045.069315	5.454385	-0.495438	5.431838	1543307699.200949	3.347226	2.028446	2.079401
1.666794	470911.535867	4399045.590507	5.352629	-0.495655	5.329630	1543307699.315898	3.268753	2.122031	2.009237
1.655992	470911.447492	4399046.224764	5.336960	-0.480506	5.315285	1543307699.401634	3.503968	2.061662	2.019142
1.635383	470911.395761	4399046.724487	5.369353	-0.403816	5.354146	1543307699.511100	3.358292	2.025125	2.033676
1.673689	470911.424729	4399047.324855	5.468087	-0.400371	5.453410	1543307699.603670	3.375310	2.040819	2.043893
1.645551	470911.328537	4399047.890359	5.442352	-0.361147	5.430356	1543307699.710815	3.374855	2.058974	2.036317
1.685400	470911.347225	4399048.326438	5.319381	-0.387856	5.305223	1543307699.801785	3.186212	2.020507	2.045342
1.691635	470911.298693	4399048.875550	5.365492	-0.447705	5.346781	1543307699.909720	3.288380	2.093635	2.052792
1.693617	470911.271147	4399049.449912	5.344904	-0.463992	5.324727	1543307700.004551	3.275494	2.058062	2.048708
1.673675	470911.223805	4399049.990809	5.298949	-0.475011	5.277615	1543307700.109507	3.316458	1.942602	2.060556
1.689107	470911.077182	4399050.489478	5.278876	-0.523762	5.252829	1543307700.199852	3.251212	1.970324	2.068788
1.698120	470911.061991	4399051.643982	5.740661	-0.486643	5.719997	1543307700.401147	3.243255	1.999132	2.066157
1.667534	470911.021253	4399052.190324	5.827428	-0.518400	5.804324	1543307700.510067	3.217111	2.008462	2.067450
1.644895	470910.924822	4399052.722501	5.707715	-0.480241	5.687476	1543307700.601457	3.206258	1.939715	2.068147
1.685602	470910.921933	4399053.289124	5.433367	-0.516054	5.408805	1543307700.712523	3.310788	1.927948	2.075108
1.646860	470910.857532	4399053.820207	5.412843	-0.481314	5.391401	1543307700.801612	3.267739	1.838422	1.970609
1.671183	470910.850738	4399054.376100	5.398090	-0.499078	5.374970	1543307700.911764	3.320807	1.953723	1.979488
1.684333	470910.741982	4399054.921579	5.385468	-0.454850	5.366225	1543307701.000010	3.361925	1.813575	1.977313
1.631955	470910.725721	4399055.483086	5.362319	-0.407642	5.346802	1543307701.112051	3.358643	1.817158	1.977631
1.699523	470910.637606	4399055.993936	5.348264	-0.501419	5.324708	1543307701.201921	3.350298	1.831038	1.983903
1.691269	470910.693318	4399056.555746	5.349826	-0.549589	5.321521	1543307701.310346	3.368042	2.022029	1.987851
1.626730	470910.606418	4399057.082782	5.352337	-0.571562	5.321732	1543307701.402448	3.403002	1.915107	1.987709
1.647774	470910.595475	4399057.588585	5.508591	-0.542214	5.481841	1543307701.514129	3.318405	1.929115	1.993286
1.669036	470910.467552	4399058.158846	5.482153	-0.542205	5.455274	1543307701.599795	3.451958	1.829266	1.996638
1.640724	470910.490975	4399058.698827	5.558709	-0.549651	5.531467	1543307701.709668	3.306517	1.879115	1.995814
1.634903	470910.318267	4399059.258460	5.595573	-0.508002	5.572466	1543307701.802220	3.402607	2.002487	2.002777
1.586122	470910.409662	4399059.790110	5.446745	-0.388308	5.432886	1543307701.910335	3.379308	1.825670	2.006994
1.644667	470910.327267	4399060.296347	5.464945	-0.393715	5.450745	1543307702.000142	3.289943	2.065573	2.000430
1.620263	470910.249884	4399060.865425	5.357554	-0.346713	5.346324	1543307702.113206	3.359163	1.867973	1.998434
1.652238	470910.233456	4399061.405204	5.423032	-0.383974	5.409422	1543307702.200012	3.333647	1.895082	2.004708
1.663588	470910.210571	4399061.922974	5.584645	-0.408394	5.569692	1543307702.315861	3.353998	1.906868	2.008923
1.594526	470910.188387	4399062.485978	5.619764	-0.416173	5.604333	1543307702.403359	3.391641	1.823212	2.024773
1.692427	470910.176954	4399063.025353	5.353867	-0.482803	5.332053	1543307702.512762	3.360489	2.078529	2.030879
1.674047	470910.023096	4399063.525478	5.366090	-0.509403	5.341856	1543307702.602185	3.321174	1.834152	2.032995
1.667231	470909.910368	4399064.597677	5.619220	-0.483596	5.598372	1543307702.801146	3.327415	1.913633	2.049490
1.661058	470910.006891	4399065.101265	5.497260	-0.415842	5.481509	1543307702.910794	3.361439	1.953198	2.061958
1.599685	470909.917660	4399065.653578	5.558333	-0.478148	5.537728	1543307703.002354	3.386215	1.847261	1.945796
1.660155	470909.859566	4399066.184652	5.373325	-0.479447	5.351892	1543307703.110089	3.358815	2.076701	1.944261
1.651279	470909.805122	4399066.718974	5.453709	-0.438702	5.436036	1543307703.200363	3.369468	1.819906	1.948670
1.657111	470909.731618	4399067.239632	5.279950	-0.455050	5.260304	1543307703.312204	3.389229	1.812382	1.950114
1.644332	470909.749535	4399067.760919	5.294620	-0.389326	5.280286	1543307703.399732	3.373391	1.924247	1.946745
1.662921	470909.611637	4399068.253733	5.204807	-0.478301	5.182783	1543307703.511771	3.394839	1.881969	1.940429
1.651392	470909.653364	4399068.801517	5.213147	-0.420004	5.196201	1543307703.602223	3.440330	1.988564	2.056307
1.629938	470909.569888	4399069.294161	5.155155	-0.305272	5.146109	1543307703.709852	3.452033	2.001512	2.040869
1.652541	470909.510917	4399070.310734	5.054503	-0.412474	5.037644	1543307703.912400	3.483417	2.009022	2.048179
1.659707	470909.477926	4399070.831118	5.101972	-0.452891	5.081831	1543307703.999938	3.472095	2.010873	2.047823
1.662194	470909.454211	4399071.877100	5.437707	-0.496117	5.415028	1543307704.200082	3.368248	1.945510	1.941517
1.661502	470909.357094	4399072.392693	5.244013	-0.475030	5.222454	1543307704.310768	3.353659	2.112923	1.963318
1.663979	470909.303198	4399072.915094	5.309545	-0.493934	5.286520	1543307704.411252	3.369789	2.075975	1.960705
1.648726	470909.238849	4399073.416392	5.429361	-0.423059	5.412853	1543307704.510177	3.416811	1.802071	1.946171
1.655262	470909.197625	4399073.961027	5.485293	-0.462550	5.465756	1543307704.605024	3.370959	1.827340	1.958315
1.653396	470909.170443	4399074.524082	5.485322	-0.452621	5.466616	1543307704.711399	3.486631	2.065978	1.951706
1.650892	470909.137060	4399074.978948	5.205936	-0.416559	5.189243	1543307704.804167	3.399143	2.058945	1.939175
1.652159	470909.072067	4399075.523412	5.269406	-0.428218	5.251978	1543307704.911963	3.393777	1.814681	1.943477
1.652807	470909.021243	4399076.044385	5.459041	-0.447202	5.440693	1543307705.000181	3.416823	1.872087	1.957657
1.641514	470909.050653	4399076.637517	5.540431	-0.391838	5.526557	1543307705.110266	3.449919	1.946125	1.956910
1.647902	470908.973508	4399076.892709	4.921695	-0.431123	4.902776	1543307705.202326	2.848197	1.813920	1.965939
1.644107	470908.971778	4399077.655088	5.052130	-0.416674	5.034918	1543307705.325491	3.339843	1.927855	1.959846
1.682549	470908.845198	4399078.270408	5.148028	-0.357332	5.135611	1543307705.400182	3.454516	1.879932	1.948415
1.631841	470908.832485	4399079.277855	5.482136	-0.317844	5.472914	1543307705.602231	3.454876	1.872538	2.051091
1.682729	470908.764659	4399079.824859	5.543513	-0.428766	5.526907	1543307705.709505	3.336127	1.949426	2.039567
1.665387	470908.771515	4399080.342736	5.169073	-0.430829	5.151088	1543307705.814287	3.375676	1.965997	2.054430
1.701290	470908.611073	4399080.967905	5.235939	-0.522788	5.209774	1543307705.910540	3.446518	1.859491	2.070986
1.653090	470908.632808	4399081.160476	5.191514	-0.492030	5.168145	1543307706.012143	2.816383	1.801441	1.951483
1.682501	470908.570320	4399081.978191	5.399859	-0.539071	5.372884	1543307706.113436	3.355372	1.834700	2.057127
1.657613	470908.473584	4399082.490783	5.422771	-0.515360	5.398226	1543307706.211124	3.319862	1.950175	2.034508
1.662596	470908.437447	4399083.008643	5.449629	-0.511532	5.425569	1543307706.309335	3.328545	1.928333	2.016602
1.645108	470908.499509	4399083.563899	5.192106	-0.452430	5.172356	1543307706.408798	3.408648	1.937722	1.999726
1.676222	470908.362389	4399084.045894	5.180137	-0.481524	5.157708	1543307706.509987	3.367851	1.895877	2.010256
1.625818	470908.377976	4399084.600692	5.239056	-0.424391	5.221838	1543307706.607214	3.352332	1.956336	2.017493
1.589083	470908.358695	4399085.159204	5.325029	-0.387673	5.310898	1543307706.710117	3.384501	1.798195	2.017741
1.637614	470908.303291	4399085.645784	5.348338	-0.378735	5.334911	1543307706.811641	3.312942	1.809711	2.020131
1.658132	470908.295820	4399086.166761	5.117448	-0.393993	5.102259	1543307706.909014	3.301883	1.942926	2.019266
1.623702	470908.206137	4399086.698095	5.148684	-0.373876	5.135092	1543307707.007974	3.396076	1.894906	2.017222
1.655487	470908.161909	4399087.225606	5.163167	-0.395130	5.148026	1543307707.118015	3.451356	1.838334	2.019761
1.665697	470908.182200	4399087.698739	5.264225	-0.437928	5.245977	1543307707.214357	3.318343	1.984933	2.022342
1.670833	470908.106311	4399088.774671	5.227828	-0.392600	5.213066	1543307707.409889	3.365286	1.953512	2.008494
1.669742	470908.057690	4399089.284150	5.238676	-0.436512	5.220459	1543307707.520169	3.342114	1.957790	2.009001
1.637362	470907.986317	4399089.843572	5.255212	-0.440249	5.236739	1543307707.609680	3.400244	1.894911	1.996275
1.676551	470907.924446	4399090.323834	5.272671	-0.481329	5.250655	1543307707.718830	3.322692	1.850963	1.995446
1.666470	470907.875376	4399090.872589	5.279710	-0.434479	5.261803	1543307707.809131	3.273139	1.830269	2.004388
1.685887	470907.881073	4399091.420449	5.295118	-0.382871	5.281258	1543307707.919252	3.307834	1.965129	1.988508
1.671750	470907.803115	4399091.935696	5.302707	-0.436370	5.284722	1543307708.007956	3.282400	1.845809	1.988898
1.654992	470907.717170	4399092.452678	5.324828	-0.474587	5.303637	1543307708.118518	3.245245	1.991661	1.995305
1.661710	470907.702035	4399092.989134	5.380418	-0.422051	5.363839	1543307708.209213	3.213584	2.064314	1.993498
1.663603	470907.666390	4399093.571546	5.427851	-0.453348	5.408885	1543307708.319076	3.284733	2.057037	2.004701
1.669422	470907.595710	4399094.056032	5.378659	-0.474962	5.357647	1543307708.409402	3.214394	1.825636	2.006139
1.635866	470907.608975	4399094.609707	5.309934	-0.427232	5.292718	1543307708.510236	3.259805	1.883245	2.013031
1.654795	470907.518331	4399095.074907	5.294044	-0.432189	5.276373	1543307708.611145	3.293577	2.090919	2.022759
1.659372	470907.557798	4399095.615285	5.285063	-0.443547	5.266418	1543307708.709068	3.398498	1.985968	2.030380
1.662477	470907.490696	4399096.118513	5.277308	-0.433854	5.259444	1543307708.812419	3.269502	1.929918	2.026438
1.648939	470907.459078	4399096.682019	5.489715	-0.442964	5.471814	1543307708.908733	3.327826	1.908427	2.015421
1.672363	470907.404455	4399097.200402	5.422381	-0.476559	5.401399	1543307709.011584	3.298405	1.994446	2.006611
1.665522	470907.330909	4399097.696523	5.233397	-0.472106	5.212059	1543307709.109604	3.276918	2.030652	2.005837
1.662993	470907.338816	4399098.265719	5.160272	-0.429071	5.142403	1543307709.208287	3.374885	1.958349	1.995620
1.652173	470907.227358	4399098.769751	5.123543	-0.422503	5.106093	1543307709.311679	3.315539	1.997884	2.072109
1.655609	470907.204908	4399099.293188	5.097161	-0.451753	5.077103	1543307709.407482	3.355823	2.061334	2.060611
1.654245	470907.163446	4399099.793385	5.025724	-0.436311	5.006749	1543307709.512103	3.395809	2.045609	2.065691
1.657193	470907.104177	4399100.298882	5.539168	-0.479827	5.518347	1543307709.611016	3.299585	2.041891	2.061313
1.651686	470907.044053	4399100.894463	5.511664	-0.474374	5.491212	1543307709.710815	3.416141	2.068188	2.055984
1.654941	470907.008269	4399101.369764	5.406521	-0.467616	5.386261	1543307709.810702	3.377129	2.010998	2.055996
1.671341	470906.989536	4399101.942848	5.118076	-0.420205	5.100797	1543307709.911091	3.322687	2.013436	2.047218
1.675485	470906.934430	4399102.444099	5.083764	-0.400254	5.067983	1543307710.007598	3.370616	2.026639	2.038325
1.671600	470906.923452	4399102.973581	5.294508	-0.398288	5.279506	1543307710.108307	3.380199	2.037809	2.043375
1.679070	470906.864033	4399103.481077	5.346634	-0.465856	5.326300	1543307710.209332	3.384543	2.032714	2.040693
1.665156	470906.807631	4399104.017461	5.273836	-0.473034	5.252579	1543307710.310489	3.330787	2.025285	2.035093
1.662886	470906.783451	4399104.528115	5.082789	-0.459994	5.061932	1543307710.408083	3.357996	2.053153	2.035907
1.687730	470906.767061	4399105.057813	5.009306	-0.456344	4.988476	1543307710.511503	3.354781	2.031883	2.034325
1.684167	470906.731921	4399105.571418	5.009300	-0.438648	4.990057	1543307710.611673	3.455956	2.008308	2.027177
1.689531	470906.654034	4399106.091509	4.999744	-0.456051	4.978901	1543307710.712386	3.357755	2.033538	2.015497
1.688961	470906.602553	4399107.113531	5.065263	-0.476368	5.042813	1543307710.911837	3.378219	2.022260	2.008291
1.682377	470906.546237	4399107.636943	4.903201	-0.492693	4.878384	1543307711.010123	3.399762	2.051447	2.004441
1.669437	470906.501245	4399108.181616	5.386542	-0.537336	5.359674	1543307711.113232	3.339345	2.003746	2.005979
1.671511	470906.414421	4399108.707967	5.387263	-0.539001	5.360231	1543307711.211584	3.296725	2.094836	2.017394
1.654834	470906.395314	4399109.186792	5.398892	-0.495775	5.376080	1543307711.311394	3.204460	1.994572	2.024818
1.672014	470906.383152	4399109.658063	5.346768	-0.472315	5.325866	1543307711.409415	3.288628	1.987995	2.028861
1.666367	470906.330520	4399110.172937	5.334878	-0.472860	5.313881	1543307711.510862	3.314516	1.987847	2.038955
1.669157	470906.170725	4399110.705034	5.399332	-0.497787	5.376336	1543307711.611062	3.295593	1.919250	2.049433
1.667142	470906.131339	4399111.246016	5.429946	-0.509075	5.406030	1543307711.711115	3.247092	1.906806	2.053450
1.632684	470906.171482	4399111.771319	5.317647	-0.440668	5.299356	1543307711.810471	3.308189	1.819095	2.056198
1.674703	470906.179574	4399112.261757	5.255989	-0.393279	5.241255	1543307711.913221	3.279078	1.959703	2.067958
1.648260	470906.026875	4399112.778131	5.094551	-0.385650	5.079933	1543307712.010162	3.313247	2.053751	2.060817
1.673322	470906.100009	4399113.261012	5.052735	-0.359598	5.039922	1543307712.111388	3.283878	1.962475	2.066216
1.651318	470906.029442	4399113.750087	5.016193	-0.416658	4.998859	1543307712.209916	3.303869	1.913056	2.065427
1.679418	470905.941472	4399114.332987	4.961577	-0.398935	4.945513	1543307712.321200	3.400039	2.041042	2.062349
1.689468	470905.877346	4399114.819792	4.935749	-0.464808	4.913815	1543307712.412068	3.392463	1.860016	2.062815
1.651862	470905.892423	4399115.290865	4.923000	-0.442320	4.903089	1543307712.520662	3.309502	1.914610	1.989240
1.678586	470905.836481	4399115.777187	4.859417	-0.442962	4.839185	1543307712.606928	3.343798	2.078185	1.994636
1.663571	470905.793823	4399116.275231	5.094600	-0.466729	5.073176	1543307712.719846	3.104402	2.082248	2.063311
1.644761	470905.744152	4399116.815901	5.015935	-0.460081	4.994791	1543307712.810737	3.318667	1.989230	2.043675
1.667520	470905.729831	4399117.318482	5.076647	-0.474688	5.054405	1543307712.917774	3.416828	1.976572	2.031524
1.630136	470905.683202	4399117.876432	4.929108	-0.442165	4.909236	1543307713.011857	3.370873	1.942009	2.031405
1.682088	470905.653757	4399118.334376	4.883614	-0.476609	4.860301	1543307713.120712	3.410629	2.029339	2.032960
1.675482	470905.606602	4399118.823920	4.818786	-0.482945	4.794525	1543307713.211806	3.383854	2.037301	2.037693
1.664068	470905.552326	4399119.322994	4.775662	-0.466364	4.752836	1543307713.321572	3.398516	1.966428	2.041074
1.679262	470905.505975	4399119.802911	5.047572	-0.496048	5.023138	1543307713.414936	3.338511	2.071409	2.049234
1.681387	470905.467949	4399120.297299	5.087928	-0.522260	5.061053	1543307713.518049	3.373732	2.020511	2.054623
1.676811	470905.458830	4399120.806880	4.986074	-0.517142	4.959183	1543307713.608993	3.369875	2.015508	2.058583
1.651193	470905.395096	4399121.336061	4.862368	-0.464042	4.840174	1543307713.721663	3.352183	1.977463	2.062912
1.658520	470905.351347	4399121.823347	4.846673	-0.460689	4.824728	1543307713.808227	3.367352	2.012677	2.064406
1.679890	470905.337867	4399122.290341	4.912713	-0.490172	4.888198	1543307713.919166	3.366983	2.018206	2.068592
1.661639	470905.261025	4399122.769596	5.023764	-0.484436	5.000353	1543307714.007484	3.397106	2.030274	2.065150
1.646315	470905.201083	4399123.246302	4.941192	-0.439635	4.921595	1543307714.121090	3.353499	2.041829	2.063172
1.656733	470905.164610	4399123.669976	4.924535	-0.464038	4.902623	1543307714.211155	3.381475	2.038848	2.060151
1.633059	470905.129251	4399124.261211	4.891543	-0.405839	4.874679	1543307714.321514	3.471855	2.053511	2.056176
1.648942	470905.087291	4399124.723229	4.852258	-0.394373	4.836205	1543307714.407797	3.296674	2.064701	2.056259
1.714795	470905.154253	4399125.244005	4.766186	-0.297397	4.756898	1543307714.518134	3.308787	2.110193	2.047243
1.659924	470905.038820	4399125.689366	4.728149	-0.338998	4.715981	1543307714.608925	3.308056	2.008206	2.045477
1.621382	470905.038387	4399126.186040	4.831940	-0.309366	4.822026	1543307714.720758	3.349946	1.873751	2.054511
1.673806	470904.960236	4399126.688003	4.929597	-0.359769	4.916451	1543307714.808680	3.319080	2.063334	2.059286
1.624184	470904.905042	4399127.185624	5.023028	-0.447196	5.003081	1543307714.915967	3.322498	1.948189	2.066336
1.669700	470904.920573	4399127.669448	4.792172	-0.442536	4.771695	1543307715.010942	3.247289	2.041409	1.972176
1.610801	470904.771835	4399128.184670	5.016217	-0.371591	5.002434	1543307715.119709	3.290338	2.078477	1.973267
1.635239	470904.818073	4399128.676232	4.740082	-0.303693	4.730344	1543307715.211724	3.237007	1.938301	1.975389
1.637588	470904.754778	4399129.156342	4.727953	-0.362910	4.714004	1543307715.319762	3.233099	2.053986	1.992734
1.655297	470904.732874	4399129.642636	4.965176	-0.395015	4.949438	1543307715.409165	3.245233	2.015464	1.992951
1.633918	470904.679614	4399130.162200	5.045252	-0.373433	5.031413	1543307715.520552	3.297249	2.033205	1.984048
1.669054	470904.664360	4399130.609816	4.967334	-0.410756	4.950322	1543307715.608224	3.281160	2.049801	1.984964
1.651456	470904.621597	4399131.082075	4.944245	-0.405298	4.927605	1543307715.721483	3.236261	1.941993	1.981848
1.614379	470904.544992	4399131.576569	4.865350	-0.401480	4.848757	1543307715.806854	3.235387	1.936707	1.982493
1.674759	470904.584933	4399132.108342	4.862710	-0.368685	4.848713	1543307715.924975	3.366168	1.984855	1.986928
1.665480	470904.536428	4399132.558239	4.853002	-0.376264	4.838393	1543307716.008492	3.264030	2.044812	1.998762
1.644116	470904.479667	4399133.023749	4.849230	-0.368524	4.835206	1543307716.118098	3.239789	1.969226	2.011103
1.642411	470904.449137	4399133.523774	4.921835	-0.366337	4.908183	1543307716.208100	3.260117	1.955810	2.009637
1.668182	470904.392676	4399133.976577	4.900133	-0.383346	4.885115	1543307716.317324	3.359216	1.852350	2.014671
1.671299	470904.374363	4399134.489021	5.134564	-0.441548	5.115543	1543307716.408055	3.353581	1.875859	2.020772
1.638661	470904.328445	4399135.014125	5.153059	-0.455447	5.132892	1543307716.518783	3.299207	1.822043	2.019541
1.641966	470904.345785	4399135.520444	5.173270	-0.434300	5.155007	1543307716.609827	3.335632	1.970675	2.007288
1.629700	470904.248834	4399136.060913	5.225460	-0.413734	5.209055	1543307716.719363	3.405909	1.775034	2.005887
1.611834	470904.268309	4399136.537652	5.252330	-0.345815	5.240933	1543307716.808184	3.335954	1.906396	2.011084
1.633047	470904.153745	4399137.097918	5.325938	-0.360904	5.313695	1543307716.918300	3.298345	1.851661	2.010036
1.635256	470904.113391	4399137.624845	5.373110	-0.384073	5.359365	1543307717.008580	3.317316	1.859923	2.005202
1.555442	470904.175207	4399138.175667	5.415884	-0.378508	5.402641	1543307717.120461	3.389676	1.791787	2.004043
1.614142	470904.053140	4399138.668615	5.469568	-0.334263	5.459344	1543307717.206638	3.332644	1.865090	1.996356
1.634437	470904.025361	4399139.188061	5.341110	-0.331024	5.330842	1543307717.320100	3.352155	1.824856	2.001302
1.647037	470903.979608	4399139.710073	5.214735	-0.349493	5.203010	1543307717.410606	3.339694	1.833934	2.031064
1.640888	470903.935730	4399140.260063	5.475257	-0.372741	5.462554	1543307717.520175	3.389490	1.804093	2.058244
1.659907	470903.898971	4399140.716230	5.383005	-0.392417	5.368683	1543307717.607148	3.338492	1.832570	2.064743
1.686094	470903.947166	4399141.300854	5.450400	-0.385324	5.436763	1543307717.719524	3.453863	2.076979	2.062295
1.620019	470903.858114	4399141.778023	5.164756	-0.323849	5.154593	1543307717.819384	3.363349	1.822352	2.064618
1.652487	470903.796521	4399142.243574	5.082849	-0.349810	5.070797	1543307717.920467	3.319497	1.799611	1.968948
1.615403	470903.744441	4399142.778044	5.115254	-0.382985	5.100897	1543307718.017310	3.302865	1.883750	1.999242
1.631213	470903.697750	4399143.276633	5.364968	-0.373183	5.351974	1543307718.117980	3.349655	1.890028	1.992661
1.669382	470903.729188	4399143.790128	5.112885	-0.406591	5.096693	1543307718.220680	3.330224	1.958889	1.980847
1.628026	470903.681974	4399144.338376	5.355981	-0.403043	5.340795	1543307718.318121	3.399251	1.848763	1.982434
1.649490	470903.559001	4399144.789870	5.076392	-0.388166	5.061530	1543307718.418155	3.300492	1.879304	1.994638
1.659800	470903.535538	4399145.288065	5.055377	-0.386194	5.040605	1543307718.521518	3.301763	1.886447	1.994077
1.653023	470903.555362	4399145.789253	5.032920	-0.395211	5.017379	1543307718.618247	3.299040	1.925518	1.998927
1.651619	470903.431915	4399146.304362	5.036664	-0.399700	5.020779	1543307718.718296	3.337508	1.875748	1.992655
1.629672	470903.461929	4399146.769555	5.050272	-0.403504	5.034126	1543307718.818377	3.261028	1.941777	1.993439
1.652699	470903.387435	4399147.259131	5.037500	-0.405827	5.021127	1543307718.921062	3.292324	1.800164	1.999854
1.647395	470903.405867	4399147.757769	4.996844	-0.395280	4.981185	1543307719.018492	3.307845	1.869415	1.996884
1.626352	470903.326521	4399148.244602	4.981689	-0.352393	4.969210	1543307719.118383	3.270304	1.854314	1.979576
1.685667	470903.272695	4399148.732613	4.907740	-0.326385	4.896875	1543307719.220017	3.351051	1.825266	1.957576
1.689786	470903.225262	4399149.251823	4.899177	-0.426359	4.880589	1543307719.323334	3.356851	1.899499	1.952741
1.650383	470903.199371	4399149.704569	4.830406	-0.408795	4.813076	1543307719.419354	3.335198	1.811038	1.956525
1.623086	470903.186772	4399150.194473	4.827844	-0.353016	4.814920	1543307719.517071	3.334218	1.905486	1.955078
1.632484	470903.143917	4399150.715241	4.864723	-0.335442	4.853145	1543307719.621525	3.394286	1.807566	1.949644
1.660878	470903.076672	4399151.135058	4.819470	-0.364473	4.805668	1543307719.720741	3.309197	1.817741	2.070417
1.616655	470903.090400	4399151.359616	4.822774	-0.324642	4.811835	1543307719.819220	2.840628	1.824559	2.062319
1.636379	470903.018503	4399152.061735	4.771045	-0.384513	4.755525	1543307719.919282	3.324498	1.825161	2.055585
1.585908	470903.024914	4399152.566367	4.858311	-0.282360	4.850099	1543307720.021624	3.415169	1.819912	2.035489
1.666572	470902.940795	4399152.978824	4.457849	-0.318471	4.446458	1543307720.118962	3.345559	1.821208	2.028255
1.662809	470902.938867	4399153.735275	4.005384	-0.277126	3.995785	1543307720.320399	3.319386	1.910171	2.022439
1.621222	470902.845927	4399154.041608	3.294853	-0.217243	3.287683	1543307720.420104	3.393389	1.859446	2.026942
1.676209	470902.886839	4399154.255784	3.056698	-0.213474	3.049235	1543307720.517597	3.308026	1.950809	2.026075
1.694192	470902.910319	4399154.518724	2.563093	-0.210121	2.554466	1543307720.615640	3.332195	2.058612	2.022128
1.629602	470902.767038	4399154.708828	2.281854	-0.187408	2.274146	1543307720.718870	3.333152	2.073715	2.005680
1.630933	470902.814279	4399154.884126	1.410731	-0.116281	1.405930	1543307720.821949	3.346726	1.971152	1.975859
1.677224	470902.812607	4399154.927630	1.107993	-0.097854	1.103663	1543307720.921706	3.257326	2.104348	2.035627
1.701437	470902.864400	4399155.024716	0.789823	-0.078430	0.785919	1543307721.019248	3.257862	2.072272	2.017500
1.689789	470902.862649	4399155.045567	0.789043	-0.086853	0.784248	1543307721.118834	3.290229	2.079846	2.030839
1.700416	470902.838414	4399155.072113	0.664857	-0.085619	0.659321	1543307721.220681	3.409428	2.098258	2.033615
1.672665	470902.827757	4399155.037945	0.335060	-0.055744	0.330390	1543307721.322719	3.417902	2.053608	2.014474
1.674299	470902.800797	4399155.079875	0.000000	0.000000	0.000000	1543307721.419088	3.274607	2.078668	2.072520
1.679543	470902.772642	4399155.107359	0.000000	0.000000	0.000000	1543307721.522023	3.359472	1.852052	2.056702
1.657382	470902.783790	4399155.138663	0.000000	0.000000	0.000000	1543307721.619007	3.396740	2.049989	2.036774
1.672990	470902.835392	4399155.138699	0.000000	0.000000	0.000000	1543307721.719592	3.383997	1.997277	2.036962
1.664674	470902.766813	4399155.262150	0.000000	0.000000	0.000000	1543307721.817143	3.503808	2.092233	2.030482
1.669664	470902.814997	4399155.303334	0.000000	0.000000	0.000000	1543307721.920279	3.496993	2.049594	2.026923
1.664798	470902.823831	4399155.350327	0.000000	0.000000	0.000000	1543307722.019478	3.479021	2.001387	2.014430
1.657826	470902.813007	4399155.358617	0.000000	0.000000	0.000000	1543307722.122720	3.526487	2.021456	2.001530
1.678994	470902.794630	4399155.461496	0.000000	0.000000	0.000000	1543307722.220876	3.487740	2.027840	2.066919
1.665183	470902.762287	4399155.610614	0.449729	0.009316	0.449633	1543307722.322482	3.547184	2.064914	2.052493
1.642798	470902.729730	4399155.892950	0.855244	-0.049828	0.853791	1543307722.521816	3.609957	2.028299	2.068754
1.649883	470902.712460	4399156.095047	1.249568	-0.072614	1.247457	1543307722.620122	3.661458	2.049754	2.069118
1.651744	470902.699175	4399156.210987	1.353973	-0.093538	1.350738	1543307722.720518	3.433262	2.035758	2.072000
1.646196	470902.684220	4399156.528252	1.667652	-0.122939	1.663114	1543307722.821803	3.437434	2.078454	2.079681
1.645353	470902.689438	4399156.766347	2.020655	-0.151739	2.014949	1543307722.921074	3.466539	2.086315	2.044408
1.648336	470902.674165	4399156.930024	2.143129	-0.165356	2.136741	1543307723.023324	3.366526	2.017108	2.021771
1.675294	470902.708526	4399157.080388	2.143802	-0.127067	2.140033	1543307723.118453	3.340244	2.033365	2.063645
1.695559	470902.722505	4399157.212359	1.305657	-0.101142	1.301734	1543307723.221267	3.323996	2.071010	2.074146
1.682996	470902.701848	4399157.354621	0.944463	-0.084868	0.940642	1543307723.325221	3.410177	2.040374	2.068835
1.660043	470902.661772	4399157.444904	0.858526	-0.077055	0.855062	1543307723.418641	3.478549	2.040986	2.067674
1.661957	470902.691574	4399157.397657	0.857407	-0.077043	0.853939	1543307723.520022	3.308579	1.998470	2.069262
1.660702	470902.664809	4399157.415978	0.857353	-0.077039	0.853885	1543307723.621419	3.337082	2.048247	2.069627
1.653906	470902.667626	4399157.396719	0.532171	-0.045719	0.530203	1543307723.821409	3.331103	2.064529	2.191031
1.650437	470902.668919	4399157.385827	0.299209	-0.024823	0.298178	1543307723.921047	3.328427	2.048127	2.049490
1.650530	470902.665428	4399157.390050	0.000000	0.000000	0.000000	1543307724.019673	3.327855	2.048358	2.048475
1.654441	470902.672743	4399157.395085	0.000000	0.000000	0.000000	1543307724.125193	3.322563	2.045431	2.055129
1.645934	470902.658827	4399157.423141	0.000000	0.000000	0.000000	1543307724.225748	3.405378	2.040745	2.059736
1.659535	470902.674193	4399157.434915	0.000000	0.000000	0.000000	1543307724.322242	3.440372	2.045087	2.063665
1.652000	470902.652431	4399157.394514	0.000000	0.000000	0.000000	1543307724.621709	3.347391	2.058360	2.064190
1.651260	470902.654309	4399157.422115	0.000000	0.000000	0.000000	1543307724.720977	3.409021	2.042327	2.064072
1.653401	470902.636841	4399157.391585	0.000000	0.000000	0.000000	1543307724.921716	3.335640	2.040880	2.061986
1.655578	470902.639483	4399157.381360	0.000000	0.000000	0.000000	1543307725.017967	3.325112	2.042351	2.065371
1.653281	470902.630462	4399157.408010	0.000000	0.000000	0.000000	1543307725.217349	3.378509	2.042715	2.064147
1.656637	470902.633076	4399157.391884	0.000000	0.000000	0.000000	1543307725.319842	3.337777	2.044040	2.062685
1.649970	470902.632773	4399157.425345	0.000000	0.000000	0.000000	1543307725.424476	3.429262	2.045539	2.065095
1.650634	470902.626029	4399157.395037	0.000000	0.000000	0.000000	1543307725.618377	3.346102	2.024851	2.065060
1.655287	470902.620998	4399157.394372	0.000000	0.000000	0.000000	1543307725.718393	3.345681	2.044153	2.065406
1.652295	470902.614033	4399157.394036	0.000000	0.000000	0.000000	1543307725.819768	3.333273	2.041690	2.062175
1.651395	470902.608839	4399157.401961	0.000000	0.000000	0.000000	1543307726.017909	3.345679	2.042851	2.063868
1.668121	470902.647759	4399157.427019	0.000000	0.000000	0.000000	1543307726.127882	3.427526	2.042090	2.064230
1.641273	470902.606662	4399157.425024	0.000000	0.000000	0.000000	1543307726.218452	3.419566	2.037966	2.064351
1.652896	470902.627440	4399157.421188	0.000000	0.000000	0.000000	1543307726.318427	3.459258	2.026631	2.065452
1.669045	470902.644750	4399157.393574	0.000000	0.000000	0.000000	1543307726.417721	3.351707	2.080618	2.063769
1.663793	470902.633192	4399157.425627	0.000000	0.000000	0.000000	1543307726.532229	3.424224	2.044182	2.064401
1.634203	470902.585426	4399157.415604	0.000000	0.000000	0.000000	1543307726.617941	3.425678	2.048439	2.062043
1.656822	470902.621809	4399157.393499	0.000000	0.000000	0.000000	1543307726.723631	3.357353	2.076459	2.064671
1.650212	470902.601195	4399157.387508	0.000000	0.000000	0.000000	1543307726.819050	3.347748	2.026390	2.063783
1.651401	470902.605795	4399157.421095	0.000000	0.000000	0.000000	1543307726.925704	3.450314	2.046724	2.064598
