front	position-x	position-y	speed	speed-x	speed-y	timestamp	v-x	v-y	v-z
-1.472591	470936.756572	4398736.211221	0.000000	0.000000	0.000000	1543309280.857214	1.758844	1.829854	2.022317
-1.472582	470936.767761	4398736.932446	0.000000	0.000000	0.000000	1543309280.965684	3.201189	2.090878	2.013961
-1.473579	470936.791209	4398736.942890	0.000000	0.000000	0.000000	1543309281.067268	3.196749	2.040919	2.014589
-1.471434	470936.630329	4398736.890838	0.000000	0.000000	0.000000	1543309281.165964	3.104177	1.853956	2.017681
-1.476062	470936.715621	4398736.217798	0.000000	0.000000	0.000000	1543309281.258944	1.795328	1.915272	2.015189
-1.477847	470936.758586	4398736.214155	0.000000	0.000000	0.000000	1543309281.385230	1.787168	1.831441	2.016617
-1.476175	470936.701156	4398736.920331	0.000000	0.000000	0.000000	1543309281.458325	3.145339	1.912861	2.022243
-1.475823	470936.766774	4398736.936531	0.000000	0.000000	0.000000	1543309281.569518	3.190202	2.083671	2.014390
-1.472203	470936.653326	4398736.894939	0.000000	0.000000	0.000000	1543309281.658283	3.132537	1.810114	2.017602
-1.469955	470936.625800	4398736.890069	0.000000	0.000000	0.000000	1543309281.768348	3.133194	1.867530	2.018044
-1.471413	470936.771322	4398736.928111	0.000000	0.000000	0.000000	1543309281.855728	3.185358	2.095108	2.026284
-1.470126	470936.682654	4398736.913142	0.000000	0.000000	0.000000	1543309281.969579	3.190667	2.277136	2.031399
-1.478165	470936.712073	4398736.276520	0.000000	0.000000	0.000000	1543309282.058402	1.936085	1.917845	2.028088
-1.477156	470936.672405	4398736.908639	0.000000	0.000000	0.000000	1543309282.159483	3.230504	1.784103	2.034579
-1.479597	470936.729566	4398736.873510	0.000000	0.000000	0.000000	1543309282.260295	3.214446	2.066590	2.055579
-1.480370	470936.729603	4398736.865760	0.000000	0.000000	0.000000	1543309282.359498	3.301156	1.969456	2.068367
-1.480536	470936.712702	4398736.918780	0.000000	0.000000	0.000000	1543309282.661680	3.174901	1.876522	1.903861
-1.487377	470936.716240	4398736.882542	0.000000	0.000000	0.000000	1543309282.758893	3.072087	1.856344	1.902558
-1.493799	470936.696359	4398736.887293	0.000000	0.000000	0.000000	1543309282.857110	3.026575	1.887465	1.917749
-1.497132	470936.694589	4398736.602426	0.000000	0.000000	0.000000	1543309282.958995	2.299559	1.755059	1.925369
-1.502998	470936.684795	4398737.105946	0.000000	0.000000	0.000000	1543309283.056325	3.186390	1.888713	1.929671
-1.506269	470936.735170	4398737.202939	1.045284	-0.063081	1.043379	1543309283.159009	3.157681	1.881506	1.937516
-1.504764	470936.720904	4398737.323114	1.121988	-0.152348	1.111597	1543309283.257601	3.197520	1.914253	1.938228
-1.502244	470936.720258	4398737.472883	1.493724	-0.155383	1.485620	1543309283.375971	3.160367	1.917379	1.943849
-1.503281	470936.718042	4398737.645489	1.808854	-0.030080	1.808604	1543309283.459169	3.163464	1.921281	1.942797
-1.503052	470936.637025	4398737.412011	1.889391	-0.044694	1.888862	1543309283.554821	2.300898	1.776195	1.934771
-1.507565	470936.649976	4398738.089819	2.204572	-0.078455	2.203176	1543309283.659875	3.205743	1.823677	1.935767
1.608846	470936.624303	4398738.375643	2.585126	-0.098286	2.583257	1543309283.762376	3.237698	1.705602	1.936069
1.624584	470936.614559	4398738.598438	2.905329	-0.155982	2.901138	1543309283.857707	3.141232	1.809703	1.928586
1.627291	470936.584783	4398738.918557	3.211761	-0.181296	3.206640	1543309283.960572	3.119908	1.857628	1.928847
1.621231	470936.566557	4398739.287093	3.593485	-0.181251	3.588911	1543309284.057347	3.134020	1.815020	1.928547
1.647590	470936.495344	4398739.673177	3.909998	-0.299462	3.898513	1543309284.156684	3.159827	1.782261	1.928568
1.635219	470936.524705	4398740.039594	3.982066	-0.256665	3.973786	1543309284.262070	3.226938	1.807620	1.930486
1.604694	470936.446570	4398740.479558	4.346566	-0.147996	4.344046	1543309284.355785	3.181542	1.968688	1.931006
1.625112	470936.463196	4398740.943525	4.675026	-0.253313	4.668158	1543309284.456136	3.187383	1.827600	1.931465
1.636000	470936.459178	4398740.962379	4.740083	-0.308363	4.730042	1543309284.557498	2.161696	1.804706	1.930657
1.643077	470936.391253	4398742.371997	4.933296	-0.355894	4.920442	1543309284.758321	3.145774	1.834291	1.775462
1.642067	470936.249831	4398742.831387	5.006275	-0.356683	4.993553	1543309284.857549	3.132180	2.042488	1.908490
1.639675	470936.260753	4398743.311186	5.071972	-0.348988	5.059951	1543309284.958724	3.131437	1.915777	1.908351
1.664088	470936.146804	4398743.780691	5.064689	-0.471144	5.042727	1543309285.065745	3.166642	1.805010	1.909499
1.643799	470936.123314	4398744.261793	5.085971	-0.371655	5.072374	1543309285.159655	3.160774	1.856868	1.912218
1.631554	470936.160794	4398744.723865	5.033920	-0.306137	5.024602	1543309285.260170	3.154907	1.953513	1.912158
1.657744	470936.173281	4398745.217415	5.113294	-0.443562	5.094019	1543309285.355804	3.137891	1.762563	1.919478
1.663921	470936.008425	4398745.707493	5.162165	-0.480080	5.139792	1543309285.461613	3.136488	1.800746	1.932829
1.668574	470935.935111	4398746.692589	5.241575	-0.511454	5.216563	1543309285.659647	3.106094	1.847569	1.945193
1.643723	470935.983701	4398747.236160	5.271796	-0.384597	5.257748	1543309285.766838	3.149500	1.771403	1.960497
1.640024	470935.915456	4398748.292221	5.646861	-0.390560	5.633338	1543309285.966202	3.161181	1.814272	2.012560
1.642710	470935.899186	4398748.013838	5.493429	-0.394803	5.479224	1543309286.059791	1.545102	1.741341	1.926398
1.643291	470935.858140	4398749.306366	5.606223	-0.406329	5.591478	1543309286.167223	3.109222	1.823025	2.031351
1.652765	470935.785971	4398749.836170	5.420620	-0.443807	5.402421	1543309286.261003	3.133833	1.753997	2.023210
1.618827	470935.760904	4398750.385313	5.662491	-0.273062	5.655903	1543309286.366841	3.142159	1.818020	2.009643
1.650668	470935.654885	4398750.917091	5.446560	-0.434257	5.429220	1543309286.461540	3.164639	1.855975	1.984507
1.655535	470935.597684	4398751.455329	5.500837	-0.465994	5.481063	1543309286.572296	3.151602	1.850966	1.966477
1.632824	470935.556357	4398751.983897	5.516888	-0.343067	5.506211	1543309286.659024	3.172287	1.886843	1.952771
1.633833	470935.623509	4398752.533082	5.536914	-0.348911	5.525910	1543309286.772883	3.194204	1.859799	1.935203
1.611416	470935.619465	4398753.099077	5.594579	-0.227402	5.589955	1543309286.860515	3.200061	1.837549	1.952164
1.616303	470935.587302	4398753.631337	5.593400	-0.253837	5.587637	1543309286.974839	3.171973	1.911139	1.962358
1.622704	470935.521033	4398754.222089	5.960852	-0.308621	5.952857	1543309287.059654	3.262652	1.994615	1.950608
1.634387	470935.524754	4398754.805586	5.604598	-0.355566	5.593307	1543309287.168633	3.248529	1.876184	1.952799
1.647276	470935.482043	4398754.944361	5.673755	-0.432902	5.657216	1543309287.258268	2.212260	1.762163	1.981060
1.645581	470935.384600	4398756.044230	6.077937	-0.454008	6.060957	1543309287.371097	3.133162	1.791453	2.003708
1.638834	470935.283016	4398756.607928	6.167088	-0.419028	6.152836	1543309287.458499	3.172198	1.912385	2.003534
1.629736	470935.311407	4398757.214376	6.157026	-0.362853	6.146325	1543309287.570780	3.173309	1.755407	2.010909
1.624293	470935.191498	4398758.432443	6.486593	-0.347086	6.477301	1543309287.771613	3.149032	1.777965	2.030883
1.630609	470935.171172	4398759.066749	6.363974	-0.379994	6.352619	1543309287.859865	3.191516	1.822375	2.036269
1.651234	470935.113433	4398759.712048	6.480266	-0.520339	6.459342	1543309287.973399	3.183019	1.813069	2.054964
1.663566	470935.039305	4398760.502140	6.606814	-0.612639	6.578348	1543309288.172957	2.223181	1.838251	2.014206
1.654441	470934.935144	4398761.626227	6.708543	-0.560922	6.685052	1543309288.256378	3.140172	1.741938	2.020601
1.658386	470934.848679	4398762.929623	6.798076	-0.594080	6.772069	1543309288.459322	3.105165	1.760218	2.062077
1.652605	470934.841811	4398763.252850	6.927061	-0.566278	6.903876	1543309288.577611	2.404696	1.858426	1.909294
1.651035	470934.809747	4398763.455429	7.052445	-0.565489	7.029737	1543309288.657371	1.480963	1.740169	1.816660
1.645982	470934.625807	4398765.634612	7.134689	-0.536475	7.114491	1543309288.859922	3.145268	1.779202	2.026966
1.661425	470934.627301	4398765.865808	6.888170	-0.623091	6.859931	1543309288.971801	2.219534	1.852953	2.026644
1.652355	470934.522192	4398767.018738	7.193906	-0.586574	7.169952	1543309289.057725	3.136244	1.791473	2.023657
1.661035	470934.440843	4398767.730293	7.297892	-0.657135	7.268246	1543309289.170160	3.152434	1.731021	2.034441
1.651412	470934.430830	4398768.053514	7.137122	-0.574834	7.113935	1543309289.259488	2.372838	1.842852	2.061511
1.646857	470934.391946	4398768.761554	7.337898	-0.557436	7.316694	1543309289.376049	2.390380	1.842022	1.789808
1.655986	470934.311470	4398769.397991	7.427328	-0.631603	7.400424	1543309289.460160	2.264329	1.709335	1.783808
1.659248	470934.219287	4398770.103878	7.265999	-0.641755	7.237602	1543309289.568940	2.283304	1.732177	1.779170
1.652776	470934.216817	4398770.437041	7.359435	-0.602893	7.334699	1543309289.659997	1.481791	1.709689	1.773641
1.656776	470934.134415	4398771.176080	7.539643	-0.647186	7.511816	1543309289.770705	1.517917	1.738821	1.767235
1.652828	470934.139461	4398771.973115	7.374336	-0.604144	7.349547	1543309289.858044	1.635761	1.817183	1.944995
1.651158	470934.067742	4398772.661261	7.546721	-0.605610	7.522382	1543309289.972456	1.546804	1.809579	1.935870
1.661030	470933.944278	4398774.186882	7.634788	-0.687365	7.603783	1543309290.056646	3.112319	1.817619	2.019492
1.642733	470933.925918	4398774.104672	7.469604	-0.537231	7.450260	1543309290.171062	1.476490	1.722694	1.996190
1.656727	470933.769635	4398775.654404	7.487816	-0.641975	7.460245	1543309290.257013	3.155584	1.801520	1.984954
1.667053	470933.697762	4398776.409748	7.714425	-0.741130	7.678742	1543309290.371231	3.185354	1.787460	1.966044
1.665368	470933.640854	4398777.145121	7.544141	-0.712731	7.510398	1543309290.459952	3.151476	1.800771	1.976851
1.638438	470933.613435	4398777.877071	7.568395	-0.512862	7.550998	1543309290.570649	3.111340	1.804686	1.880480
1.649846	470933.566250	4398778.290294	7.763022	-0.612600	7.738813	1543309290.659206	2.424597	1.829649	1.864290
1.645929	470933.523593	4398778.623034	7.763929	-0.582876	7.742019	1543309290.765525	1.574018	1.775348	2.031898
1.648381	470933.424934	4398780.185760	7.667654	-0.594222	7.644594	1543309290.859885	3.183286	1.783756	2.035471
1.657423	470933.333934	4398780.986850	7.879155	-0.682139	7.849571	1543309291.066373	1.752561	1.795666	1.998836
1.649505	470933.206631	4398782.443530	7.629055	-0.600542	7.605381	1543309291.165781	3.145520	1.756073	1.944526
1.655599	470933.144161	4398783.210786	7.672072	-0.649637	7.644518	1543309291.267127	3.130855	1.800278	1.910580
1.653453	470933.062079	4398783.966555	7.652809	-0.631938	7.626673	1543309291.368515	3.131163	1.784610	1.780456
1.654456	470933.015637	4398784.740112	7.933922	-0.662995	7.906172	1543309291.470887	3.142142	1.791013	1.925784
1.649338	470932.983286	4398785.513534	7.692422	-0.603819	7.668687	1543309291.564606	3.132158	1.826349	1.921893
1.646370	470932.960732	4398786.290146	7.714637	-0.582593	7.692608	1543309291.669696	3.127151	1.934280	1.919014
1.644403	470932.871799	4398787.047747	7.681026	-0.564702	7.660240	1543309291.769190	3.133425	1.856290	1.920412
1.660889	470932.823913	4398787.832774	7.934021	-0.713043	7.901915	1543309291.869196	3.130682	1.957895	1.908218
1.651628	470932.718573	4398788.604701	7.726866	-0.624156	7.701616	1543309291.967150	3.145235	1.980399	1.903323
1.649274	470932.658945	4398789.381026	7.735449	-0.606576	7.711630	1543309292.067627	3.137140	1.910345	1.890264
1.655149	470932.589344	4398790.127228	7.718403	-0.650005	7.690984	1543309292.168486	3.180432	1.835130	1.901482
1.652107	470932.550996	4398790.878681	7.905853	-0.642096	7.879735	1543309292.268358	3.225240	1.928054	1.881117
1.646243	470932.487677	4398791.692565	7.931692	-0.597980	7.909119	1543309292.374242	3.233692	1.774903	2.049134
1.655512	470932.336035	4398792.512725	7.963378	-0.673365	7.934858	1543309292.467037	3.140582	1.915049	2.018149
1.663001	470932.310129	4398793.285928	7.908459	-0.727609	7.874917	1543309292.569360	3.196922	1.925429	1.998432
1.644111	470932.279250	4398794.037774	7.777023	-0.570110	7.756099	1543309292.666245	3.256727	1.806929	2.016629
1.648015	470932.197394	4398794.870081	7.768876	-0.598800	7.745765	1543309292.770093	3.198092	1.849187	2.031850
1.654961	470932.156137	4398795.656998	7.777522	-0.653465	7.750021	1543309292.867433	3.150053	1.783256	2.032889
1.657224	470932.096558	4398796.434361	7.776751	-0.670993	7.747750	1543309292.970419	3.154423	1.820067	2.045470
1.656159	470932.004499	4398797.242368	7.805726	-0.665613	7.777295	1543309293.070236	3.205812	1.830451	2.053992
1.649817	470931.911885	4398798.013904	7.804080	-0.616349	7.779703	1543309293.170371	3.155136	1.772681	2.051760
1.647630	470931.837735	4398798.760088	7.824694	-0.600912	7.801586	1543309293.269455	3.073616	1.786855	2.031226
1.649071	470931.831089	4398799.584257	7.827389	-0.612286	7.803404	1543309293.369511	3.153877	1.824120	2.025556
1.655551	470931.802807	4398800.356627	7.784462	-0.659072	7.756511	1543309293.470518	3.311179	2.036854	2.036149
1.654028	470931.804201	4398801.121521	7.790230	-0.648036	7.763230	1543309293.571731	3.257095	1.960618	2.037316
1.646479	470931.602965	4398801.916366	7.753980	-0.586471	7.731769	1543309293.665852	3.277338	1.990807	1.996089
1.644977	470931.627135	4398802.708356	7.855853	-0.582033	7.834262	1543309293.776494	3.120385	1.966498	1.941460
1.652313	470931.454831	4398804.286807	7.934826	-0.646141	7.908474	1543309293.970435	3.332437	1.880714	1.941223
1.641339	470931.418844	4398805.136900	7.887580	-0.556279	7.867939	1543309294.068351	3.333781	1.911324	1.981203
1.645253	470931.303886	4398805.867721	7.546927	-0.561141	7.526036	1543309294.168826	3.271271	2.098937	1.977843
1.650251	470931.173424	4398807.474875	7.760003	-0.616639	7.735464	1543309294.367658	3.261300	1.926769	2.049676
1.669962	470931.161450	4398808.204643	7.588574	-0.750701	7.551351	1543309294.469501	3.173794	1.964857	2.010069
1.663507	470931.118886	4398809.055171	7.751274	-0.718059	7.717943	1543309294.567689	3.273412	1.970979	2.002736
1.657904	470930.981598	4398809.798483	7.824248	-0.681199	7.794538	1543309294.670066	3.200696	1.952858	2.030406
1.644637	470930.986927	4398810.659226	7.852807	-0.579838	7.831370	1543309294.767612	3.326923	1.835902	2.063204
1.655445	470930.859762	4398811.419164	7.701186	-0.650676	7.673649	1543309294.867149	3.325576	2.006908	2.051272
1.662676	470930.808074	4398812.157790	7.765459	-0.712175	7.732733	1543309294.970821	3.186060	1.931649	1.996929
1.656201	470930.781685	4398812.993358	7.840008	-0.669090	7.811405	1543309295.070417	3.298487	1.974500	2.080651
1.658867	470930.700245	4398813.785044	7.840253	-0.689511	7.809875	1543309295.166643	3.294986	1.931596	1.964208
1.656952	470930.606219	4398814.549210	7.845342	-0.675196	7.816233	1543309295.267760	3.259384	1.977786	1.975078
1.648073	470930.578840	4398815.334616	7.832731	-0.605203	7.809316	1543309295.392868	3.434905	1.862233	2.013688
1.651168	470930.529308	4398816.135799	7.883175	-0.633157	7.857708	1543309295.470513	3.424066	1.962756	2.067583
1.658158	470930.365041	4398816.864083	7.852334	-0.684975	7.822401	1543309295.569084	3.241158	1.938695	1.970150
1.651079	470930.312190	4398817.688081	7.782916	-0.624134	7.757850	1543309295.670338	3.346522	2.076002	2.005756
1.653781	470930.269717	4398818.487022	7.778112	-0.644194	7.751390	1543309295.767214	3.367253	2.061307	2.040708
1.656248	470930.206035	4398819.229207	7.743572	-0.660752	7.715330	1543309295.869547	3.471284	2.029886	2.068875
1.656750	470930.121651	4398819.990437	7.717237	-0.662465	7.688751	1543309295.972214	3.395173	2.071101	2.068679
1.648726	470930.083353	4398820.804139	7.937996	-0.618147	7.913891	1543309296.068154	3.451295	1.951184	2.064809
1.651895	470930.045817	4398821.592601	7.884081	-0.638508	7.858183	1543309296.169171	3.455189	1.919798	2.026117
1.657246	470929.928084	4398822.442133	8.072917	-0.696667	8.042801	1543309296.269759	3.397813	1.994168	2.071929
1.680861	470929.927544	4398823.232805	7.975352	-0.746247	7.940362	1543309296.369921	3.458491	1.978601	1.980377
1.690791	470929.840070	4398823.955071	7.955690	-0.773826	7.917966	1543309296.476378	3.344670	1.992987	2.065587
1.659199	470929.779903	4398824.800460	8.067371	-0.751152	8.032325	1543309296.569492	3.418953	1.933553	2.015598
1.722054	470929.642083	4398825.493604	7.747349	-0.693986	7.716204	1543309296.665531	3.408344	1.943128	1.968428
1.656611	470929.577565	4398826.306256	7.666883	-0.676366	7.636991	1543309296.774650	3.422653	2.071326	1.971225
1.671150	470929.542426	4398827.196725	7.887861	-0.725931	7.854386	1543309296.868094	3.544154	2.074889	2.046623
1.682633	470929.480221	4398827.898004	7.841322	-0.738490	7.806469	1543309296.969926	3.307722	1.977437	2.011305
1.631640	470929.364852	4398828.641873	8.009368	-0.754564	7.973745	1543309297.069295	3.471951	2.011257	2.045371
1.618106	470929.274813	4398830.277881	8.176225	-0.639101	8.151209	1543309297.269980	3.373590	1.892669	2.048661
1.620111	470929.195984	4398831.073930	8.172174	-0.643952	8.146764	1543309297.369087	3.356995	1.882778	2.046277
1.639334	470929.085976	4398831.879779	8.185841	-0.618763	8.162421	1543309297.471874	3.432151	1.983843	1.995408
1.654582	470929.078826	4398832.587563	8.251680	-0.585701	8.230867	1543309297.568287	3.346010	2.017289	2.071544
1.662907	470929.000702	4398833.362851	8.114124	-0.633871	8.089328	1543309297.672971	3.370606	2.010281	2.059112
1.643978	470928.924556	4398834.178567	7.834339	-0.599085	7.811400	1543309297.776333	3.369801	1.966684	2.073754
1.646780	470928.875694	4398834.996972	7.809535	-0.595455	7.786801	1543309297.869641	3.409574	1.960841	1.964632
1.654128	470928.809090	4398835.749319	7.763341	-0.609657	7.739366	1543309297.979181	3.439414	1.982152	2.057349
1.625219	470928.687456	4398836.591564	7.957591	-0.635569	7.932169	1543309298.068234	3.476174	1.974247	2.050053
1.637310	470928.663125	4398837.340278	7.732630	-0.581956	7.710700	1543309298.180874	3.412509	1.978219	2.061254
1.597718	470928.533192	4398838.154449	7.960507	-0.477537	7.946171	1543309298.269903	3.370217	2.012026	1.977897
1.605937	470928.526832	4398838.945089	7.922758	-0.518887	7.905748	1543309298.381891	3.365685	1.877425	1.992301
1.589271	470928.511509	4398839.734478	7.910787	-0.510222	7.894316	1543309298.467178	3.352937	1.811497	1.982471
1.673794	470928.459553	4398840.455519	7.870396	-0.614721	7.846353	1543309298.577578	3.406161	2.062961	1.978248
1.622754	470928.313089	4398842.027225	7.931320	-0.583112	7.909856	1543309298.782158	3.388895	1.925167	1.998991
1.663503	470928.312245	4398842.873409	7.845572	-0.628524	7.820355	1543309298.866679	3.545441	1.998156	1.981597
1.685900	470928.234445	4398843.629255	7.815295	-0.711227	7.782866	1543309298.977480	3.412222	2.043139	2.064277
1.675072	470928.180824	4398844.410252	8.095165	-0.775402	8.057943	1543309299.072742	3.332853	1.983544	2.053216
1.643738	470928.142233	4398845.198524	8.024455	-0.711340	7.992864	1543309299.168669	3.415295	1.938817	2.068115
1.611676	470927.993449	4398846.027987	8.049085	-0.593728	8.027158	1543309299.269029	3.470155	1.869093	1.981014
1.644062	470927.995121	4398846.752462	7.738368	-0.588664	7.715946	1543309299.377418	3.282901	1.945500	1.989563
1.632497	470927.879023	4398847.603915	8.045126	-0.576776	8.024425	1543309299.467407	3.411491	1.832915	1.984969
1.654272	470927.800164	4398848.349788	8.067614	-0.583814	8.046462	1543309299.570969	3.338727	1.814386	1.993151
1.715800	470927.708470	4398849.125082	8.068419	-0.632062	8.043624	1543309299.667349	3.432975	1.835165	2.016962
1.667226	470927.745904	4398849.928923	8.075112	-0.678268	8.046576	1543309299.773371	3.332885	2.020250	2.040041
1.679580	470927.711368	4398850.765115	7.895222	-0.625207	7.870429	1543309299.872068	3.353544	2.028733	2.046462
1.676311	470927.603099	4398851.517208	7.869524	-0.623176	7.844811	1543309299.969548	3.290846	1.978767	2.030358
1.679255	470927.490036	4398852.315621	7.854381	-0.694714	7.823597	1543309300.068786	3.494242	1.851771	1.992949
1.650947	470927.460690	4398853.069478	7.846692	-0.673065	7.817772	1543309300.168656	3.330655	2.055853	2.064833
1.628056	470927.432104	4398853.852120	7.829999	-0.649790	7.802990	1543309300.270826	3.331046	1.906451	2.058310
1.648283	470927.327762	4398854.675216	7.821737	-0.633921	7.796007	1543309300.368383	3.394620	1.808901	1.972979
1.668565	470927.330161	4398855.445367	7.812999	-0.675942	7.783704	1543309300.468119	3.314522	1.995760	2.000925
1.630467	470927.208920	4398856.230288	7.781101	-0.683956	7.750983	1543309300.570640	3.274178	2.038824	2.014263
1.654743	470927.163385	4398857.007175	7.905327	-0.683719	7.875705	1543309300.670865	3.296256	1.985816	1.997947
1.643045	470927.123081	4398857.823699	7.765125	-0.632207	7.739347	1543309300.771007	3.352458	1.952470	1.988982
1.655016	470927.024893	4398858.646053	7.754298	-0.651888	7.726848	1543309300.869611	3.401919	2.030145	2.010499
1.650967	470926.983415	4398859.423438	7.984035	-0.660196	7.956693	1543309300.970545	3.351416	2.031416	2.021611
1.660436	470926.932815	4398860.179427	7.973755	-0.697676	7.943174	1543309301.069464	3.363445	2.029001	2.015871
1.675730	470926.877835	4398860.956243	7.962360	-0.742416	7.927673	1543309301.175373	3.254821	1.998307	1.999100
1.681038	470926.854619	4398861.754329	7.864068	-0.777880	7.825501	1543309301.268269	3.530299	1.983665	1.979547
1.643246	470926.777882	4398862.506411	7.828606	-0.698528	7.797380	1543309301.369893	3.489363	1.887951	1.976039
1.686484	470926.687340	4398863.342590	7.923557	-0.623882	7.898957	1543309301.467106	3.324265	1.877294	1.985073
1.680037	470926.665205	4398864.125208	8.008619	-0.656602	7.981658	1543309301.569071	3.358750	2.018573	1.979327
1.674592	470926.623867	4398864.907785	8.004287	-0.590689	7.982462	1543309301.668810	3.277849	2.014690	1.979366
1.670404	470926.528973	4398865.694313	7.948582	-0.570090	7.928112	1543309301.776076	3.281332	1.912278	1.984144
1.690323	470926.512754	4398866.472813	7.864836	-0.694598	7.834104	1543309301.869001	3.314373	2.056582	1.992807
1.677753	470926.384458	4398868.089839	7.845523	-0.573960	7.824500	1543309302.071877	3.314308	2.019591	2.002068
1.650523	470926.286226	4398868.881783	7.828211	-0.591357	7.805843	1543309302.178306	3.313212	2.054741	2.002270
1.663947	470926.234678	4398869.681127	7.967987	-0.618341	7.943958	1543309302.265435	3.320968	2.055047	2.003851
1.644102	470926.161755	4398870.490812	7.979896	-0.606541	7.956812	1543309302.379481	3.345191	2.051597	2.003958
1.624025	470926.038442	4398871.284270	7.807325	-0.530964	7.789249	1543309302.466723	3.385682	2.047117	1.996236
1.653321	470926.036689	4398872.008468	7.835314	-0.585812	7.813384	1543309302.579766	3.322398	1.958166	1.984163
1.658343	470926.010937	4398872.801423	7.858701	-0.622631	7.833997	1543309302.668359	3.294259	1.905691	2.073701
1.642705	470925.897101	4398873.575547	7.775462	-0.651325	7.748135	1543309302.777765	3.264937	1.981673	1.975961
1.639518	470925.776106	4398875.224422	7.856125	-0.631414	7.830709	1543309302.978673	3.381882	1.990243	1.997151
1.662405	470925.738334	4398876.017970	8.002577	-0.674135	7.974132	1543309303.067424	3.361670	2.036164	2.013249
1.670948	470925.688883	4398876.758116	7.991623	-0.672324	7.963292	1543309303.181244	3.277880	2.038674	2.009789
1.658701	470925.603374	4398877.546259	7.983780	-0.682004	7.954597	1543309303.266951	3.274096	2.035203	2.006058
1.665819	470925.565538	4398878.385822	7.863130	-0.699184	7.831983	1543309303.377952	3.363282	2.066773	2.007312
1.675628	470925.540349	4398879.239262	7.788151	-0.774586	7.749537	1543309303.467217	3.466345	2.115232	2.019992
1.678910	470925.449199	4398879.976664	7.696799	-0.788087	7.656346	1543309303.579616	3.375257	2.035046	2.025566
1.654409	470925.295082	4398881.530127	7.922615	-0.681474	7.893251	1543309303.782878	3.319016	2.036910	1.989335
1.657146	470925.183351	4398882.318578	7.939550	-0.683450	7.910079	1543309303.866560	3.323922	2.038378	1.989341
1.674061	470925.186636	4398883.111650	7.935809	-0.619409	7.911599	1543309303.980132	3.307282	2.121110	2.005150
1.672965	470925.141811	4398883.968543	7.924476	-0.719557	7.891740	1543309304.071260	3.447051	2.110640	2.021584
1.645067	470925.001302	4398884.700648	7.587450	-0.650283	7.559533	1543309304.180982	3.347361	2.093107	2.025645
1.680001	470924.994631	4398885.461965	7.531161	-0.710438	7.497578	1543309304.275006	3.274997	2.032487	2.020092
1.679128	470924.942932	4398886.283366	7.517315	-0.757418	7.479060	1543309304.377284	3.324415	2.121885	2.011744
1.655411	470924.507865	4398891.033441	7.794510	-0.677257	7.765031	1543309304.981596	3.353373	2.039838	2.013062
1.655027	470924.416136	4398891.845878	7.907192	-0.669131	7.878829	1543309305.066559	3.392719	2.036822	2.036150
1.675889	470924.402318	4398892.638211	7.870859	-0.673230	7.842014	1543309305.176367	3.346802	2.037567	2.053970
1.673703	470924.290224	4398893.439550	7.867367	-0.723765	7.834005	1543309305.270851	3.413784	2.069010	2.037970
1.680038	470924.255886	4398894.208033	7.848866	-0.768975	7.811106	1543309305.388911	3.360209	2.039557	2.010049
1.666984	470924.187614	4398894.935777	7.847381	-0.725167	7.813804	1543309305.467536	3.302844	1.933134	2.068042
1.650127	470924.089137	4398895.714681	7.834851	-0.689351	7.804465	1543309305.577681	3.550747	1.827225	2.046675
1.644583	470924.060291	4398896.503785	7.892650	-0.654525	7.865464	1543309305.668238	3.394069	1.936147	2.054274
1.680635	470923.991225	4398897.295997	7.928623	-0.622966	7.904111	1543309305.781332	3.339991	1.965907	2.062653
1.685397	470923.930738	4398898.092535	7.952820	-0.726559	7.919562	1543309305.867625	3.288660	1.995404	2.070906
1.649786	470923.728086	4398899.750093	8.058179	-0.695005	8.028152	1543309306.069011	3.367768	2.055464	1.995773
1.688185	470923.734961	4398900.500513	8.143754	-0.753753	8.108797	1543309306.178921	3.274914	2.057864	2.003417
1.657506	470923.680102	4398901.323074	8.131606	-0.735316	8.098291	1543309306.269179	3.347947	1.947782	2.003559
1.707443	470923.615023	4398902.104190	8.084944	-0.695668	8.054959	1543309306.378301	3.333957	2.069981	2.004818
1.670980	470923.521710	4398902.862091	8.003592	-0.727699	7.970441	1543309306.474346	3.300178	2.061187	1.999302
1.674530	470923.444396	4398903.717031	7.982620	-0.677483	7.953819	1543309306.583956	3.390702	2.060963	1.998601
1.651474	470923.378390	4398904.516698	7.988402	-0.665096	7.960666	1543309306.677958	3.397851	1.974308	1.996698
1.661889	470923.320209	4398905.256560	7.955922	-0.689165	7.926017	1543309306.780485	3.303149	1.973238	1.989558
1.686628	470923.274076	4398906.044061	7.930427	-0.769882	7.892968	1543309306.869611	3.307180	1.998440	1.985278
1.665561	470923.214140	4398906.809914	7.922592	-0.762330	7.885830	1543309306.981804	3.263067	2.007581	1.985690
1.659688	470923.122972	4398907.620110	7.926061	-0.741408	7.891309	1543309307.068314	3.309951	2.070219	1.999121
1.683617	470923.112422	4398908.421491	7.907755	-0.794963	7.867695	1543309307.173365	3.321247	2.075386	2.008115
1.660695	470922.987976	4398909.228649	7.870074	-0.759715	7.833320	1543309307.285863	3.379015	2.047296	2.007561
1.664285	470922.939765	4398910.023437	7.913945	-0.754491	7.877897	1543309307.380089	3.309402	2.026011	2.002843
1.709801	470922.897925	4398910.792642	7.875224	-0.720621	7.842184	1543309307.488758	3.292372	2.058902	1.994532
1.686105	470922.815649	4398911.533818	7.858221	-0.722429	7.824943	1543309307.576247	3.365193	1.992153	1.996871
1.693201	470922.742270	4398912.355717	7.933841	-0.721658	7.900952	1543309307.686070	3.257212	2.083541	1.999490
1.701176	470922.691948	4398913.139422	7.932080	-0.685326	7.902419	1543309307.778928	3.329746	2.044918	1.998737
1.688329	470922.611426	4398913.930057	7.972896	-0.739098	7.938565	1543309307.883328	3.374593	1.998657	1.997148
1.652292	470922.516374	4398914.751845	7.979229	-0.663993	7.951554	1543309307.979596	3.359007	1.982080	1.993085
1.645919	470922.439492	4398915.519695	7.852481	-0.673182	7.823572	1543309308.083049	3.349876	1.953496	1.989214
1.666565	470922.356785	4398916.329516	7.876744	-0.703237	7.845289	1543309308.182484	3.305901	1.832325	1.985748
1.674997	470922.362801	4398917.120578	7.827238	-0.740386	7.792142	1543309308.279881	3.312943	1.980308	1.984625
1.646437	470922.257795	4398917.913697	7.955651	-0.689077	7.925753	1543309308.378354	3.314157	1.979016	1.987818
1.674406	470922.234357	4398918.705052	8.010595	-0.742430	7.976116	1543309308.483626	3.312167	1.971076	1.996028
1.662325	470922.119111	4398919.467184	7.855771	-0.723058	7.822424	1543309308.581342	3.318988	2.044032	2.005403
1.662196	470922.049074	4398920.318900	7.828642	-0.722167	7.795262	1543309308.677544	3.420155	2.054687	2.024369
1.670233	470922.012751	4398921.108468	7.840097	-0.742232	7.804884	1543309308.776904	3.418586	2.047674	2.045293
1.660015	470921.926270	4398921.873008	7.803325	-0.722982	7.769760	1543309308.887007	3.261759	2.050393	2.048685
1.699358	470921.911862	4398922.679781	7.821505	-0.661481	7.793483	1543309308.979965	3.291445	2.054495	2.039006
1.686630	470921.850763	4398923.431224	8.034535	-0.664950	8.006971	1543309309.086606	3.334934	2.055545	2.019784
1.642480	470921.749822	4398924.214564	8.040385	-0.695070	8.010285	1543309309.177105	3.297944	1.901519	2.009157
1.683926	470921.727664	4398924.992449	8.044894	-0.717733	8.012814	1543309309.276415	3.395599	2.053792	2.010896
1.687408	470921.653623	4398925.795957	7.949359	-0.689973	7.919359	1543309309.379662	3.276803	1.970428	2.018464
1.675309	470921.510557	4398927.403071	7.982450	-0.772817	7.944952	1543309309.578854	3.355882	1.967319	1.995378
1.687767	470921.398776	4398928.240262	7.809982	-0.686533	7.779748	1543309309.677299	3.494200	1.855649	2.072511
1.694754	470921.312253	4398929.022198	7.820916	-0.690345	7.790388	1543309309.778374	3.483868	1.869182	2.071885
1.728608	470921.206484	4398929.811512	7.822631	-0.869608	7.774146	1543309309.877526	3.489932	1.828970	1.983273
1.674473	470921.280699	4398930.529249	7.828814	-0.850514	7.782478	1543309309.978598	3.302057	2.002098	2.009138
1.713780	470921.218234	4398931.307722	7.861722	-0.782359	7.822697	1543309310.083143	3.320660	2.032654	2.018339
1.665818	470921.136805	4398932.115449	7.857438	-0.725921	7.823833	1543309310.183076	3.325095	1.972027	2.011282
1.690294	470921.061335	4398932.900481	7.914681	-0.689654	7.884577	1543309310.289762	3.335524	1.979485	2.008286
1.684094	470921.013259	4398933.702837	7.906768	-0.680743	7.877409	1543309310.377471	3.371653	1.999048	2.006284
1.672226	470920.948207	4398934.475793	7.909061	-0.725281	7.875735	1543309310.477015	3.345968	1.969337	2.004548
1.662732	470920.839043	4398935.256024	7.919137	-0.726535	7.885739	1543309310.579791	3.352450	1.862824	1.988655
1.668902	470920.837291	4398936.042942	7.909014	-0.743705	7.873970	1543309310.686596	3.370633	1.976031	1.983597
1.691695	470920.682255	4398936.896118	7.889434	-0.705006	7.857871	1543309310.777892	3.454912	1.834486	1.986925
1.679105	470920.717642	4398937.638993	7.743369	-0.742733	7.707665	1543309310.878278	3.418064	1.972436	1.992846
1.647311	470920.651513	4398938.448494	7.861136	-0.682305	7.831470	1543309310.980362	3.326957	1.926089	2.005552
1.675887	470920.585322	4398939.417986	7.882975	-0.673336	7.854165	1543309311.080453	3.671412	1.970208	2.003907
1.670487	470920.477579	4398939.976180	7.859880	-0.630944	7.834515	1543309311.183845	3.400257	1.837421	1.999400
1.679444	470920.473158	4398940.783211	7.894988	-0.636812	7.869263	1543309311.279330	3.422284	1.994233	2.003709
1.674877	470920.370239	4398941.603756	8.118299	-0.623816	8.094296	1543309311.379572	3.321490	1.985898	2.013889
1.663425	470920.318750	4398942.357393	8.054877	-0.664627	8.027411	1543309311.481865	3.269776	1.977427	2.015175
1.655376	470920.216931	4398943.165654	8.075052	-0.672390	8.047009	1543309311.582558	3.277962	1.988015	2.017618
1.666939	470920.196936	4398943.965471	8.053926	-0.694773	8.023903	1543309311.679572	3.327419	1.976758	2.015761
1.666421	470920.135740	4398944.729512	8.040283	-0.720015	8.007979	1543309311.781586	3.259004	1.976760	2.015239
1.680059	470920.065593	4398945.584182	7.990190	-0.772171	7.952791	1543309311.877918	3.392462	1.899928	2.011975
1.657249	470920.008689	4398946.290837	7.965391	-0.719974	7.932786	1543309311.979507	3.289846	2.007275	2.023287
1.660994	470919.968672	4398947.064569	7.943247	-0.680595	7.914036	1543309312.086394	3.333135	1.976813	2.023284
1.645616	470919.894542	4398947.861714	7.926179	-0.648189	7.899631	1543309312.181573	3.352706	2.006316	2.022581
1.650766	470919.844515	4398948.694020	7.839464	-0.608980	7.815775	1543309312.281271	3.310064	1.872536	2.010484
1.664553	470919.737286	4398949.517979	7.770299	-0.646655	7.743344	1543309312.382265	3.441412	1.847056	1.991569
1.655173	470919.753112	4398950.265355	7.763565	-0.649266	7.736368	1543309312.489102	3.380661	1.950581	1.982348
1.660636	470919.620896	4398951.103956	7.879064	-0.676503	7.849968	1543309312.578374	3.457714	1.834270	1.976460
1.688091	470919.555973	4398951.884947	7.946649	-0.656276	7.919504	1543309312.679432	3.465845	1.858110	1.971671
1.632345	470919.540561	4398952.661614	7.978484	-0.599186	7.955953	1543309312.779233	3.407549	1.857196	1.985062
1.660766	470919.499881	4398953.409580	7.994322	-0.639476	7.968705	1543309312.881904	3.328828	1.943350	2.007715
1.660324	470919.422501	4398954.189773	7.997301	-0.660195	7.970005	1543309312.981798	3.381393	2.037681	2.021924
1.658229	470919.382555	4398955.023067	8.037110	-0.677584	8.008496	1543309313.082578	3.520659	1.977259	2.025894
1.667625	470919.336089	4398955.752582	8.053463	-0.665966	8.025881	1543309313.180475	3.416658	2.028506	2.021648
1.668159	470919.295804	4398956.577700	8.013782	-0.704760	7.982732	1543309313.280695	3.300256	1.976054	2.018404
1.645932	470919.200398	4398957.366449	8.015020	-0.667113	7.987209	1543309313.379586	3.293234	1.966530	2.018121
1.664642	470919.115198	4398958.299694	7.922169	-0.624801	7.897492	1543309313.479679	3.601675	1.979311	2.012625
1.683577	470919.077867	4398959.144107	7.803765	-0.608910	7.779973	1543309313.582228	3.760051	1.973358	1.997615
1.638234	470919.014457	4398959.864819	7.825520	-0.580278	7.803976	1543309313.679976	3.628542	1.908595	1.982481
1.660486	470919.008677	4398960.506229	7.831630	-0.535808	7.813279	1543309313.781071	3.389043	1.993243	1.969238
1.646428	470918.937081	4398961.284001	7.796459	-0.554236	7.776734	1543309313.885293	3.357433	1.961951	1.966738
1.656552	470918.799393	4398962.114253	7.800357	-0.596027	7.777552	1543309313.985229	3.476263	1.867867	1.979533
1.660414	470918.793862	4398963.007100	7.805120	-0.633265	7.779387	1543309314.089808	3.602786	1.958005	1.996237
1.682681	470918.771242	4398963.664446	8.032305	-0.653563	8.005672	1543309314.181172	3.337431	2.045284	2.007481
1.660465	470918.637871	4398964.608534	8.081032	-0.680438	8.052334	1543309314.284402	3.651329	2.054508	2.014010
1.660516	470918.594703	4398965.249375	8.085858	-0.696388	8.055815	1543309314.382276	3.324920	1.989015	2.014963
1.680939	470918.562372	4398966.086492	8.047735	-0.740541	8.013591	1543309314.479054	3.431063	2.048265	2.016171
1.667434	470918.484711	4398966.841913	8.138437	-0.762203	8.102667	1543309314.580265	3.319091	1.990100	2.017928
1.677538	470918.410078	4398967.591979	8.062961	-0.757549	8.027294	1543309314.683470	3.310543	2.041447	2.014511
1.666281	470918.383173	4398968.363564	8.001727	-0.658544	7.974582	1543309314.779372	3.389385	1.950922	1.990153
1.634408	470918.286265	4398969.162572	7.821134	-0.606716	7.797566	1543309314.881057	3.330845	1.840644	2.073749
1.670645	470918.184511	4398970.033017	7.822671	-0.656105	7.795108	1543309315.079116	1.865285	1.822595	1.973502
1.622692	470918.098544	4398971.516723	7.822375	-0.648349	7.795460	1543309315.183398	3.397514	1.892278	1.989172
1.657199	470917.989518	4398972.497648	7.982815	-0.679774	7.953820	1543309315.278782	3.695459	2.029294	2.006768
1.600524	470917.873301	4398973.178794	8.068661	-0.635582	8.043589	1543309315.370547	3.420637	2.082355	2.026708
1.632073	470917.880680	4398974.062810	8.071940	-0.640143	8.046516	1543309315.478394	3.551819	2.099087	2.055196
1.646786	470917.805240	4398974.739520	7.985369	-0.624204	7.960935	1543309315.584478	3.347601	2.024403	2.062198
1.642267	470917.803514	4398975.507013	7.952175	-0.603269	7.929260	1543309315.679279	3.299274	1.946522	2.044091
1.662724	470917.731426	4398976.304080	7.801978	-0.633328	7.776230	1543309315.783397	3.329593	2.077626	2.011952
1.676083	470917.668280	4398977.064205	7.799398	-0.693743	7.768483	1543309315.880736	3.441392	1.966932	1.982727
1.635548	470917.602471	4398977.803772	7.800595	-0.645383	7.773851	1543309315.980814	3.327162	1.917261	2.070060
1.642912	470917.472752	4398979.456543	7.797881	-0.624551	7.772830	1543309316.186219	3.430959	1.890255	2.053774
1.682517	470917.328973	4398980.190992	7.933241	-0.725600	7.899988	1543309316.280749	3.338114	1.809706	2.055278
1.670274	470917.343508	4398981.139788	7.890481	-0.671410	7.861864	1543309316.386128	3.803143	1.978211	2.069489
1.664289	470917.233755	4398981.730017	7.896262	-0.663035	7.868376	1543309316.480491	3.359246	1.851110	1.975909
1.684401	470917.186617	4398982.753112	8.122674	-0.661362	8.095705	1543309316.579257	3.678825	2.006424	1.987982
1.645781	470917.082470	4398983.405285	8.090096	-0.640431	8.064707	1543309316.678816	3.383918	2.006648	1.994733
1.646510	470917.025090	4398984.140187	8.052013	-0.647474	8.025939	1543309316.781650	3.318146	2.007354	1.996415
1.648447	470916.957855	4398984.929989	8.027757	-0.629963	8.003001	1543309316.879341	3.352767	2.067926	1.996053
1.646521	470916.854128	4398985.732528	7.783582	-0.602547	7.760225	1543309316.980102	3.316937	2.004833	1.993922
1.662268	470916.848731	4398986.534650	7.783719	-0.642930	7.757121	1543309317.081952	3.419826	1.973208	1.993004
1.642039	470916.759244	4398987.340232	8.038954	-0.630810	8.014166	1543309317.182539	3.406747	2.055769	2.003042
1.607095	470916.711304	4398988.122810	7.995469	-0.600113	7.972916	1543309317.280596	3.352727	1.913158	2.015761
1.637643	470916.676159	4398988.883215	8.014897	-0.578560	7.993988	1543309317.380179	3.293481	1.991026	2.021773
1.634496	470916.550301	4398989.692891	8.008974	-0.552950	7.989863	1543309317.492111	3.341504	2.055168	2.023099
1.664379	470916.502169	4398990.503238	8.003004	-0.549019	7.984150	1543309317.581200	3.367517	2.112118	2.027789
1.657977	470916.428642	4398991.242792	7.885514	-0.604967	7.862273	1543309317.679816	3.259907	2.050338	2.022285
1.682422	470916.401560	4398992.042303	7.882693	-0.705549	7.851054	1543309317.782462	3.271086	2.049299	2.013756
1.635811	470916.278751	4398992.851033	7.917240	-0.638853	7.891423	1543309317.881009	3.315053	2.077625	2.011468
1.643227	470916.210781	4398993.654039	7.915475	-0.615003	7.891547	1543309317.988576	3.347173	2.053146	2.000663
1.658490	470916.138709	4398994.416594	7.901322	-0.642101	7.875188	1543309318.086637	3.309937	2.053622	1.991734
1.651600	470916.088655	4398995.192753	7.901713	-0.640556	7.875707	1543309318.180301	3.287646	2.045364	1.990589
1.654770	470915.971055	4398996.768434	7.868502	-0.640898	7.842358	1543309318.379508	3.323883	1.991150	1.978657
1.652227	470915.870251	4398997.541909	7.850101	-0.639145	7.824039	1543309318.484923	3.285473	2.078616	1.993204
1.633633	470915.796883	4398998.327517	7.838882	-0.589886	7.816655	1543309318.581805	3.277988	2.043314	2.017045
1.677767	470915.776937	4398999.106064	7.827066	-0.677102	7.797724	1543309318.679814	3.273889	2.042800	2.026143
1.678416	470915.731396	4398999.891392	7.867069	-0.644160	7.840652	1543309318.782418	3.264843	2.073798	2.022991
1.648758	470915.676157	4399000.671438	7.886213	-0.633968	7.860690	1543309318.889658	3.249986	1.909425	2.015422
1.642793	470915.618216	4399001.571220	7.896513	-0.638001	7.870697	1543309318.986570	3.496637	1.998695	2.008937
1.671835	470915.579678	4399002.259883	7.968204	-0.631097	7.943173	1543309319.079164	3.346257	1.967546	2.007453
1.668887	470915.488307	4399003.065177	8.013782	-0.689574	7.984058	1543309319.180606	3.350717	1.964128	2.007348
1.647561	470915.414644	4399003.841369	7.989885	-0.660978	7.962498	1543309319.287378	3.342561	1.962937	2.009640
1.679282	470915.369224	4399004.645211	7.965992	-0.674771	7.937362	1543309319.380180	3.372628	2.070975	2.013135
1.639300	470915.215843	4399005.417429	7.925988	-0.626506	7.901188	1543309319.481254	3.362848	2.122664	2.004963
1.628736	470915.150198	4399006.989761	7.938986	-0.560728	7.919159	1543309319.688517	3.342865	1.896009	2.006573
1.647469	470915.040563	4399007.758820	7.959408	-0.563901	7.939407	1543309319.780473	3.305956	2.091819	2.011289
1.641405	470914.965859	4399008.559956	7.897988	-0.583764	7.876385	1543309319.886104	3.322969	2.036417	2.008302
1.630161	470914.952778	4399009.353445	7.893155	-0.541658	7.874548	1543309319.980511	3.340148	1.942443	1.997244
1.643462	470914.857758	4399010.118036	7.906205	-0.553874	7.886780	1543309320.091599	3.294681	2.030912	1.989334
1.639114	470914.786409	4399010.892454	7.892710	-0.547809	7.873676	1543309320.184528	3.278914	2.030688	1.983093
1.629321	470914.695968	4399011.824381	7.902211	-0.517663	7.885237	1543309320.285717	3.569258	2.027803	1.979924
1.637814	470914.624043	4399012.468606	7.922500	-0.523070	7.905213	1543309320.382106	3.276223	2.033021	1.979100
1.643458	470914.628980	4399013.275327	7.905165	-0.540003	7.886699	1543309320.479883	3.315030	2.034945	1.993470
1.666507	470914.633307	4399014.061727	7.754715	-0.496127	7.738828	1543309320.583269	3.267129	2.011414	2.002238
1.661618	470914.539587	4399014.836215	7.776820	-0.573551	7.755641	1543309320.681257	3.246757	1.942055	2.004117
1.636515	470914.413487	4399015.653740	7.770210	-0.605116	7.746612	1543309320.787233	3.310987	2.027154	2.010649
1.657550	470914.423125	4399016.462577	7.820703	-0.630793	7.795222	1543309320.876837	3.364064	1.929190	2.010857
1.646676	470914.356995	4399017.238461	7.908949	-0.624145	7.884283	1543309320.983948	3.349067	1.889438	2.019273
1.670660	470914.257421	4399018.029848	7.916752	-0.650131	7.890012	1543309321.090449	3.339028	2.026420	2.022916
1.645485	470914.208782	4399018.819049	7.912968	-0.629030	7.887926	1543309321.182455	3.339278	1.889413	2.016744
1.655974	470914.116714	4399019.696450	7.924594	-0.645931	7.898225	1543309321.280012	3.523919	2.105768	2.017597
1.651724	470914.089367	4399020.479818	7.891291	-0.641297	7.865190	1543309321.377098	3.486866	1.989626	2.017788
1.662564	470913.981417	4399021.293000	7.956437	-0.677572	7.927533	1543309321.480117	3.539363	2.110762	2.019185
1.672842	470913.909082	4399021.942341	7.955992	-0.700903	7.925058	1543309321.585658	3.278975	2.028471	2.016212
1.647374	470913.869203	4399022.727072	7.963902	-0.669176	7.935738	1543309321.687766	3.256203	1.923331	2.007370
1.657104	470913.780037	4399023.532401	8.049130	-0.671644	8.021059	1543309321.782489	3.307485	2.029410	1.991047
1.642510	470913.705117	4399024.350512	8.006105	-0.636178	7.980789	1543309321.889483	3.378011	1.971168	1.981253
1.654648	470913.653418	4399025.056567	7.940401	-0.642698	7.914349	1543309321.979187	3.233759	2.026350	2.081422
1.648141	470913.550466	4399026.029283	7.910310	-0.630020	7.885181	1543309322.093562	3.618499	2.027461	2.082408
1.646631	470913.473766	4399026.691241	7.859086	-0.615399	7.834955	1543309322.180164	3.355757	2.036695	1.990453
1.684913	470913.494886	4399027.457678	7.683030	-0.615821	7.658310	1543309322.289659	3.312026	2.030230	2.006605
1.666063	470913.374177	4399028.219508	7.805771	-0.642418	7.779291	1543309322.380551	3.275012	2.031467	2.002933
1.651476	470913.365092	4399029.029831	7.776327	-0.635295	7.750333	1543309322.492364	3.293072	1.975653	1.997436
1.638057	470913.247967	4399029.841403	7.804178	-0.595786	7.781403	1543309322.577311	3.362329	2.035405	1.994305
1.642322	470913.215396	4399030.611791	7.840589	-0.584235	7.818792	1543309322.689651	3.334507	1.931585	1.996102
1.673420	470913.164798	4399031.384198	7.851293	-0.595601	7.828669	1543309322.785344	3.302077	2.000425	2.004633
1.660642	470913.112373	4399032.163498	7.852970	-0.568930	7.832334	1543309322.889297	3.292846	1.998969	2.003925
1.643040	470913.031825	4399033.069689	7.880865	-0.618598	7.856550	1543309322.980369	3.549014	1.993795	2.000637
1.664944	470912.965973	4399033.748600	7.860484	-0.666428	7.832183	1543309323.090383	3.341591	1.939195	2.008092
1.643670	470912.916059	4399034.508986	7.941810	-0.639995	7.915980	1543309323.182239	3.277083	1.901412	2.010800
1.660229	470912.833964	4399035.275501	7.921336	-0.663242	7.893521	1543309323.288954	3.248197	1.939804	2.014287
1.668174	470912.782738	4399036.073260	7.972939	-0.682708	7.943655	1543309323.377959	3.289449	2.000072	2.006215
1.652825	470912.612674	4399037.650881	8.087032	-0.711568	8.055666	1543309323.585474	3.319445	2.033911	1.995832
1.657636	470912.551081	4399038.435318	8.060709	-0.703095	8.029986	1543309323.689246	3.319434	2.034516	1.995521
1.661853	470912.456112	4399039.208644	8.009313	-0.708712	7.977896	1543309323.782859	3.297311	2.093452	2.009274
1.673685	470912.467283	4399040.055697	7.934819	-0.738423	7.900385	1543309323.890122	3.401872	2.048206	2.019541
1.659776	470912.340297	4399040.810652	7.824201	-0.716831	7.791295	1543309323.981662	3.331886	2.034297	2.028229
1.634143	470912.232194	4399041.665055	7.824936	-0.711820	7.792492	1543309324.089027	3.487114	2.105577	2.036744
1.627918	470912.208577	4399042.366133	7.822799	-0.616234	7.798490	1543309324.181067	3.323818	1.929044	2.036202
1.647189	470912.100520	4399043.181924	7.922404	-0.616758	7.898361	1543309324.290003	3.377592	2.125594	2.033396
1.663457	470912.090599	4399043.911349	7.989915	-0.662671	7.962388	1543309324.379040	3.259846	1.960479	2.013774
1.654130	470911.974339	4399044.701367	7.925404	-0.658250	7.898021	1543309324.497178	3.337790	2.042869	1.994740
1.621154	470911.874412	4399045.458628	7.909896	-0.572210	7.889172	1543309324.586247	3.296547	1.958910	2.079195
1.651604	470911.821560	4399046.232694	7.918357	-0.595690	7.895919	1543309324.690126	3.278755	1.900210	1.978545
1.658775	470911.734366	4399047.832114	7.983658	-0.654418	7.956792	1543309324.890716	3.277626	1.989685	2.005517
1.665873	470911.690500	4399048.652686	7.995646	-0.693166	7.965543	1543309324.982999	3.318664	1.989594	1.999960
1.661222	470911.518178	4399050.219243	7.961161	-0.716613	7.928843	1543309325.180918	3.314313	2.047432	1.998098
1.658449	470911.488960	4399051.028179	7.948130	-0.708336	7.916504	1543309325.294405	3.351518	1.970617	1.999388
1.679419	470911.394313	4399051.806923	7.963949	-0.765355	7.927087	1543309325.381053	3.318792	2.102961	2.006253
1.675074	470911.349914	4399052.604825	7.973880	-0.790288	7.934620	1543309325.499709	3.337839	2.046551	2.001317
1.668926	470911.248210	4399053.370632	7.973708	-0.787017	7.934773	1543309325.584490	3.291314	2.046629	1.999768
1.651930	470911.205440	4399054.203090	7.986763	-0.737555	7.952634	1543309325.691348	3.360125	1.937558	2.004001
1.690179	470911.157798	4399055.004293	7.974972	-0.811483	7.933578	1543309325.782005	3.374651	2.042715	2.011662
1.688180	470911.087431	4399055.756488	7.957281	-0.772992	7.919647	1543309325.895498	3.314484	2.104478	2.009450
1.651676	470911.001479	4399056.532104	7.972344	-0.726732	7.939152	1543309325.984147	3.280852	1.904307	2.015887
1.682112	470910.964053	4399057.321048	7.916216	-0.730849	7.882406	1543309326.090006	3.276845	1.977515	2.014749
1.673058	470910.837850	4399058.113377	7.903331	-0.756242	7.867067	1543309326.182779	3.302468	2.106169	2.009432
1.658246	470910.797315	4399058.917267	7.911113	-0.732717	7.877109	1543309326.289841	3.327143	1.939529	2.003846
1.669274	470910.706763	4399059.705037	7.913041	-0.749807	7.877436	1543309326.388100	3.335305	2.101104	2.005436
1.664805	470910.631770	4399060.493975	7.919017	-0.747807	7.883629	1543309326.489337	3.334170	2.048851	2.004822
1.663833	470910.591724	4399061.264805	7.912352	-0.742752	7.877413	1543309326.586037	3.298046	1.951107	2.008396
1.681202	470910.530363	4399062.068096	7.945011	-0.792773	7.905360	1543309326.690241	3.312301	2.048626	2.018700
1.672880	470910.413746	4399063.623884	7.935101	-0.809172	7.893736	1543309326.891266	3.264589	1.985938	2.006035
1.651824	470910.260901	4399064.408450	7.927678	-0.750831	7.892043	1543309326.980677	3.275018	2.045963	1.986958
1.686873	470910.272088	4399065.181817	7.814298	-0.793157	7.773941	1543309327.096857	3.368038	1.990028	2.064759
1.692262	470910.196329	4399065.933573	7.762055	-0.759195	7.724838	1543309327.181466	3.364585	1.994315	2.055268
1.702852	470910.105797	4399066.801184	7.830893	-0.860201	7.783504	1543309327.293630	3.516337	2.008967	2.064844
1.699847	470910.080876	4399067.557658	7.739537	-0.898161	7.687245	1543309327.380497	3.249802	2.048742	1.986835
1.707556	470910.018424	4399068.391045	7.798675	-0.960159	7.739343	1543309327.490955	3.337850	2.109923	2.007764
1.703910	470909.942232	4399069.163656	7.796754	-0.987457	7.733970	1543309327.587843	3.305274	2.064904	2.007920
1.692858	470909.869561	4399069.943997	7.810911	-0.975726	7.749728	1543309327.690481	3.294671	2.050962	2.000914
1.690239	470909.798138	4399070.735343	7.822092	-0.960522	7.762894	1543309327.790846	3.316910	2.048315	1.995796
1.677591	470909.686979	4399072.281156	7.811830	-0.931291	7.756119	1543309327.989066	3.259847	2.029839	2.014452
1.678260	470909.609477	4399073.113445	7.658970	-0.884504	7.607725	1543309328.088767	3.354467	1.981923	2.023416
1.681262	470909.506104	4399073.923046	7.803100	-0.886021	7.752635	1543309328.189588	3.389243	2.107862	2.035639
1.678087	470909.397642	4399074.686659	7.790095	-0.844850	7.744146	1543309328.288693	3.330765	1.797018	2.025537
1.697162	470909.396594	4399075.452168	7.810296	-0.892427	7.759142	1543309328.390217	3.280340	2.055672	2.006686
1.686139	470909.309270	4399076.235830	7.846793	-0.899046	7.795118	1543309328.489343	3.283400	1.997453	1.994554
1.687333	470909.240374	4399077.038000	7.863460	-0.905667	7.811131	1543309328.590037	3.311081	2.060351	2.008076
1.695488	470909.037527	4399078.615325	7.684311	-0.862342	7.635771	1543309328.793019	3.333123	1.906754	2.039263
1.695796	470908.993507	4399079.371346	7.714379	-0.898623	7.661861	1543309328.888489	3.291878	1.878087	2.023975
1.684672	470908.958717	4399080.134757	7.729900	-0.893674	7.678066	1543309328.991651	3.269503	2.058444	1.999873
1.683613	470908.937663	4399080.888522	7.668915	-0.878762	7.618401	1543309329.099253	3.325908	1.978810	2.080678
1.710892	470908.811594	4399081.721512	7.784350	-0.829451	7.740033	1543309329.189226	3.323950	1.938135	1.984340
1.676603	470908.736928	4399082.470076	7.818676	-0.830328	7.774462	1543309329.289792	3.270210	2.053902	1.993534
1.656896	470908.674838	4399083.261279	7.797153	-0.790070	7.757022	1543309329.388283	3.284753	1.996965	1.998575
1.673254	470908.641572	4399084.065892	7.851311	-0.748408	7.815560	1543309329.488962	3.289403	2.003019	2.006777
1.663636	470908.541873	4399084.831776	7.806449	-0.736320	7.771646	1543309329.589510	3.328413	2.006086	2.004322
1.667081	470908.500351	4399085.675212	7.766467	-0.737696	7.731353	1543309329.689703	3.418534	1.973960	2.001174
1.689977	470908.438039	4399086.421307	7.884718	-0.765414	7.847478	1543309329.789229	3.261629	2.009141	2.002449
1.687016	470908.426920	4399087.196669	8.002467	-0.831597	7.959141	1543309329.894325	3.255974	2.059989	1.992555
1.676931	470908.349663	4399087.972254	8.000197	-0.837477	7.956242	1543309329.994201	3.243345	2.062490	1.993173
1.681977	470908.234371	4399089.535288	7.850381	-0.862187	7.802892	1543309330.192323	3.295802	1.984085	1.983345
1.675628	470908.171110	4399090.337578	7.870801	-0.776828	7.832372	1543309330.295206	3.287503	1.958055	1.991434
1.677944	470908.105617	4399091.115997	8.000886	-0.811464	7.959630	1543309330.389206	3.523873	2.008488	1.980732
1.677923	470908.017538	4399092.048006	7.919985	-0.775813	7.881896	1543309330.497011	3.741749	2.012161	1.986058
1.693821	470907.976638	4399092.743331	8.004783	-0.766170	7.968032	1543309330.598683	3.452597	2.014091	1.989472
1.681748	470907.923769	4399093.480979	7.932968	-0.711711	7.900978	1543309330.697136	3.294270	1.991369	1.995840
1.688975	470907.830941	4399094.259779	7.982556	-0.688187	7.952836	1543309330.790816	3.262092	2.022410	2.006250
1.663655	470907.761907	4399095.111450	8.016916	-0.710287	7.985389	1543309330.889956	3.347069	1.997429	2.020112
1.651227	470907.664054	4399095.836703	7.972898	-0.683533	7.943543	1543309330.994381	3.227612	2.078117	2.031680
1.637333	470907.608609	4399096.643761	7.775034	-0.642883	7.748410	1543309331.097889	3.283674	2.077956	2.040387
1.644291	470907.470296	4399098.241480	7.783666	-0.615802	7.759268	1543309331.297382	3.346024	2.084801	2.022004
1.668810	470907.465305	4399099.016434	7.785126	-0.669597	7.756276	1543309331.396168	3.319359	1.999770	2.019414
1.701464	470907.394367	4399099.990599	7.939862	-0.663931	7.912054	1543309331.490359	3.688427	2.022345	2.016005
1.657746	470907.342908	4399100.562335	7.887049	-0.668405	7.858675	1543309331.590776	3.282501	2.024156	2.008893
1.669570	470907.268091	4399101.350172	7.805803	-0.701581	7.774210	1543309331.690121	3.285941	2.001059	2.012034
1.657873	470907.206032	4399102.150870	7.882506	-0.700137	7.851351	1543309331.790928	3.322776	2.029301	2.007959
1.657284	470907.162957	4399102.914437	7.879616	-0.651239	7.852658	1543309331.889254	3.299486	1.995910	1.999203
1.646753	470907.058930	4399103.679602	7.836954	-0.628176	7.811738	1543309331.991023	3.311951	1.936867	1.997543
1.641531	470907.015613	4399104.478804	7.874665	-0.603486	7.851507	1543309332.092844	3.301286	1.890460	1.993036
1.645492	470906.969721	4399105.265148	7.858460	-0.596188	7.835813	1543309332.190732	3.302505	1.888621	1.994680
1.644593	470906.930466	4399106.051420	7.857218	-0.589767	7.835052	1543309332.288373	3.300406	1.937921	1.993739
1.658702	470906.776856	4399106.893697	7.887602	-0.628655	7.862510	1543309332.388529	3.449581	1.895506	1.985886
1.673650	470906.821651	4399107.623597	7.846191	-0.612863	7.822219	1543309332.493059	3.357848	1.994611	1.986278
1.637966	470906.717535	4399108.403604	7.845177	-0.611333	7.821322	1543309332.587839	3.304385	1.881325	1.987900
1.654628	470906.684546	4399109.201712	7.934691	-0.634883	7.909250	1543309332.690603	3.324359	1.969267	1.997601
1.674583	470906.539820	4399110.806552	7.912198	-0.620516	7.887829	1543309332.889128	3.474955	2.029572	2.002010
1.657367	470906.445239	4399111.542951	7.917796	-0.625474	7.893052	1543309332.991112	3.368021	2.030369	2.004921
1.651531	470906.397902	4399112.356341	7.880218	-0.666107	7.852015	1543309333.100402	3.290287	1.970945	2.010797
1.656874	470906.310276	4399113.150224	7.889604	-0.671317	7.860991	1543309333.192669	3.304746	2.033372	2.012903
1.658079	470906.275909	4399113.979066	7.907849	-0.678840	7.878658	1543309333.304366	3.375495	2.038970	2.019672
1.673236	470906.268507	4399114.766612	7.907168	-0.727244	7.873653	1543309333.394785	3.353072	2.034157	2.022449
1.677120	470906.184794	4399115.538346	7.913023	-0.703657	7.881675	1543309333.498908	3.335230	2.038903	2.019886
1.661194	470905.990776	4399117.895996	7.897437	-0.736355	7.863033	1543309333.795662	3.336893	2.036693	2.021585
1.650352	470905.940863	4399118.680832	7.902377	-0.696138	7.871655	1543309333.904040	3.329586	1.924617	2.022918
1.692815	470905.919083	4399119.464662	7.861573	-0.706262	7.829784	1543309333.990306	3.344291	2.042548	2.012854
1.676870	470905.827872	4399120.212082	7.829638	-0.643324	7.803164	1543309334.098360	3.347886	1.979543	1.993079
1.652114	470905.768902	4399121.002844	7.854245	-0.625861	7.829270	1543309334.192314	3.308730	1.905980	1.979436
1.638444	470905.698982	4399121.724083	7.862954	-0.619622	7.838502	1543309334.304870	3.403880	1.888921	1.982266
1.672218	470905.656941	4399122.554675	7.872514	-0.565465	7.852180	1543309334.388144	3.307488	1.995956	1.999653
1.688631	470905.605900	4399123.393107	8.065025	-0.597419	8.042868	1543309334.501188	3.322141	2.038334	2.015289
1.684317	470905.528671	4399124.181380	8.006350	-0.709153	7.974882	1543309334.589961	3.327048	2.091596	2.016579
1.697587	470905.404118	4399125.721328	8.013673	-0.890721	7.964017	1543309334.787985	3.258389	2.028408	2.003899
1.674726	470905.316969	4399126.563871	7.957024	-0.863959	7.909981	1543309334.900100	3.381569	2.029887	2.005583
1.669424	470905.268919	4399127.282020	7.989356	-0.745551	7.954494	1543309334.988688	3.343207	2.025133	1.999113
1.673119	470905.199073	4399128.098743	7.929438	-0.731841	7.895593	1543309335.097995	3.288019	2.083947	2.004345
1.644311	470905.140415	4399128.935054	7.945299	-0.679302	7.916207	1543309335.191627	3.373404	2.029640	2.018541
1.652593	470905.087423	4399129.718312	7.953758	-0.668650	7.925602	1543309335.302725	3.355156	2.027983	2.018739
1.638223	470904.967480	4399130.511908	7.968198	-0.625597	7.943602	1543309335.390981	3.366843	2.029539	2.018406
1.662165	470904.924506	4399131.289016	7.945414	-0.660615	7.917903	1543309335.497801	3.338498	2.002359	2.014584
1.656929	470904.896495	4399132.086573	7.944269	-0.669179	7.916035	1543309335.589524	3.349596	2.029562	2.015706
1.636887	470904.845320	4399132.975752	7.934615	-0.615625	7.910697	1543309335.696819	3.552430	2.012388	2.028619
1.648078	470904.727226	4399133.658042	7.915218	-0.612827	7.891459	1543309335.788695	3.352958	2.025332	2.033040
1.646131	470904.663704	4399134.439625	7.892124	-0.604846	7.868913	1543309335.898699	3.353428	2.084169	2.020195
1.638588	470904.599749	4399135.152312	7.820422	-0.583589	7.798616	1543309335.991641	3.373070	2.021698	2.000339
1.681048	470904.576596	4399135.915320	7.786097	-0.678162	7.756507	1543309336.104958	3.380132	1.921226	1.986856
1.641449	470904.513486	4399136.778812	7.753686	-0.683706	7.723484	1543309336.188963	3.465628	1.920674	2.072895
1.603661	470904.404892	4399137.535140	7.788826	-0.610042	7.764899	1543309336.301160	3.389701	1.918038	1.972735
1.629854	470904.329331	4399138.396105	7.887839	-0.629031	7.862717	1543309336.390500	3.606750	1.928028	1.987503
1.686371	470904.335065	4399139.113085	7.942511	-0.688271	7.912633	1543309336.499800	3.301621	1.960782	1.990985
1.649101	470904.206329	4399140.749829	8.035863	-0.678607	8.007158	1543309336.700810	3.363564	1.922602	2.017985
1.692451	470904.151194	4399141.509946	8.011213	-0.759044	7.975173	1543309336.790818	3.300866	2.004097	2.013808
1.668120	470904.037722	4399142.289900	7.996709	-0.764981	7.960035	1543309336.897934	3.284739	2.085175	2.009114
1.680985	470904.028600	4399143.088995	8.004678	-0.807697	7.963824	1543309336.990441	3.298871	2.087158	2.017840
1.650812	470903.893271	4399143.869490	8.041616	-0.738525	8.007632	1543309337.100069	3.347075	2.084798	2.027990
1.654186	470903.895675	4399144.699387	8.096915	-0.718559	8.064968	1543309337.187831	3.355985	1.948712	2.027031
1.615732	470903.805389	4399145.484507	8.070612	-0.712028	8.039142	1543309337.297740	3.377286	1.929627	2.034198
1.653322	470903.714332	4399146.328918	8.186743	-0.705889	8.156254	1543309337.392804	3.640904	2.015988	2.007741
1.650336	470903.662700	4399146.973509	8.182141	-0.715474	8.150799	1543309337.505115	3.262449	1.984408	2.006015
1.670400	470903.609695	4399147.762590	8.114332	-0.744868	8.080071	1543309337.589794	3.276640	1.960064	2.007745
1.623025	470903.492296	4399148.551608	8.014398	-0.759681	7.978312	1543309337.702004	3.293192	2.011539	2.003257
1.651185	470903.458395	4399149.307423	7.887918	-0.708593	7.856026	1543309337.789639	3.272023	1.982943	2.005362
1.658995	470903.372551	4399150.260536	7.693989	-0.686078	7.663339	1543309337.899971	3.709334	2.008243	1.989593
1.639935	470903.332145	4399150.766771	7.447279	-0.680726	7.416102	1543309337.990275	3.298422	2.058368	1.984071
1.634727	470903.244076	4399151.474381	7.200298	-0.592013	7.175919	1543309338.105118	3.427359	2.051539	1.987250
1.644307	470903.241058	4399152.146006	6.954289	-0.551731	6.932368	1543309338.189558	3.394422	2.092772	1.993256
1.640928	470903.195779	4399152.778327	6.455765	-0.466230	6.438908	1543309338.297312	3.308979	2.069643	1.999683
1.640684	470903.141204	4399153.358032	5.956598	-0.425560	5.941377	1543309338.402022	3.336437	2.131997	1.998631
1.699348	470903.131552	4399154.482614	4.929030	-0.416861	4.911371	1543309338.600440	3.665660	2.040209	1.994416
1.703935	470903.096126	4399154.832567	4.615370	-0.412052	4.596940	1543309338.704603	3.399287	2.031074	1.988129
1.703437	470903.032910	4399155.875923	3.010475	-0.277436	2.997664	1543309339.000943	3.390613	2.099936	2.042693
1.667166	470902.969662	4399156.182541	2.557698	-0.240847	2.546333	1543309339.104892	3.289922	2.050005	2.078854
1.666346	470902.942249	4399156.519808	2.174011	-0.208761	2.163964	1543309339.202189	3.552000	2.008798	2.051521
1.659847	470902.896899	4399156.930642	1.793026	-0.170586	1.784892	1543309339.403672	3.424819	2.039888	2.073842
1.652379	470902.846417	4399157.285759	1.280904	-0.121211	1.275156	1543309339.602425	3.316189	2.005217	1.990008
1.684739	470902.889833	4399157.480815	1.101276	-0.110923	1.095675	1543309339.701534	3.404568	2.029135	1.998933
1.656346	470902.844032	4399157.664446	1.268995	-0.124708	1.262852	1543309339.800844	3.523544	2.097823	2.006421
1.609691	470902.751843	4399157.840393	1.084390	-0.084576	1.081087	1543309339.899277	3.497421	2.024861	2.006852
1.658264	470902.805449	4399157.989804	1.152056	-0.092063	1.148372	1543309340.001319	3.580428	1.999007	2.007221
1.647529	470902.809120	4399158.195253	1.217022	-0.093608	1.213417	1543309340.103026	3.623458	2.018057	2.011724
1.646185	470902.784905	4399158.275260	1.141419	-0.092954	1.137628	1543309340.203804	3.475116	2.115569	2.018930
1.655931	470902.771824	4399158.828254	1.108656	-0.098787	1.104246	1543309340.607113	3.286841	2.050641	2.020157
1.662198	470902.749282	4399158.941485	1.044574	-0.094894	1.040255	1543309340.699630	3.358675	2.075438	2.021316
1.648213	470902.718937	4399159.121582	1.053761	-0.089981	1.049912	1543309340.795986	3.292017	2.048867	2.077602
1.638068	470902.690530	4399159.314460	0.898690	-0.076245	0.895450	1543309340.904387	3.481070	2.100585	2.079345
1.662220	470902.696607	4399159.490200	0.714533	-0.059240	0.712073	1543309341.094861	3.451791	2.049711	2.105333
1.642009	470902.674336	4399159.577855	0.582068	-0.045673	0.580274	1543309341.194582	3.422730	2.055266	2.078395
1.641394	470902.696153	4399159.696561	0.429950	-0.031738	0.428777	1543309341.304976	3.538462	2.124793	2.028730
1.638976	470902.671878	4399159.826510	0.418264	-0.029320	0.417235	1543309341.390752	3.639539	2.065665	2.022044
1.647692	470902.698564	4399159.777471	0.269058	-0.018461	0.268424	1543309341.500122	3.502038	2.084732	2.024817
1.635032	470902.665856	4399159.765811	0.137301	-0.008473	0.137039	1543309341.593880	3.383006	2.076513	2.027869
1.641479	470902.655584	4399159.853110	0.000000	0.000000	0.000000	1543309341.699958	3.593528	2.100020	2.031610
1.670417	470902.710808	4399159.820914	0.000000	0.000000	0.000000	1543309341.792987	3.501815	2.101497	2.039696
1.657218	470902.718771	4399159.863586	0.000000	0.000000	0.000000	1543309341.993274	3.526432	2.130259	2.050130
1.681933	470902.750293	4399159.921837	0.000000	0.000000	0.000000	1543309342.103973	3.594317	2.159875	2.057871
1.656911	470902.689024	4399159.920909	0.000000	0.000000	0.000000	1543309342.192940	3.607574	2.092985	2.055710
1.673124	470902.746404	4399159.871189	0.000000	0.000000	0.000000	1543309342.306220	3.632761	2.190127	2.054725
1.662394	470902.679769	4399159.911010	0.000000	0.000000	0.000000	1543309342.401614	3.675663	2.114956	2.056262
1.653334	470902.709494	4399159.889164	0.000000	0.000000	0.000000	1543309342.502580	3.561456	2.127911	2.052763
1.643763	470902.669373	4399159.835883	0.000000	0.000000	0.000000	1543309342.607407	3.415697	2.117744	2.052143
1.628234	470902.656642	4399159.985454	0.000000	0.000000	0.000000	1543309342.903254	3.562510	2.172952	2.051237
1.631532	470902.635991	4399159.947544	0.000000	0.000000	0.000000	1543309343.003043	3.426152	2.112055	2.043653
1.612701	470902.637190	4399160.057372	0.000000	0.000000	0.000000	1543309343.100226	3.599652	2.143563	2.040953
1.642259	470902.649425	4399159.990894	0.000000	0.000000	0.000000	1543309343.202817	3.408766	2.104496	2.045675
1.622616	470902.642933	4399160.100628	0.000000	0.000000	0.000000	1543309343.298216	3.548247	2.159163	2.040225
1.613175	470902.623703	4399160.179390	0.000000	0.000000	0.000000	1543309343.399370	3.600615	2.146918	2.040587
1.628820	470902.625953	4399160.198814	0.266424	-0.013601	0.266077	1543309343.499249	3.672681	2.172418	2.043402
1.636802	470902.632483	4399160.273549	0.354797	-0.020858	0.354183	1543309343.604870	3.617338	2.184880	2.046730
1.642150	470902.615382	4399160.250631	0.502338	-0.032330	0.501296	1543309343.703506	3.460168	2.110300	2.056575
1.637524	470902.620173	4399160.373389	0.772969	-0.050484	0.771318	1543309343.802272	3.622082	2.131027	2.067319
1.631965	470902.592680	4399160.313915	0.768339	-0.048779	0.766789	1543309343.904069	3.462946	2.114938	2.042911
1.639777	470902.598949	4399160.393504	0.740653	-0.048316	0.739075	1543309344.003274	3.483457	2.126259	2.065054
1.646777	470902.630800	4399160.460548	0.743924	-0.051269	0.742155	1543309344.104672	3.608893	2.175584	2.070369
1.643328	470902.595373	4399160.438421	0.428263	-0.030076	0.427206	1543309344.204607	3.450938	2.108683	2.068135
1.653972	470902.624185	4399160.468309	0.393318	-0.029200	0.392232	1543309344.305329	3.432909	2.091798	2.071224
1.663389	470902.646122	4399160.505358	0.390917	-0.031607	0.389637	1543309344.404140	3.450362	2.074693	2.071896
1.655630	470902.636620	4399160.529681	0.355467	-0.029165	0.354269	1543309344.505224	3.425370	2.084119	2.072143
1.656016	470902.650705	4399160.642672	0.253235	-0.021023	0.252361	1543309344.604141	3.604125	2.115493	2.073678
1.622731	470902.573721	4399160.700888	0.251242	-0.017649	0.250621	1543309344.705848	3.724234	2.071080	2.072253
1.641636	470902.587265	4399160.686234	0.000000	0.000000	0.000000	1543309344.804221	3.696310	2.073824	2.071749
1.641727	470902.584553	4399160.713348	0.000000	0.000000	0.000000	1543309344.905482	3.719729	2.079810	2.073075
1.643736	470902.596858	4399160.696822	0.000000	0.000000	0.000000	1543309344.998205	3.768883	2.093179	2.041611
1.641359	470902.575713	4399160.671744	0.000000	0.000000	0.000000	1543309345.102740	3.614761	2.097025	2.071943
1.638632	470902.585539	4399160.696157	0.000000	0.000000	0.000000	1543309345.205531	3.717451	2.088906	2.073307
1.645677	470902.593217	4399160.701071	0.000000	0.000000	0.000000	1543309345.306960	3.672591	2.090942	2.039063
1.646177	470902.602360	4399160.663972	0.000000	0.000000	0.000000	1543309345.403646	3.663979	2.078390	2.072982
