front	position-x	position-y	speed	speed-x	speed-y	timestamp	v-x	v-y	v-z
1.718758	470784.545656	4399368.744299	13.503625	1.013062	-13.465570	1543460255.842656	12.000000	2.200000	2.000000
1.718778	470784.653198	4399367.549219	13.510530	0.800105	-13.486817	1543460255.939015	12.000000	2.200000	2.000000
1.718757	470784.877439	4399365.159146	13.505962	1.025502	-13.466972	1543460256.039064	12.000000	2.200000	2.000000
1.718754	470784.770117	4399364.144253	13.512612	0.744822	-13.492069	1543460256.155635	12.000000	2.200000	2.000000
1.718756	470784.862983	4399363.147493	13.511773	0.749983	-13.490943	1543460256.230384	12.000000	2.200000	2.000000
1.718763	470785.262724	4399360.973954	13.502445	1.058842	-13.460865	1543460256.340133	12.000000	2.200000	2.000000
1.718754	470785.355407	4399359.977779	13.504200	1.069636	-13.461772	1543460256.444534	12.000000	2.200000	2.000000
1.718719	470785.562831	4399357.787343	13.507566	0.981849	-13.471834	1543460256.554682	12.000000	2.200000	2.000000
1.718734	470785.652326	4399356.790731	13.504077	1.069897	-13.461628	1543460256.637912	12.000000	2.200000	2.000000
1.718741	470785.744741	4399355.793969	13.504284	1.072263	-13.461647	1543460256.739821	12.000000	2.200000	2.000000
1.718739	470785.928570	4399353.800991	13.503595	1.089805	-13.459547	1543460256.842658	12.000000	2.200000	2.000000
1.718751	470786.037355	4399352.605218	13.505816	1.039900	-13.465722	1543460256.957650	12.000000	2.200000	2.000000
1.718738	470786.112217	4399351.808671	13.505741	1.038829	-13.465730	1543460257.044503	12.000000	2.200000	2.000000
1.718721	470786.299029	4399349.816268	13.506424	0.996511	-13.469612	1543460257.139809	4.400000	1.800000	2.000000
1.718711	470786.393343	4399348.820125	13.504173	1.074537	-13.461354	1543460257.239009	4.400000	1.800000	2.000000
1.718717	470786.594439	4399346.629068	13.504516	1.045520	-13.463984	1543460257.360401	4.400000	1.800000	2.000000
1.718719	470786.667427	4399345.832329	13.505746	1.038515	-13.465759	1543460257.440332	4.400000	1.800000	2.000000
1.718724	470786.758737	4399344.836736	13.505270	1.061419	-13.463495	1543460257.539451	4.400000	1.800000	2.000000
1.718830	470786.933184	4399342.843615	13.505643	1.037246	-13.465754	1543460257.639362	4.400000	1.800000	2.000000
1.718824	470787.027010	4399341.847563	13.505108	1.065643	-13.462999	1543460257.753670	4.400000	1.800000	2.000000
1.718833	470786.918561	4399340.833200	13.504658	1.087701	-13.460784	1543460257.838605	4.400000	1.800000	2.000000
0.080466	470787.299461	4399337.351589	13.496195	1.122567	-13.449429	1543460257.946259	0.586084	0.272169	0.010000
0.095103	470787.083787	4399335.981260	13.486341	1.121949	-13.439591	1543460258.043606	1.320173	0.277373	0.027188
-1.672571	470787.236460	4399335.600550	13.477780	1.124051	-13.430825	1543460258.161743	2.192961	0.929401	0.984020
-1.672571	470787.358104	4399334.281201	13.469249	1.118446	-13.422732	1543460258.242322	2.211663	0.961401	0.972506
-1.541469	470787.230963	4399332.761446	13.463154	1.126018	-13.415983	1543460258.341382	1.771341	1.299313	0.958689
-1.571329	470787.218427	4399332.305869	13.457647	1.116238	-13.411274	1543460258.445082	0.053164	0.987993	0.451697
-1.559775	470787.385298	4399330.129263	13.452028	1.120703	-13.405263	1543460258.558268	1.759464	0.973042	0.923396
-1.545826	470787.543403	4399329.649825	13.446373	1.121051	-13.399559	1543460258.642897	0.090775	0.957917	0.438071
-1.537097	470787.670986	4399327.895199	13.440738	1.126065	-13.393484	1543460258.740521	0.843470	1.475853	1.603128
-1.530405	470787.875161	4399326.941015	13.435165	1.125883	-13.387907	1543460258.842440	0.165680	0.923131	1.569821
-1.521520	470787.813818	4399323.864378	13.429895	1.087877	-13.385761	1543460259.041819	0.755480	1.209169	1.526666
-1.519264	470788.110806	4399322.674466	13.429737	1.023973	-13.390643	1543460259.141366	0.446801	1.758010	1.500277
-1.509228	470788.293257	4399321.158404	13.429893	0.971686	-13.394695	1543460259.241734	0.863204	1.716861	1.459349
-1.505642	470788.327274	4399319.933166	13.260660	0.864247	-13.232467	1543460259.353221	1.224384	1.941626	1.451213
-1.501732	470788.514677	4399319.239648	13.476161	0.929489	-13.444068	1543460259.441483	1.684025	2.023019	1.426742
-1.498659	470788.526235	4399317.628645	13.689764	0.986771	-13.654154	1543460259.542009	2.079315	1.874559	1.821434
-1.488947	470788.870151	4399315.758686	13.846440	1.131542	-13.800127	1543460259.640793	1.036196	1.807333	1.785322
-1.488028	470788.940601	4399314.957264	13.955615	1.154371	-13.907790	1543460259.756632	2.104997	1.887577	1.753881
-1.492603	470788.786733	4399313.575849	13.998753	1.094247	-13.955920	1543460259.842194	2.057600	1.696251	1.713161
-1.493319	470789.097275	4399312.297896	14.016338	1.085058	-13.974276	1543460259.942808	1.994902	1.654225	1.685967
-1.490769	470789.098016	4399310.924994	14.141963	1.130160	-14.096732	1543460260.041388	1.989569	1.700023	1.644659
-1.494829	470789.244338	4399309.547648	14.074970	1.068337	-14.034367	1543460260.145628	2.087074	1.805434	1.611403
-1.493367	470789.421818	4399308.241110	14.093438	1.089835	-14.051237	1543460260.243578	2.019390	1.769622	1.569425
-1.487928	470789.511158	4399306.894333	14.078307	1.164158	-14.030091	1543460260.339509	2.047866	1.899984	1.554774
-1.485871	470789.681383	4399305.575273	14.123761	1.197781	-14.072880	1543460260.440952	2.016670	1.494248	1.840246
-1.487306	470789.821272	4399303.133576	14.231099	1.186707	-14.181534	1543460260.555922	2.287078	1.544986	1.784098
-1.486509	470789.814776	4399301.868719	14.337473	1.206968	-14.286580	1543460260.637217	2.163406	1.691770	1.734168
-1.489317	470790.056113	4399300.417753	14.515468	1.181807	-14.467278	1543460260.742832	2.439129	1.714432	1.699331
-1.485897	470790.159499	4399299.117715	14.732629	1.248823	-14.679605	1543460260.837372	2.463058	1.841632	1.659328
-1.488324	470790.287795	4399297.769158	14.868326	1.225110	-14.817767	1543460260.954663	2.391705	1.777157	1.611828
-1.485878	470790.353454	4399296.430656	14.750765	1.250381	-14.697674	1543460261.036756	2.463997	1.751797	1.575781
-1.484911	470790.536278	4399295.120864	14.665932	1.257415	-14.611929	1543460261.145903	2.613397	1.779553	1.863782
-1.483899	470790.658800	4399293.766757	14.455190	1.253963	-14.400698	1543460261.240194	2.479208	1.812289	1.858175
-1.484782	470790.805664	4399291.395997	13.504370	1.160676	-13.454398	1543460261.444296	3.079736	1.797846	1.792718
-1.482712	470790.939064	4399290.199662	14.033759	1.234942	-13.979318	1543460261.543146	3.386213	1.717463	1.880325
-1.482476	470791.077353	4399288.787714	13.510782	1.192230	-13.458076	1543460261.641111	3.230482	1.793464	1.872488
-1.482248	470791.112002	4399287.734753	13.505094	1.194821	-13.452136	1543460261.746760	3.698794	2.036172	1.875918
-1.481757	470791.140627	4399286.772691	13.505301	1.200964	-13.451797	1543460261.842588	4.622055	1.971553	1.813858
-1.484207	470791.209084	4399285.459946	13.501833	1.168013	-13.451217	1543460261.939377	4.681733	2.057132	1.757119
-1.485659	470791.358794	4399284.125195	13.501775	1.148295	-13.452856	1543460262.041545	4.641699	1.990786	1.882807
-1.485582	470791.558574	4399282.826213	13.503820	1.149289	-13.454823	1543460262.157275	4.689157	1.835424	1.875358
-1.486898	470791.679434	4399281.091445	13.502658	1.131671	-13.455152	1543460262.238125	3.924523	1.819268	1.874820
-1.486385	470791.758728	4399279.525970	13.503840	1.138418	-13.455769	1543460262.342861	3.474124	1.968192	1.887631
-1.486308	470791.839633	4399278.528162	13.502440	1.139430	-13.454278	1543460262.445608	4.074926	1.993628	1.893058
-1.485734	470791.938259	4399277.167350	13.452070	1.142528	-13.403462	1543460262.557106	3.988852	2.084100	1.884999
-1.484021	470792.130677	4399275.854829	13.460921	1.165988	-13.410327	1543460262.644459	4.196775	1.989471	1.875935
-1.483943	470792.320155	4399273.117205	13.450374	1.166273	-13.399715	1543460262.868732	4.105505	2.003235	2.064746
-1.482435	470792.446318	4399271.759222	13.424574	1.184475	-13.372218	1543460262.940491	4.158376	2.009265	2.051790
-1.481900	470792.492076	4399270.927608	13.460012	1.194948	-13.406865	1543460263.044404	5.022223	2.004704	2.046132
-1.485162	470792.579592	4399269.513609	13.453295	1.151098	-13.403959	1543460263.155103	4.932936	1.958577	2.047287
-1.482316	470792.733150	4399268.173925	13.255965	1.171028	-13.204140	1543460263.245682	4.843158	2.009281	1.864779
-1.482074	470792.865628	4399266.501862	13.253629	1.174336	-13.201501	1543460263.342700	4.141460	2.050195	2.032176
-1.482428	470792.985829	4399265.163655	13.252708	1.169670	-13.200990	1543460263.448082	4.269467	1.991432	2.030605
-1.481800	470793.105654	4399263.831238	13.254134	1.177985	-13.201682	1543460263.560911	4.184123	1.997880	2.023256
-1.480429	470793.187652	4399262.482518	13.255378	1.188671	-13.201974	1543460263.642781	4.060860	1.995867	2.030189
-1.492938	470793.298427	4399261.231107	13.254836	1.182425	-13.201990	1543460263.745786	4.204412	2.010402	2.032396
-1.471880	470793.415503	4399259.885675	13.254911	1.189048	-13.201470	1543460263.840209	4.294768	2.047560	2.030892
-1.470622	470793.513626	4399258.570554	13.256563	1.190887	-13.202964	1543460263.959917	4.370208	2.054086	2.034198
-1.487939	470793.648675	4399257.277125	13.255744	1.204090	-13.200944	1543460264.045816	4.249001	2.049950	2.025319
-1.486850	470793.979410	4399253.313823	13.224227	1.205941	-13.169127	1543460264.362033	4.431201	2.070340	2.033750
-1.504510	470794.079996	4399252.104180	13.160682	1.231054	-13.102979	1543460264.446509	4.546510	2.056310	2.086686
-1.490666	470794.137061	4399250.772106	13.135422	1.238416	-13.076912	1543460264.545628	4.613286	2.154557	2.072459
-1.503173	470794.285385	4399249.492102	13.175821	1.297558	-13.111773	1543460264.646242	4.667183	2.051244	2.070188
-1.498996	470794.418277	4399248.178226	13.189068	1.348433	-13.119956	1543460264.763533	4.631018	2.013468	2.059169
-1.513219	470794.560304	4399246.967973	13.006122	1.163755	-12.953953	1543460264.844820	4.768540	2.008019	2.075079
-1.495291	470794.647132	4399245.639469	12.508830	1.068795	-12.463086	1543460264.946172	4.635475	1.986587	2.062758
-1.487219	470794.808434	4399244.454787	12.502741	1.060688	-12.457667	1543460265.053245	4.675105	1.966774	2.041717
-1.497625	470794.864908	4399243.290500	12.501016	1.017516	-12.459538	1543460265.160768	4.632538	2.037197	1.846895
-1.495980	470794.999795	4399242.024856	12.255587	0.974569	-12.216777	1543460265.246284	4.408840	1.942597	2.050626
-1.488237	470795.188391	4399240.893511	12.252543	0.983973	-12.212969	1543460265.346558	4.416459	1.717891	2.033553
-1.494905	470795.161259	4399239.627457	12.252651	0.968232	-12.214335	1543460265.448213	4.387923	1.938524	2.054103
-1.480114	470795.459840	4399237.061287	12.253451	1.020593	-12.210875	1543460265.648830	4.419330	1.791566	2.053190
-1.498866	470795.532055	4399235.780871	12.253247	0.984614	-12.213623	1543460265.741547	4.358380	1.796271	2.061937
-1.497392	470795.670154	4399234.420861	12.253415	0.958812	-12.215844	1543460265.842317	4.318245	1.875669	2.026768
-1.499968	470795.885228	4399231.781528	12.735422	0.966877	-12.698667	1543460266.043747	4.318157	1.895544	2.033056
-1.461798	470796.120378	4399229.205572	13.270911	0.918753	-13.239070	1543460266.244460	4.369086	1.775513	2.028369
-1.449603	470796.233434	4399227.787190	13.047487	0.901256	-13.016323	1543460266.347979	4.437513	1.698344	2.035318
-1.460271	470796.477254	4399225.146795	13.135046	0.928587	-13.102181	1543460266.544009	4.368885	1.753317	2.037684
-1.458070	470796.555739	4399223.902558	13.162391	0.947781	-13.128223	1543460266.646154	4.426893	1.726095	2.037162
-1.467692	470796.612001	4399222.510920	13.180883	0.958694	-13.145972	1543460266.757776	4.382267	1.800045	2.036956
-1.495601	470796.751198	4399221.249013	13.181249	0.990535	-13.143978	1543460266.845893	4.430214	1.774605	2.042037
-1.493625	470797.016250	4399218.570276	13.236364	1.020645	-13.196955	1543460267.042114	4.284721	1.876873	2.046784
-1.494179	470797.052460	4399217.195041	13.312804	1.019394	-13.273718	1543460267.148719	4.315258	1.888461	2.043817
-1.491192	470797.336517	4399214.597467	13.500400	1.073528	-13.457650	1543460267.343719	4.260335	1.859550	2.050495
-1.489971	470797.397057	4399213.219237	13.333148	1.075897	-13.289668	1543460267.445916	4.313883	1.867237	2.049257
-1.489681	470797.506514	4399212.148554	13.327266	1.080026	-13.283432	1543460267.557936	3.920092	1.741696	2.054406
-1.489654	470797.609583	4399210.943806	13.350447	1.082151	-13.306517	1543460267.645117	3.455599	1.770194	2.056393
-1.491211	470797.721198	4399209.626783	13.355155	1.062138	-13.312852	1543460267.741479	3.414549	1.702859	2.078021
-1.493322	470797.800410	4399208.118904	13.300666	1.029391	-13.260772	1543460267.844557	3.793632	1.805455	2.075968
-1.493322	470797.953609	4399206.884465	13.306167	1.029810	-13.266257	1543460267.957182	3.697315	1.802242	2.080491
-1.493350	470798.037044	4399205.291943	13.352747	1.032806	-13.312744	1543460268.048065	4.060791	1.838303	1.855849
-1.492144	470798.099178	4399204.147389	13.328322	1.046901	-13.287143	1543460268.139868	3.800688	1.828162	1.845888
-1.491293	470798.266113	4399202.657249	13.286733	1.054905	-13.244789	1543460268.245598	4.205443	1.860519	1.839790
-1.489925	470798.404945	4399201.330781	13.340250	1.077290	-13.296680	1543460268.359826	3.950014	1.777706	1.754889
-1.491129	470798.481376	4399200.265592	13.338967	1.061609	-13.296655	1543460268.442853	3.424043	1.758847	1.720898
-1.491166	470798.548602	4399199.373273	13.336489	1.060885	-13.294227	1543460268.539011	2.489339	1.729980	1.857955
-1.489780	470798.750291	4399197.355459	13.503064	1.092670	-13.458782	1543460268.647067	3.798159	1.799729	1.846202
-1.488856	470798.827110	4399196.250357	13.348864	1.092541	-13.304079	1543460268.754630	3.468277	1.745762	1.837875
-1.488070	470798.972997	4399194.650676	13.503394	1.115772	-13.457217	1543460268.845096	3.864663	1.699246	1.784796
-1.485807	470799.053089	4399193.988098	13.502835	1.146077	-13.454109	1543460268.944723	2.562785	1.672351	1.752866
-1.488117	470799.272742	4399190.872829	13.362158	1.103862	-13.316484	1543460269.168957	3.481851	1.746160	1.826662
-1.492656	470799.302395	4399189.096016	13.365264	1.043745	-13.324447	1543460269.355748	1.660845	1.801985	1.601608
-1.493667	470799.557187	4399187.771266	13.414603	1.033701	-13.374716	1543460269.444257	1.847110	1.675318	1.645396
-1.491035	470799.689577	4399186.551674	13.365780	1.064484	-13.323323	1543460269.566437	1.567402	1.571988	1.683847
-1.489567	470799.761037	4399185.177232	13.371134	1.084438	-13.327085	1543460269.639848	1.507473	1.678782	1.726940
-1.492118	470799.830486	4399183.697954	13.258439	1.041996	-13.217430	1543460269.750594	1.847555	1.747883	1.784595
-1.490222	470799.920591	4399182.115267	13.258360	1.066997	-13.215356	1543460269.841753	2.467094	1.708114	1.770105
-1.489975	470800.061315	4399180.674004	13.257073	1.070287	-13.213799	1543460269.972241	2.765751	1.737128	1.498869
-1.494488	470800.247552	4399178.714483	13.009485	0.991905	-12.971616	1543460270.159201	1.599203	1.730537	1.563135
