front	position-x	position-y	speed	speed-x	speed-y	timestamp	v-x	v-y	v-z
-1.477128	470937.094968	4398732.946480	0.000000	0.000000	0.000000	1543370624.178432	3.261245	1.909707	2.060392
-1.471594	470937.031565	4398732.950739	0.000000	0.000000	0.000000	1543370624.288229	3.264913	1.858091	2.059559
-1.475084	470937.208476	4398732.946744	0.000000	0.000000	0.000000	1543370624.379171	3.299938	1.962296	2.064613
-1.470387	470937.019130	4398732.958468	0.000000	0.000000	0.000000	1543370624.499321	3.257337	1.830010	2.059635
-1.471397	470937.090310	4398732.930708	0.000000	0.000000	0.000000	1543370624.580367	3.244596	1.875625	2.064807
-1.474104	470937.208681	4398732.954681	0.000000	0.000000	0.000000	1543370624.687831	3.299147	1.964837	2.063742
-1.471413	470937.172701	4398732.963134	0.000000	0.000000	0.000000	1543370624.780279	3.264350	2.136803	2.064487
-1.471382	470937.054458	4398732.932496	0.000000	0.000000	0.000000	1543370624.887691	3.236552	1.804022	2.058957
-1.471446	470937.216489	4398732.973909	0.000000	0.000000	0.000000	1543370624.984378	3.292777	2.044841	2.064818
-1.471651	470937.107973	4398732.933262	0.000000	0.000000	0.000000	1543370625.087613	3.204046	1.907086	2.060440
-1.467486	470937.175682	4398732.981423	0.000000	0.000000	0.000000	1543370625.189494	3.269808	2.137094	2.062465
-1.467908	470937.217132	4398732.971596	0.000000	0.000000	0.000000	1543370625.284403	3.269438	2.053019	2.058323
-1.467701	470937.107724	4398732.977563	0.000000	0.000000	0.000000	1543370625.388170	3.241017	1.909970	2.065338
-1.473964	470937.204301	4398732.997560	0.000000	0.000000	0.000000	1543370625.486936	3.267326	1.965134	2.072416
-1.475689	470937.153027	4398732.976392	0.000000	0.000000	0.000000	1543370625.587145	3.230165	2.068990	2.075361
-1.475662	470937.224885	4398733.031796	0.000000	0.000000	0.000000	1543370625.687002	3.260648	2.008273	1.912092
-1.478952	470937.155690	4398733.053224	0.000000	0.000000	0.000000	1543370625.785826	3.235018	2.047135	1.915655
-1.479290	470937.200686	4398733.116731	0.000000	0.000000	0.000000	1543370625.886281	3.258618	1.958023	1.923291
-1.476244	470937.094723	4398733.262799	0.883940	-0.118633	0.875943	1543370626.086843	3.254088	1.933671	1.937667
-1.479289	470937.153143	4398733.176979	0.000000	0.000000	0.000000	1543370625.986423	3.250479	2.053975	1.935117
-1.473117	470936.993816	4398733.886714	1.922495	-0.228959	1.908812	1543370626.491672	3.212689	1.873858	1.955122
1.644953	470937.009805	4398734.165896	2.222828	-0.165088	2.216689	1543370626.585727	3.259371	2.103125	1.962417
1.632536	470936.976030	4398734.432006	2.841284	-0.175433	2.835863	1543370626.686377	3.227784	2.117306	1.957461
1.664974	470936.939928	4398734.740678	3.154999	-0.296199	3.141064	1543370626.787532	3.245518	1.891959	1.962486
1.659087	470936.695468	4398737.225013	4.975642	-0.438581	4.956275	1543370627.390363	3.212815	1.860816	1.990357
1.649494	470936.728313	4398737.822560	5.292984	-0.416245	5.276592	1543370627.490359	3.139935	2.029575	1.993196
1.640598	470936.693186	4398738.418608	5.690072	-0.396967	5.676208	1543370627.588094	3.220040	2.056048	1.994017
1.642935	470936.681481	4398738.992831	6.007604	-0.432788	5.991994	1543370627.687169	3.193960	1.976941	1.983139
1.657166	470936.612769	4398739.561510	6.328695	-0.545357	6.305154	1543370627.777516	3.121089	1.948540	1.975280
1.667329	470936.538254	4398739.808644	6.702523	-0.645575	6.671360	1543370627.888389	2.306095	1.779113	1.973418
1.669165	470936.423617	4398740.486328	6.771462	-0.664874	6.738742	1543370627.978722	2.358953	1.711871	1.978740
1.659753	470936.353124	4398741.629736	7.098028	-0.630945	7.069930	1543370628.086415	3.205161	1.774331	1.974811
1.658198	470936.324530	4398742.405023	7.411413	-0.647151	7.383105	1543370628.178558	3.170238	1.782352	1.800813
1.654101	470936.274696	4398743.175014	7.794901	-0.648761	7.767857	1543370628.287177	3.190047	1.812549	1.833691
1.651365	470936.200462	4398743.946409	7.870432	-0.633329	7.844909	1543370628.377951	3.166955	1.782916	1.974560
1.660169	470936.061150	4398744.767061	8.174551	-0.728995	8.141981	1543370628.485541	3.206208	1.849081	1.962146
1.669526	470936.053489	4398745.094318	8.602142	-0.847592	8.560283	1543370628.577258	2.203993	1.687436	1.958341
1.643289	470936.060843	4398746.432543	8.678649	-0.629820	8.655766	1543370628.690576	3.147918	1.937082	1.961651
1.661952	470935.838115	4398747.272126	8.792825	-0.799702	8.756383	1543370628.779819	3.283290	1.757774	1.968284
1.651164	470935.802405	4398749.081191	9.292050	-0.745629	9.262086	1543370628.977355	3.209703	1.942178	1.963690
1.655414	470935.744006	4398749.969715	9.354728	-0.790161	9.321298	1543370629.088718	3.163352	1.903943	1.982699
1.631564	470935.669917	4398750.865010	9.457768	-0.575470	9.440244	1543370629.179745	3.180393	1.817206	1.987085
1.645005	470935.488471	4398751.769450	9.609400	-0.711843	9.582998	1543370629.289191	3.134507	1.849009	2.000944
1.643739	470935.481474	4398752.708978	9.682805	-0.705889	9.657041	1543370629.388685	3.176840	1.915607	2.014099
1.658550	470935.458717	4398753.653947	9.742628	-0.853416	9.705178	1543370629.489619	3.174410	1.963081	2.039607
1.650451	470935.290609	4398754.572405	9.743628	-0.776104	9.712669	1543370629.586996	3.179020	1.709442	2.048215
1.642336	470935.237845	4398755.523079	9.805518	-0.701657	9.780381	1543370629.687646	3.188048	1.829478	2.049670
1.659355	470935.128780	4398756.415272	9.970052	-0.881378	9.931018	1543370629.787607	3.098109	1.753029	2.048788
1.645783	470935.113565	4398757.024332	10.053047	-0.754462	10.024696	1543370629.885573	2.374118	1.767976	2.043055
1.644001	470934.965535	4398758.590431	9.986111	-0.731841	9.959258	1543370630.087750	1.560546	1.742956	1.818636
1.653422	470934.859100	4398759.546217	10.165998	-0.838677	10.131344	1543370630.187229	1.509190	1.701585	1.855608
1.655365	470934.822785	4398760.552124	10.238151	-0.864371	10.201598	1543370630.286808	1.529561	1.722307	1.879842
1.639895	470934.767730	4398761.565187	10.381729	-0.717188	10.356927	1543370630.392672	1.529245	1.747315	1.901086
1.647005	470934.736301	4398762.573603	10.463076	-0.795900	10.432761	1543370630.485557	1.520712	1.802265	1.922537
1.636870	470934.582376	4398764.617358	10.543717	-0.696523	10.520685	1543370630.690013	1.529729	1.808901	1.980982
1.655446	470934.400269	4398767.059995	10.705992	-0.904157	10.667744	1543370630.892958	2.192910	1.851753	1.760307
1.633218	470934.270573	4398768.006838	10.764630	-0.672427	10.743608	1543370630.987575	2.010325	1.675938	1.781580
1.644678	470934.260284	4398769.073078	10.814299	-0.797436	10.784858	1543370631.089135	2.026232	1.812728	1.842651
1.630675	470934.115322	4398770.267863	10.901467	-0.652870	10.881900	1543370631.190734	2.257961	1.748362	1.817080
1.630456	470934.044528	4398771.308286	10.900787	-0.649904	10.881396	1543370631.290718	2.245748	1.682282	1.833998
1.643279	470933.921968	4398772.352628	10.918842	-0.790049	10.890222	1543370631.389341	2.190471	1.698610	1.878014
1.646245	470933.804406	4398773.495982	10.960585	-0.825687	10.929440	1543370631.487475	2.312799	1.717361	1.898996
1.658608	470933.817000	4398774.563518	11.037516	-0.966990	10.995076	1543370631.587091	2.297512	1.836968	1.900926
1.640646	470933.672642	4398775.557358	11.071789	-0.773499	11.044737	1543370631.691562	2.181709	1.673481	1.857927
1.656607	470933.513556	4398776.629108	11.066439	-0.947582	11.025795	1543370631.786657	2.197174	1.522424	1.623498
1.657046	470933.457024	4398777.769685	10.986893	-0.946691	10.946031	1543370631.887143	2.305494	1.677114	1.891227
1.648444	470933.457804	4398778.888557	11.067851	-0.859159	11.034453	1543370631.987733	2.315556	1.778667	1.938462
1.659702	470933.333095	4398779.504744	11.237054	-0.997717	11.192674	1543370632.089816	1.374367	1.732896	1.983788
1.646180	470933.325326	4398780.485907	11.119352	-0.838540	11.087688	1543370632.188396	1.154927	1.806338	2.011531
1.647444	470933.178745	4398781.458968	11.123008	-0.852180	11.090316	1543370632.288879	0.929213	1.640204	1.958032
1.635494	470933.114882	4398783.147637	11.071082	-0.716874	11.047848	1543370632.389410	2.162740	1.723035	1.708848
1.654454	470932.934580	4398784.322881	11.056577	-0.923166	11.017970	1543370632.494801	2.331075	1.411066	1.717176
1.633324	470932.927251	4398785.366031	11.008567	-0.689263	10.986968	1543370632.588795	2.251069	1.687041	1.727361
1.655391	470932.831952	4398786.516113	11.025014	-0.930472	10.985680	1543370632.688980	2.346204	1.674219	1.719037
1.642277	470932.741352	4398787.618137	10.978599	-0.785212	10.950483	1543370632.792434	2.310133	1.683901	1.991926
1.649531	470932.753370	4398788.662866	11.059893	-0.869899	11.025630	1543370632.889497	2.160974	1.808412	2.026506
1.647836	470932.648299	4398789.289464	11.057524	-0.851211	11.024713	1543370632.986297	1.218979	1.693582	2.053273
1.646163	470932.620084	4398790.323785	11.016204	-0.829198	10.984952	1543370633.085635	1.097855	1.697132	2.055443
1.637649	470932.517935	4398792.060974	10.987502	-0.733814	10.962970	1543370633.188898	2.409140	1.746061	2.054776
1.645519	470932.352929	4398793.174619	10.977388	-0.818070	10.946863	1543370633.287132	2.417201	1.623973	2.032091
1.646518	470932.289939	4398794.174259	11.027972	-0.833127	10.996457	1543370633.390171	2.290623	1.739690	1.775491
1.657083	470932.083058	4398795.285205	11.060395	-0.951263	11.019412	1543370633.487309	2.321634	1.631115	1.781151
1.673429	470932.040467	4398796.315514	11.034351	-1.129209	10.976419	1543370633.588373	2.268880	1.458338	1.790079
1.647920	470931.985902	4398797.306865	11.059243	-0.853618	11.026250	1543370633.689675	2.099680	1.621203	1.790908
1.664685	470931.922120	4398798.237028	10.935969	-1.025039	10.887824	1543370633.785415	1.644387	1.451441	1.792130
1.664161	470931.766207	4398799.577301	10.853245	-1.012729	10.805892	1543370633.889664	2.279665	1.467406	1.792957
1.643492	470931.696745	4398801.825939	10.943147	-0.795341	10.914207	1543370634.090452	2.331832	1.659891	1.797407
1.652512	470931.466430	4398802.942568	10.974167	-0.895393	10.937578	1543370634.188767	2.380477	1.478213	1.796082
1.653254	470931.458878	4398804.049527	11.034215	-0.908894	10.996718	1543370634.289390	2.359778	1.563532	1.784053
1.647582	470931.408999	4398805.118613	11.005976	-0.844754	10.973509	1543370634.388726	2.330340	1.739329	1.786497
1.642533	470931.346676	4398806.128244	10.807508	-0.774931	10.779690	1543370634.491966	2.342962	1.731444	1.800545
1.651845	470931.321131	4398806.907684	10.672739	-0.863454	10.637753	1543370634.586655	1.517329	1.652958	1.795935
1.659269	470931.210046	4398808.027178	10.789846	-0.952999	10.747678	1543370634.691981	1.545591	1.451208	1.793042
1.643091	470931.054020	4398809.387877	10.786207	-0.779768	10.757984	1543370634.787780	2.315831	1.714975	1.790779
1.649685	470930.988444	4398810.442370	10.802821	-0.850763	10.769268	1543370634.886874	2.340708	1.632772	1.790514
1.651120	470930.927604	4398811.511505	10.908981	-0.874951	10.873837	1543370634.989968	2.213653	1.718874	1.788140
1.641869	470930.786731	4398812.631965	10.910860	-0.774729	10.883320	1543370635.089416	2.305576	1.628395	1.780979
1.645420	470930.703332	4398813.701746	10.891578	-0.811835	10.861279	1543370635.188762	2.315184	1.607982	1.777942
1.671800	470930.553669	4398814.699931	10.887969	-1.096586	10.832606	1543370635.296316	2.150532	1.685076	1.768267
1.656963	470930.612807	4398815.519998	10.957410	-0.943940	10.916676	1543370635.387795	1.541831	1.608283	1.762929
1.668083	470930.383148	4398816.610487	10.891062	-1.057136	10.839635	1543370635.488500	1.548880	1.692895	1.761773
1.655586	470930.366700	4398817.689620	10.894148	-0.923232	10.854958	1543370635.590799	1.457965	1.615607	2.002267
1.645098	470930.297533	4398818.751815	10.877097	-0.807916	10.847051	1543370635.685856	1.462185	1.610210	1.663550
1.647199	470930.164898	4398820.194317	10.838168	-0.827198	10.806555	1543370635.787670	2.204756	1.691208	1.655238
1.643348	470930.126273	4398820.866912	10.808469	-0.783893	10.780005	1543370635.890294	1.398146	1.682073	1.649399
1.647155	470930.092424	4398821.955893	10.733373	-0.819127	10.702071	1543370635.984324	1.404918	1.586303	1.644431
1.647164	470929.873903	4398824.130458	10.791782	-0.825047	10.760198	1543370636.190961	1.473431	1.661302	1.626280
1.672415	470929.781887	4398825.139435	10.722270	-1.086616	10.667068	1543370636.296634	1.367276	1.831173	1.622661
1.657269	470929.374286	4398830.552905	10.640935	-0.920962	10.601006	1543370636.802420	1.497900	1.683490	1.974313
1.650606	470929.313046	4398831.625709	10.638952	-0.848467	10.605065	1543370636.890833	1.531633	1.758069	1.916055
1.649683	470929.095827	4398833.930637	10.662742	-0.840654	10.629552	1543370637.089462	1.851269	1.761152	1.558643
1.647988	470928.980414	4398835.117962	10.692957	-0.824450	10.661126	1543370637.186167	2.081038	1.755802	1.548007
1.656124	470928.978846	4398835.871341	10.872963	-0.925901	10.833468	1543370637.290115	1.612356	1.753364	1.879977
1.654418	470928.744025	4398836.901014	10.860833	-0.907018	10.822893	1543370637.390199	1.530506	1.466026	1.870895
1.654941	470928.696867	4398837.993035	10.818490	-0.909083	10.780227	1543370637.489020	1.576377	1.729373	1.851052
1.643863	470928.683904	4398839.107376	10.928016	-0.798230	10.898824	1543370637.587787	1.527443	1.713279	1.845049
1.639383	470928.625275	4398840.196323	10.919870	-0.748432	10.894192	1543370637.688180	1.530196	1.788365	1.843688
1.664228	470928.391735	4398841.249900	10.788954	-1.005098	10.742035	1543370637.787804	1.627232	1.678795	1.829159
1.646539	470928.394691	4398842.328235	10.804173	-0.818264	10.773143	1543370637.887214	1.605105	1.671735	1.811427
1.631276	470928.343972	4398843.739562	10.802065	-0.653385	10.782287	1543370637.987813	2.260365	1.737912	1.865731
1.650749	470928.214610	4398844.362199	10.771358	-0.859380	10.737021	1543370638.089085	1.529883	1.765021	1.804052
1.649561	470928.098134	4398845.526575	10.426413	-0.820766	10.394057	1543370638.189900	1.536044	1.643916	1.783035
1.649729	470928.019826	4398846.932153	10.389112	-0.819557	10.356735	1543370638.287182	2.289230	1.576026	1.784403
1.652147	470927.866736	4398847.579237	10.397082	-0.844763	10.362707	1543370638.387757	1.636735	1.631261	1.780410
1.652275	470927.855545	4398848.651196	10.524209	-0.856488	10.489300	1543370638.489913	1.611370	1.638348	1.766654
1.648069	470927.773838	4398849.817487	10.653054	-0.822817	10.621230	1543370638.586994	1.611072	1.791492	2.052942
1.657562	470927.677229	4398850.860854	10.684886	-0.925569	10.644722	1543370638.688322	1.602598	1.759586	2.047733
1.654284	470927.555518	4398851.891160	10.576126	-0.882601	10.539234	1543370638.788114	1.666365	1.675838	1.740521
1.649362	470927.375343	4398854.367391	10.610730	-0.832783	10.577999	1543370638.990132	2.362461	1.759311	1.707263
1.650772	470927.331125	4398855.062449	10.750750	-0.858606	10.716409	1543370639.090242	1.431936	1.749119	1.696936
1.643953	470927.161703	4398857.228102	10.793429	-0.789713	10.764500	1543370639.291221	1.489123	1.735891	1.988152
1.653485	470927.006289	4398858.638494	10.740638	-0.886450	10.703995	1543370639.386415	2.429302	1.798691	1.682743
1.655719	470926.828123	4398860.412586	10.827548	-0.919032	10.788474	1543370639.588679	1.519739	1.707987	1.986075
1.641258	470926.844113	4398861.472875	10.805715	-0.761714	10.778834	1543370639.686915	1.444432	1.785382	1.955583
1.659517	470926.692363	4398862.528499	10.750916	-0.951339	10.708742	1543370639.785309	1.453903	1.689124	1.935897
1.650422	470926.599557	4398863.584684	10.746575	-0.854723	10.712531	1543370639.888583	1.432411	1.684372	1.931517
1.652801	470926.390549	4398865.778519	10.711507	-0.876691	10.675570	1543370640.088661	1.574746	1.757211	1.914018
1.660029	470926.353987	4398866.848601	10.709981	-0.954333	10.667377	1543370640.190549	1.574280	1.809946	1.911070
1.668920	470926.230846	4398867.931939	10.528456	-1.031355	10.477819	1543370640.288773	1.734727	1.718498	1.897640
1.645226	470926.154331	4398868.943064	10.586218	-0.788547	10.556808	1543370640.389983	1.638400	1.738356	1.889422
1.657479	470925.780720	4398870.503061	10.551624	-0.912655	10.512080	1543370640.490272	2.573151	2.372883	1.878883
1.655580	470926.057134	4398871.068670	10.717917	-0.907980	10.679387	1543370640.588285	1.523313	1.769143	1.865608
1.657677	470925.893461	4398872.152248	10.678574	-0.926676	10.638290	1543370640.688484	1.614595	1.761517	1.863057
1.664018	470925.843266	4398873.182779	10.761187	-1.001442	10.714488	1543370640.788268	1.664007	1.816221	2.032628
1.652740	470925.736383	4398874.488136	10.752602	-0.880219	10.716514	1543370640.889264	2.049153	1.808029	2.067647
1.646997	470925.575803	4398875.681152	10.731665	-0.817392	10.700491	1543370640.987250	2.287562	1.767585	1.775583
1.646140	470925.534226	4398876.346599	10.783344	-0.811917	10.752734	1543370641.089159	1.437682	1.829284	1.773592
1.659738	470925.485445	4398877.423812	10.645950	-0.945101	10.603916	1543370641.185597	1.538592	1.707741	1.761614
1.659400	470925.377645	4398878.546798	10.665211	-0.943680	10.623380	1543370641.289843	1.626048	1.710699	1.977763
1.662043	470925.207776	4398880.165334	10.887695	-0.991919	10.842417	1543370641.389393	2.748414	1.736475	1.796029
1.659007	470925.156042	4398880.759164	10.822820	-0.953427	10.780743	1543370641.488512	1.840985	1.722089	2.039447
1.642089	470925.062682	4398882.056914	10.838708	-0.772810	10.811122	1543370641.588265	2.253643	1.717126	1.992446
1.649626	470924.973508	4398883.110598	10.816479	-0.851256	10.782930	1543370641.689784	2.211889	1.706430	1.714878
1.648145	470924.836322	4398884.650814	10.771244	-0.832265	10.739042	1543370641.787227	3.170248	1.735592	1.711087
1.643332	470924.792729	4398885.724715	10.759142	-0.779783	10.730846	1543370641.891136	3.166267	1.799853	1.703912
1.654069	470924.767059	4398885.901541	10.638786	-0.884291	10.601972	1543370641.987233	1.461197	1.709832	1.949734
1.663435	470924.610279	4398887.266093	10.597500	-0.979959	10.552094	1543370642.090827	2.058357	1.668055	1.942141
1.644005	470924.469106	4398889.522088	10.733519	-0.785264	10.704756	1543370642.287465	2.222638	1.762972	1.927681
1.653605	470924.321831	4398891.082334	10.721176	-0.886207	10.684486	1543370642.391255	3.214156	1.797619	1.649303
1.639717	470924.315138	4398891.628957	10.565259	-0.728482	10.540114	1543370642.489886	2.299394	1.747266	1.637052
1.650875	470924.257187	4398892.312318	10.609773	-0.848178	10.575816	1543370642.586792	1.520433	1.731464	1.629106
1.656392	470924.063511	4398894.228064	10.667788	-0.911803	10.628750	1543370642.691251	3.217142	1.785389	1.850836
1.647849	470924.019310	4398895.317970	10.701130	-0.824233	10.669340	1543370642.787420	3.208874	1.850043	1.858829
1.639732	470924.049932	4398895.544318	10.795630	-0.744195	10.769949	1543370642.890973	1.487956	1.736459	1.861995
1.647275	470923.852741	4398897.469916	10.748527	-0.820977	10.717128	1543370642.989530	3.224199	1.793664	1.843836
1.651307	470923.813874	4398897.969520	10.452678	-0.840714	10.418814	1543370643.088212	2.319731	1.727612	1.841915
1.659259	470923.686244	4398899.162284	10.627247	-0.938593	10.585718	1543370643.189229	2.386793	1.712968	1.885987
1.643696	470923.650496	4398899.833913	10.596119	-0.772519	10.567921	1543370643.287859	1.620103	1.768484	1.887350
1.647340	470923.451829	4398902.511507	10.613831	-0.810977	10.582804	1543370643.490930	2.718110	1.822380	1.881948
1.655569	470923.359504	4398902.930033	10.523598	-0.890244	10.485875	1543370643.600143	1.511142	1.678504	2.073310
1.649734	470923.312373	4398903.995482	10.560219	-0.832961	10.527317	1543370643.688561	1.473438	1.730312	2.060284
1.650503	470923.226510	4398905.719629	10.668672	-0.849565	10.634792	1543370643.796369	2.728678	1.764306	1.861058
1.642699	470923.147230	4398906.590170	10.666306	-0.766870	10.638702	1543370643.886243	2.343679	1.791435	1.788374
1.646837	470923.022891	4398907.842501	10.643297	-0.808619	10.612535	1543370643.995720	2.741274	1.837042	1.869147
1.645761	470922.942872	4398908.920270	10.728384	-0.803533	10.698250	1543370644.088551	2.761433	1.828898	1.860261
1.652485	470922.837980	4398909.821401	10.731103	-0.875270	10.695348	1543370644.197907	2.395323	1.847531	1.756936
1.648523	470922.748479	4398911.027770	10.736972	-0.833929	10.704537	1543370644.288543	2.713902	1.842825	1.746652
1.648411	470922.748453	4398911.483861	10.612921	-0.823053	10.580958	1543370644.398401	1.595340	1.760543	1.883180
1.654175	470922.612656	4398913.380849	10.525900	-0.876337	10.489357	1543370644.487432	3.242035	1.838333	1.902148
1.649355	470922.535389	4398914.241921	10.695103	-0.839520	10.662103	1543370644.600085	2.739513	1.764363	1.947196
1.659859	470922.366997	4398915.507943	10.923376	-0.970998	10.880134	1543370644.689209	3.385561	1.749547	1.958394
1.650349	470922.313990	4398916.545278	10.942146	-0.870099	10.907496	1543370644.800511	3.255767	1.829119	1.936923
1.660338	470922.187008	4398917.667623	11.030845	-0.985837	10.986704	1543370644.889686	3.246598	1.803387	1.994490
1.658997	470922.127206	4398918.133030	10.848920	-0.955615	10.806751	1543370645.000146	2.133748	1.718439	2.068018
1.649916	470922.044616	4398919.777788	10.802353	-0.854183	10.768528	1543370645.089217	3.295606	2.075783	1.876699
1.651295	470921.980315	4398920.832926	10.758229	-0.864991	10.723399	1543370645.205041	3.266799	2.062832	1.863777
1.649745	470921.873203	4398921.891154	10.718409	-0.845334	10.685022	1543370645.287924	3.297766	1.777632	2.060479
1.649182	470921.808551	4398922.717503	10.552426	-0.826485	10.520010	1543370645.400722	2.823332	1.732349	2.040436
1.665753	470921.719950	4398923.769734	10.556910	-1.000401	10.509403	1543370645.487903	2.829343	1.811888	2.032970
1.651130	470921.627395	4398925.070483	10.559068	-0.848422	10.524927	1543370645.601793	3.328904	1.835583	2.047067
1.661094	470921.541968	4398926.180701	10.844791	-0.977747	10.800625	1543370645.689188	3.243735	2.006021	2.075230
1.650375	470921.347205	4398928.310950	10.827667	-0.860723	10.793402	1543370645.890896	3.241776	1.981514	2.040474
1.648862	470921.270489	4398929.371401	10.780049	-0.840749	10.747213	1543370645.999075	3.223673	1.810945	2.028227
1.651798	470921.171877	4398930.429460	10.726272	-0.867664	10.691121	1543370646.091766	3.224277	1.806309	2.027971
1.660399	470921.060387	4398931.485787	10.709781	-0.957743	10.666871	1543370646.196608	3.176126	1.944875	2.020051
1.656262	470920.974514	4398932.557044	10.575795	-0.903056	10.537169	1543370646.289377	3.181611	1.878181	2.012552
1.641336	470920.920226	4398933.638697	10.572376	-0.745904	10.546031	1543370646.403471	3.248157	1.922089	2.020281
1.652645	470920.779142	4398934.699270	10.701236	-0.874321	10.665459	1543370646.492249	3.227414	1.925234	2.048047
1.642953	470920.801896	4398935.771535	10.699723	-0.771782	10.671852	1543370646.599191	3.233333	1.898683	1.872460
1.653077	470920.615796	4398936.786139	10.637358	-0.873440	10.601438	1543370646.689498	3.191715	1.814579	1.909681
1.653369	470920.567475	4398937.889941	10.719337	-0.883785	10.682842	1543370646.797867	3.215349	1.915959	1.885794
1.652964	470920.484141	4398938.943280	10.711712	-0.879053	10.675582	1543370646.891279	3.189669	2.072049	2.029993
1.661088	470920.351027	4398939.980314	10.652388	-0.959950	10.609046	1543370646.999085	3.175776	2.058908	2.016815
1.656314	470920.269237	4398941.073237	10.688220	-0.912923	10.649160	1543370647.089163	3.220142	1.766158	2.007123
1.656674	470920.134005	4398942.138316	10.699569	-0.917194	10.660185	1543370647.199788	3.234267	2.035333	1.967955
1.666816	470920.134343	4398943.191884	10.664081	-1.021647	10.615030	1543370647.292128	3.206568	2.021354	1.965008
1.663722	470919.919425	4398944.215164	10.678191	-0.990961	10.632110	1543370647.401372	3.142926	1.908038	2.011044
1.653076	470919.947475	4398945.285663	10.518334	-0.865014	10.482705	1543370647.489258	3.262650	1.982669	2.032445
1.654886	470919.718966	4398947.413829	10.740474	-0.902843	10.702460	1543370647.687541	3.271177	1.782064	1.987230
1.659602	470919.610538	4398948.462711	10.476120	-0.929227	10.434828	1543370647.800273	3.143450	2.054538	1.964132
1.651410	470919.525370	4398949.532275	10.721348	-0.863857	10.686489	1543370647.889410	3.202549	2.041406	1.964738
1.662901	470919.409981	4398950.570782	10.415788	-0.957533	10.371681	1543370647.999875	3.314509	1.782219	2.001580
1.658965	470919.344403	4398951.643487	10.501073	-0.925312	10.460226	1543370648.093007	3.292446	1.823173	2.004849
1.656789	470919.241412	4398952.708635	10.566342	-0.908200	10.527239	1543370648.199299	3.269979	1.905484	2.006973
1.646618	470919.156511	4398953.755898	10.552391	-0.800195	10.522008	1543370648.296721	3.210041	1.841722	2.019440
1.646155	470919.085071	4398954.819766	10.562358	-0.795037	10.532394	1543370648.399761	3.199819	1.880165	2.011703
1.662564	470919.011064	4398955.901919	10.581678	-0.968571	10.537257	1543370648.487197	3.230618	1.869191	2.003240
1.658617	470918.879512	4398956.949570	10.576226	-0.927644	10.535465	1543370648.600960	3.203967	1.892210	2.006104
1.658156	470918.803999	4398958.016637	10.500824	-0.916162	10.460781	1543370648.686583	3.192505	1.852194	2.006680
1.657546	470918.627921	4398959.049931	10.473195	-0.907359	10.433816	1543370648.799846	3.257530	1.850958	1.985819
1.657116	470918.611710	4398960.158270	10.687923	-0.921413	10.648131	1543370648.893250	3.219274	1.850958	1.944340
1.650230	470918.545638	4398961.215536	10.663280	-0.846463	10.629630	1543370648.998586	3.232884	1.798160	1.924958
1.654269	470918.423499	4398962.250486	10.642821	-0.887046	10.605790	1543370649.088327	3.259523	1.756283	1.939283
1.656033	470918.382075	4398963.261032	10.810492	-0.920129	10.771262	1543370649.199810	3.150695	1.877200	1.988830
1.649854	470918.313188	4398964.367702	10.560904	-0.834315	10.527897	1543370649.290303	3.247321	1.904980	2.025065
1.663641	470918.201792	4398965.421221	10.869938	-1.006963	10.823196	1543370649.400164	3.225305	2.082542	2.017767
1.654416	470918.101792	4398966.506259	10.862222	-0.907680	10.824231	1543370649.501011	3.260131	1.985515	2.006565
1.663592	470917.997236	4398967.549533	10.404411	-0.963565	10.359696	1543370649.604164	3.230193	2.059920	1.991085
1.650358	470917.906723	4398968.619463	10.593330	-0.842551	10.559771	1543370649.699497	3.316978	2.046922	1.935786
1.657006	470917.797154	4398969.738818	10.807454	-0.930164	10.767351	1543370649.799712	3.361242	2.123152	2.033416
1.655321	470917.726884	4398970.747859	10.837918	-0.915025	10.799222	1543370649.900969	3.198707	2.027075	2.039142
1.655768	470917.631453	4398971.779476	10.480486	-0.889458	10.442675	1543370650.001978	3.299803	1.881230	1.943143
1.647781	470917.609724	4398972.852517	10.448443	-0.803993	10.417464	1543370650.097649	3.232635	1.923874	1.979646
1.656136	470917.426021	4398974.975895	10.610936	-0.904263	10.572335	1543370650.314964	3.226898	2.072384	1.979689
1.645702	470917.280871	4398976.071908	10.739651	-0.804374	10.709486	1543370650.401239	3.335316	1.979650	1.959196
1.654360	470917.115440	4398978.162141	10.513989	-0.877876	10.477275	1543370650.597311	3.286456	1.881506	2.055738
1.652138	470917.018993	4398979.193227	10.487147	-0.852254	10.452459	1543370650.702399	3.225649	2.037578	1.932898
1.648712	470916.867372	4398980.304446	10.433662	-0.812381	10.401987	1543370650.799668	3.319921	2.011926	1.973896
1.652930	470916.877674	4398981.289356	10.646574	-0.873289	10.610698	1543370650.899088	3.387008	1.936674	2.034093
1.659303	470916.780695	4398982.369690	10.697020	-0.945230	10.655176	1543370651.001923	3.288512	1.972775	2.069912
1.650575	470916.562694	4398984.468841	10.812138	-0.861653	10.777749	1543370651.201566	3.204447	1.937300	1.956425
1.654455	470916.509822	4398985.554152	10.829438	-0.904612	10.791590	1543370651.299197	3.268831	1.907990	2.044271
1.647903	470916.418365	4398986.606772	10.469033	-0.806742	10.437903	1543370651.399164	3.263481	1.906594	2.027721
1.650966	470916.299679	4398987.663279	10.442445	-0.836057	10.408922	1543370651.503800	3.247621	1.976486	2.044167
1.647420	470916.234286	4398988.720451	10.879721	-0.832958	10.847788	1543370651.599079	3.243279	2.091357	1.930396
1.646428	470916.219702	4398989.787018	10.891975	-0.822911	10.860845	1543370651.699407	3.434869	1.950948	1.962700
1.648669	470916.142108	4398990.811157	10.645507	-0.828062	10.613253	1543370651.798739	3.486035	1.956235	1.979782
1.647985	470916.060555	4398991.898345	10.559115	-0.814321	10.527668	1543370651.901500	3.451886	1.945685	1.979381
1.649656	470915.890320	4398993.963786	10.484843	-0.825526	10.452293	1543370652.098672	3.354671	1.866926	1.980961
1.658649	470915.758371	4398995.054644	10.459886	-0.917327	10.419583	1543370652.200750	3.317277	1.979243	2.006644
1.651505	470915.695602	4398996.100435	10.437313	-0.841881	10.403304	1543370652.298378	3.274762	1.935815	2.023843
1.654845	470915.556794	4398997.162602	10.727056	-0.900213	10.689217	1543370652.398136	3.352096	2.054011	2.040982
1.655300	470915.507371	4398998.219956	10.728471	-0.905242	10.690211	1543370652.498926	3.327771	1.969252	2.037168
1.643147	470915.439856	4398999.266710	10.724171	-0.775565	10.696090	1543370652.600444	3.284274	1.962454	2.021377
1.648381	470915.371740	4399000.314555	10.576471	-0.819458	10.544678	1543370652.700658	3.302620	1.917982	1.996579
1.645368	470915.294575	4399001.384311	10.562538	-0.786989	10.533179	1543370652.800766	3.290020	1.877007	1.980312
1.650640	470915.234572	4399002.498751	10.549295	-0.841034	10.515717	1543370652.900204	3.389001	1.983091	1.962630
1.648578	470915.134532	4399003.474729	10.531338	-0.818388	10.499492	1543370653.000171	3.294501	1.938417	1.967381
1.648563	470915.045805	4399004.513537	10.514429	-0.816890	10.482648	1543370653.100673	3.345222	1.955833	1.995990
1.653756	470914.748091	4399007.716304	10.548831	-0.874088	10.512555	1543370653.398910	3.277920	1.975792	2.008228
1.642505	470914.704125	4399008.812389	10.578158	-0.758800	10.550907	1543370653.499291	3.322043	1.898691	2.002393
1.646882	470914.609021	4399009.838696	10.675979	-0.811353	10.645103	1543370653.603519	3.288925	2.008989	2.007373
1.651814	470914.499523	4399010.905892	10.662974	-0.862685	10.628019	1543370653.697406	3.347285	1.968549	2.013140
1.653557	470914.479069	4399011.968427	10.532948	-0.870658	10.496902	1543370653.799935	3.307958	1.963692	2.005877
1.648199	470914.336011	4399013.041478	10.547822	-0.815836	10.516224	1543370653.897195	3.297831	1.962124	2.003977
1.652401	470914.230616	4399014.120483	10.556826	-0.860464	10.521700	1543370653.999095	3.331064	2.001710	2.010175
1.646061	470914.158078	4399015.147518	10.539472	-0.793021	10.509595	1543370654.098198	3.292470	1.957950	2.000113
1.650841	470914.130784	4399016.185191	10.489787	-0.838650	10.456208	1543370654.200523	3.347945	1.918723	1.982593
1.645713	470914.077424	4399017.311563	10.395581	-0.778260	10.366408	1543370654.300039	3.361419	1.921631	1.967404
1.652921	470913.828463	4399019.346489	10.454058	-0.857409	10.418838	1543370654.498340	3.249346	1.883742	1.984919
1.649868	470913.741936	4399020.465989	10.355161	-0.817886	10.322811	1543370654.599042	3.333669	1.991948	2.010595
1.648131	470913.710407	4399021.532363	10.454116	-0.807492	10.422883	1543370654.697200	3.316333	1.990073	2.020566
1.649037	470913.608693	4399022.573754	10.456198	-0.817219	10.424213	1543370654.806195	3.269673	2.064253	2.025879
1.658040	470913.546839	4399023.629237	10.495714	-0.914306	10.455814	1543370654.896295	3.284194	2.061960	2.037781
1.647893	470913.480418	4399024.721197	10.501170	-0.809465	10.469926	1543370655.001255	3.332676	1.915308	2.032933
1.649241	470913.365783	4399025.746690	10.676710	-0.836692	10.643875	1543370655.100389	3.287163	1.917779	2.022096
1.646804	470913.321303	4399026.788095	10.668212	-0.810284	10.637396	1543370655.200462	3.279149	1.984552	2.024618
1.643956	470913.191004	4399027.836371	10.641806	-0.778089	10.613322	1543370655.299524	3.318084	2.057261	2.022530
1.644751	470913.094247	4399028.857883	10.522692	-0.777619	10.493920	1543370655.398957	3.338453	2.058895	2.005244
1.647550	470913.026371	4399029.861190	10.469452	-0.802743	10.438631	1543370655.499851	3.280029	1.912714	1.978013
1.647111	470912.936444	4399030.986077	10.527940	-0.802754	10.497291	1543370655.600988	3.408245	1.872981	1.973092
1.648666	470912.751961	4399033.063656	10.539599	-0.820010	10.507651	1543370655.802399	3.369969	2.059621	2.004552
1.644611	470912.749120	4399034.101595	10.471874	-0.772461	10.443345	1543370655.904856	3.278915	1.982259	2.020394
1.657848	470912.591531	4399035.156097	10.413533	-0.904582	10.374170	1543370655.999716	3.360144	2.060248	2.015821
1.655879	470912.529145	4399036.214409	10.474295	-0.889771	10.436435	1543370656.098636	3.336293	2.058774	2.008922
1.647217	470912.438305	4399037.276046	10.522579	-0.803510	10.491856	1543370656.198958	3.335561	1.945372	2.017276
1.650250	470912.358098	4399038.302557	10.511206	-0.833733	10.478088	1543370656.300023	3.295724	2.018074	2.018806
1.649212	470912.283741	4399039.480437	10.532037	-0.825197	10.499660	1543370656.398094	3.539338	2.066801	2.016463
1.652958	470912.216398	4399040.403362	10.541356	-0.864856	10.505818	1543370656.500275	3.274317	2.056733	2.025897
1.655404	470912.035454	4399041.462002	10.528619	-0.889575	10.490971	1543370656.600682	3.315276	1.915802	2.020439
1.651027	470911.986063	4399042.528945	10.520033	-0.843050	10.486198	1543370656.699456	3.348290	1.981745	2.013664
1.649500	470911.909452	4399043.578508	10.510005	-0.826405	10.477465	1543370656.802413	3.351324	1.982234	2.001519
1.648579	470911.828551	4399044.648767	10.545299	-0.819477	10.513410	1543370656.896631	3.374056	1.982391	2.007024
1.649216	470911.781494	4399045.688848	10.551971	-0.826602	10.519545	1543370656.997970	3.268096	1.906846	2.031996
1.650767	470911.698299	4399046.880514	10.513171	-0.839762	10.479578	1543370657.099719	3.483977	2.067334	2.056538
1.664073	470911.477933	4399048.896823	10.462309	-0.974454	10.416830	1543370657.300547	3.299924	2.057790	2.065385
1.656209	470911.343567	4399049.955646	10.496091	-0.896189	10.457762	1543370657.399229	3.340217	2.058909	2.036223
1.653375	470911.300544	4399050.952911	10.358343	-0.854844	10.323009	1543370657.503134	3.321887	1.984542	1.998450
1.657580	470911.221651	4399051.968252	10.365970	-0.898240	10.326979	1543370657.599700	3.280755	1.914461	1.978579
1.658534	470911.102823	4399053.095663	10.476091	-0.917811	10.435809	1543370657.701656	3.299297	2.063620	2.009472
1.653253	470911.078994	4399054.165798	10.507427	-0.865873	10.471690	1543370657.800123	3.305989	1.928450	2.025777
1.659149	470910.947409	4399055.184468	10.579219	-0.933455	10.537957	1543370657.898839	3.333425	2.063301	2.012620
1.659117	470910.862673	4399056.261749	10.656543	-0.940343	10.614974	1543370658.000017	3.306629	2.061782	2.007359
1.649279	470910.742240	4399057.348051	10.695036	-0.839106	10.662068	1543370658.097528	3.340970	1.948311	2.004404
1.658229	470910.690840	4399058.388723	10.674585	-0.931432	10.633870	1543370658.199748	3.301726	2.063508	2.008896
1.659130	470910.604734	4399059.450884	10.667507	-0.940722	10.625947	1543370658.300650	3.315026	2.065664	2.010998
1.652010	470910.459172	4399060.519326	10.664471	-0.865278	10.629311	1543370658.400450	3.330024	2.026370	2.017195
1.661172	470910.317336	4399061.534429	10.627390	-0.958643	10.584064	1543370658.500785	3.294148	1.948673	2.025350
1.651255	470910.281486	4399062.597218	10.484422	-0.843160	10.450463	1543370658.601377	3.308320	2.063987	2.030331
1.653281	470910.241725	4399063.669656	10.475910	-0.863002	10.440303	1543370658.699950	3.287187	2.064459	2.026685
1.652108	470910.161607	4399064.728171	10.473616	-0.850721	10.439009	1543370658.799800	3.341563	2.067059	2.016699
1.653712	470910.081737	4399065.792472	10.638140	-0.880975	10.601599	1543370658.902166	3.346563	2.066849	2.011786
1.660991	470909.894744	4399066.812684	10.628736	-0.957494	10.585520	1543370659.002998	3.296097	1.913558	2.017634
1.653094	470909.834520	4399067.873935	10.642959	-0.875696	10.606872	1543370659.105718	3.269433	2.066452	2.034598
1.647553	470909.813102	4399068.952282	10.666640	-0.818632	10.635180	1543370659.204236	3.274193	2.067918	2.042184
1.648591	470909.756641	4399070.093369	10.604363	-0.824110	10.572292	1543370659.299007	3.465933	2.077109	2.016312
1.651105	470909.622359	4399071.006149	10.450984	-0.838286	10.417310	1543370659.398563	3.294061	1.989787	1.968039
1.649233	470909.595694	4399072.130584	10.468437	-0.820331	10.436246	1543370659.498575	3.435328	1.923106	1.943091
1.650414	470909.450229	4399073.206513	10.603059	-0.842984	10.569495	1543370659.599930	3.419997	1.875227	1.970655
1.643986	470909.450401	4399074.260551	10.586233	-0.774206	10.557885	1543370659.697698	3.288864	1.921142	2.024772
1.649508	470909.282745	4399075.343739	10.620481	-0.834578	10.587639	1543370659.797377	3.339426	2.073360	2.044482
1.645497	470909.259998	4399076.348590	10.535601	-0.786486	10.506205	1543370659.900169	3.274019	1.922760	2.043365
1.651296	470909.180164	4399077.419392	10.554527	-0.848212	10.520389	1543370659.999635	3.260340	1.962785	2.032083
1.656710	470909.072650	4399078.474004	10.563199	-0.905916	10.524281	1543370660.101801	3.264590	1.903813	2.046140
1.650918	470908.967170	4399079.521561	10.447822	-0.836270	10.414300	1543370660.201872	3.250479	1.884701	2.061357
1.658284	470908.834723	4399080.617330	10.725887	-0.936672	10.684910	1543370660.303085	3.352138	2.039887	2.060942
1.655441	470908.766498	4399081.631555	10.570084	-0.893645	10.532240	1543370660.406168	3.336599	2.080571	2.029570
1.658422	470908.705427	4399082.694697	10.595865	-0.926951	10.555242	1543370660.498297	3.315306	1.965282	2.015147
1.657169	470908.646797	4399083.779397	10.676461	-0.920968	10.636664	1543370660.598599	3.306973	1.996231	2.044488
1.653396	470908.469721	4399084.876264	10.639106	-0.878020	10.602814	1543370660.697252	3.327985	2.083332	2.059021
1.662173	470908.378263	4399085.922466	10.718511	-0.977764	10.673821	1543370660.801105	3.361485	2.083424	2.047004
1.656699	470908.313983	4399086.919591	10.535564	-0.904365	10.496677	1543370660.897476	3.360742	2.084558	2.013057
1.654484	470908.284286	4399087.959973	10.517425	-0.879341	10.480600	1543370660.998814	3.340687	1.945575	1.999654
1.648404	470908.127038	4399089.045227	10.625645	-0.824327	10.593621	1543370661.101393	3.360018	1.893759	2.007529
1.652702	470908.109383	4399090.126746	10.671024	-0.873134	10.635242	1543370661.203505	3.269511	1.971946	2.028903
1.651614	470908.017471	4399091.187662	10.670429	-0.861778	10.635572	1543370661.297924	3.260635	1.944543	2.035625
1.653456	470907.875965	4399092.234784	10.677771	-0.881720	10.641305	1543370661.398291	3.297950	2.089217	2.037068
1.648532	470907.836728	4399093.306328	10.677641	-0.829325	10.645386	1543370661.498758	3.303530	2.012073	2.022729
1.644983	470907.711293	4399094.356547	10.623803	-0.787290	10.594591	1543370661.598275	3.331526	2.013292	2.018299
1.644690	470907.644734	4399095.400098	10.626625	-0.784377	10.597637	1543370661.698796	3.291624	1.894188	2.013777
1.648030	470907.449197	4399097.509315	10.627119	-0.820282	10.595414	1543370661.897619	3.278699	1.891649	1.999085
1.647276	470907.397344	4399098.555461	10.611325	-0.810661	10.580314	1543370662.009253	3.251496	1.933306	2.004385
1.643265	470907.316216	4399099.659070	10.609308	-0.768078	10.581469	1543370662.106781	3.339153	2.016418	2.014898
1.642839	470907.217727	4399101.764469	10.650604	-0.766706	10.622972	1543370662.297303	3.268379	1.936597	2.055068
1.640575	470907.106252	4399102.847384	10.589612	-0.738489	10.563830	1543370662.406011	3.295882	2.089530	2.070925
1.650614	470907.027250	4399103.893999	10.744374	-0.856152	10.710209	1543370662.498024	3.300050	2.052254	2.060858
1.646672	470906.980020	4399105.066455	10.662566	-0.808647	10.631858	1543370662.611181	3.541723	1.987810	2.045856
1.644907	470906.859069	4399105.979485	10.564563	-0.782430	10.535549	1543370662.700610	3.301908	2.012743	2.030905
1.656497	470906.745544	4399107.032334	10.592726	-0.906188	10.553893	1543370662.809513	3.262677	2.014832	2.026469
1.657317	470906.684472	4399108.098268	10.580904	-0.914197	10.541336	1543370662.898904	3.283844	1.974609	2.029680
1.649697	470906.574375	4399109.188956	10.591786	-0.835161	10.558808	1543370663.011241	3.369966	2.093441	2.022597
1.656860	470906.532253	4399110.221854	10.583101	-0.909189	10.543975	1543370663.101632	3.319979	1.975075	2.013436
1.653485	470906.401205	4399111.267944	10.557745	-0.872015	10.521671	1543370663.211037	3.296684	1.935751	2.013032
1.650986	470906.313447	4399112.326444	10.574721	-0.847347	10.540718	1543370663.300422	3.276636	1.975035	2.011955
1.656788	470906.259141	4399113.390775	10.601828	-0.910409	10.562666	1543370663.408307	3.278528	1.907308	2.009986
1.652333	470906.151932	4399114.457453	10.586147	-0.862637	10.550941	1543370663.507594	3.310393	2.013638	2.017233
1.647306	470906.036493	4399115.539320	10.675397	-0.816262	10.644145	1543370663.612224	3.320400	1.974295	2.027779
1.651389	470905.970328	4399116.568014	10.682768	-0.859940	10.648100	1543370663.697948	3.240372	2.089164	2.025091
1.645332	470905.852814	4399117.663559	10.787317	-0.803767	10.757331	1543370663.810507	3.376262	2.012269	2.018552
1.646080	470905.851116	4399118.696008	10.790217	-0.811561	10.759654	1543370663.906147	3.245159	1.932439	2.031099
1.644226	470905.791995	4399119.762938	10.749687	-0.788714	10.720714	1543370664.008322	3.251022	2.011394	2.040745
1.659321	470905.642499	4399120.798361	10.693376	-0.943991	10.651628	1543370664.098366	3.252140	2.006022	2.049217
1.645365	470905.590754	4399121.907141	10.700676	-0.797731	10.670899	1543370664.216672	3.324670	1.927739	2.046608
1.657164	470905.510255	4399122.918193	10.671693	-0.919704	10.631989	1543370664.302700	3.244544	1.918087	2.050906
1.652184	470905.373245	4399123.985888	10.672157	-0.867926	10.636806	1543370664.409924	3.261884	1.965141	2.057608
1.655656	470905.312424	4399125.056682	10.684372	-0.905501	10.645932	1543370664.499631	3.293203	2.080940	2.059541
1.657259	470905.194783	4399126.073065	10.646866	-0.919430	10.607092	1543370664.609344	3.315346	2.081935	2.024174
1.666431	470905.053377	4399127.099574	10.727100	-1.023831	10.678129	1543370664.706813	3.285519	2.002611	2.002661
1.663514	470904.976149	4399128.176953	10.496602	-0.971838	10.451516	1543370664.802782	3.304938	2.080445	2.016204
1.656786	470904.796912	4399130.318098	10.505180	-0.902646	10.466329	1543370664.998603	3.321109	2.075603	2.057908
1.658222	470904.727754	4399131.340471	10.889383	-0.951037	10.847774	1543370665.100752	3.332067	2.075106	2.043909
1.654357	470904.609581	4399132.389611	10.802607	-0.901958	10.764887	1543370665.203681	3.312437	2.073654	2.029460
1.657060	470904.556719	4399133.442850	10.792623	-0.929856	10.752492	1543370665.297721	3.271745	1.900046	2.025566
1.659878	470904.467263	4399134.497767	10.762797	-0.957295	10.720140	1543370665.401052	3.248279	1.959510	2.036546
1.655732	470904.381767	4399135.554793	10.501202	-0.891093	10.463326	1543370665.497725	3.249592	1.916944	2.046026
1.654950	470904.235269	4399136.644248	10.483991	-0.881375	10.446877	1543370665.599320	3.360999	2.068927	2.040797
1.658230	470904.211775	4399137.655300	10.473233	-0.914589	10.433223	1543370665.699264	3.325964	1.989170	2.026515
1.654826	470904.064208	4399138.708664	10.424548	-0.875250	10.387740	1543370665.799517	3.251527	2.037981	2.028513
1.655363	470903.936532	4399139.773014	10.413280	-0.879384	10.376082	1543370665.897868	3.271673	1.929472	2.021162
1.653649	470903.891924	4399140.638424	10.497984	-0.868627	10.461987	1543370665.999344	3.633363	1.986044	1.990063
1.648911	470903.834244	4399141.915778	10.761837	-0.839798	10.729020	1543370666.099023	3.453473	2.011963	1.962972
1.653779	470903.776565	4399142.633622	10.577889	-0.876574	10.541506	1543370666.199000	3.898111	1.938996	1.943054
1.643981	470903.706392	4399143.965251	10.556599	-0.772523	10.528295	1543370666.300238	3.368094	1.887640	1.954232
1.651392	470903.566306	4399145.037342	10.477099	-0.842971	10.443131	1543370666.398823	3.245494	1.906687	1.977220
1.649459	470903.532485	4399145.742318	10.425032	-0.819054	10.392807	1543370666.499913	4.128287	2.064621	2.008022
1.644832	470903.390430	4399147.189559	10.389137	-0.768410	10.360682	1543370666.599288	3.288007	2.065747	2.005786
1.649084	470903.301570	4399148.219671	10.373367	-0.810986	10.341617	1543370666.704190	3.282566	2.047301	1.996573
1.653639	470903.217886	4399149.261606	10.373535	-0.858123	10.337981	1543370666.817213	3.295455	1.950967	1.998064
1.657699	470903.149822	4399150.279321	10.353569	-0.898430	10.314515	1543370666.900839	3.311590	2.066953	2.004062
1.658954	470903.077807	4399151.122459	10.053003	-0.885095	10.013964	1543370667.016620	3.533809	2.126922	1.988186
1.656803	470903.020235	4399152.084444	9.534768	-0.819369	9.499496	1543370667.100455	3.358721	2.047112	1.975221
1.656044	470902.983554	4399152.920107	8.761227	-0.746155	8.729396	1543370667.210448	3.388150	2.028840	1.980152
1.651832	470902.846175	4399154.922794	6.166916	-0.499173	6.146680	1543370667.498755	3.363543	1.981969	1.954722
1.735907	470902.853426	4399155.571258	5.641488	-0.450650	5.623460	1543370667.611658	3.418441	2.233251	1.953757
1.673001	470902.774459	4399155.913621	4.591682	-0.376774	4.576198	1543370667.703260	3.299840	1.991364	1.973817
1.654903	470902.713122	4399156.245644	4.063223	-0.332515	4.049594	1543370667.809646	3.362072	1.907055	1.982212
1.688333	470902.731630	4399156.583206	3.493842	-0.290911	3.481710	1543370667.904548	3.395975	2.081101	1.973236
1.643756	470902.599716	4399157.175165	1.889229	-0.153540	1.882979	1543370668.213426	3.472840	1.848761	2.065913
1.688827	470902.650143	4399157.487739	1.889753	-0.168419	1.882234	1543370668.300320	3.672350	2.063346	2.035418
1.645568	470902.649553	4399157.414943	2.773809	-0.240646	2.763350	1543370668.420565	3.301489	1.930766	2.000192
1.641381	470902.611603	4399157.450134	2.211411	-0.180091	2.204066	1543370668.513435	3.263257	1.875951	1.967562
1.699148	470902.644201	4399157.475856	1.689619	-0.159248	1.682097	1543370668.616660	3.341262	2.065037	2.047136
1.638334	470902.581730	4399157.506979	0.611451	-0.057779	0.608715	1543370668.808519	3.418622	2.053755	2.066953
1.682331	470902.622118	4399157.534478	0.347803	-0.039187	0.345588	1543370668.902040	3.441972	2.058136	2.074436
1.641754	470902.600026	4399157.592140	0.000000	0.000000	0.000000	1543370669.012887	3.545361	2.044192	2.021874
1.670163	470902.622665	4399157.477677	0.000000	0.000000	0.000000	1543370669.099869	3.333375	2.009677	2.019564
1.659846	470902.598679	4399157.526372	0.000000	0.000000	0.000000	1543370669.219858	3.421067	2.088627	2.028841
1.657917	470902.605180	4399157.569585	0.000000	0.000000	0.000000	1543370669.300468	3.581002	2.106147	2.033557
1.652646	470902.580946	4399157.532077	0.000000	0.000000	0.000000	1543370669.412045	3.432281	2.045925	2.069300
1.632200	470902.533688	4399157.686474	0.000000	0.000000	0.000000	1543370669.500954	3.540753	2.061879	2.052752
1.661074	470902.575207	4399157.624601	0.000000	0.000000	0.000000	1543370669.703623	3.415087	2.062795	2.043826
1.630614	470902.529711	4399157.587689	0.000000	0.000000	0.000000	1543370669.810363	3.385480	2.067947	2.041451
1.650380	470902.568981	4399157.618909	0.000000	0.000000	0.000000	1543370669.902525	3.364289	2.069271	2.042666
1.638189	470902.546231	4399157.684132	0.000000	0.000000	0.000000	1543370670.017184	3.541718	2.065976	2.047054
1.634458	470902.514250	4399157.713250	0.000000	0.000000	0.000000	1543370670.101453	3.471100	2.101995	2.061638
1.632428	470902.529022	4399157.655448	0.000000	0.000000	0.000000	1543370670.212245	3.424641	2.068992	2.073368
1.627847	470902.507563	4399157.612095	0.000000	0.000000	0.000000	1543370670.303125	3.372817	2.079605	2.053128
1.636639	470902.541476	4399157.734231	0.000000	0.000000	0.000000	1543370670.407260	3.626479	2.117182	2.065642
1.635015	470902.526899	4399157.819979	0.000000	0.000000	0.000000	1543370670.502695	3.813089	2.075449	2.034897
1.635567	470902.527722	4399157.824464	0.000000	0.000000	0.000000	1543370670.610432	3.800044	2.066507	2.037075
1.648696	470902.549988	4399157.629693	0.000000	0.000000	0.000000	1543370670.704150	3.403375	2.069232	2.056303
1.644704	470902.533967	4399157.685888	0.000000	0.000000	0.000000	1543370670.811925	3.525072	2.106895	2.043306
1.648828	470902.546331	4399157.647090	0.000000	0.000000	0.000000	1543370670.899407	3.429563	2.108439	2.047455
1.643352	470902.544087	4399157.645618	0.000000	0.000000	0.000000	1543370671.011923	3.476968	2.096826	2.050991
1.651110	470902.569457	4399157.721831	0.000000	0.000000	0.000000	1543370671.096351	3.589744	2.132460	2.052016
1.649657	470902.565552	4399157.623967	0.000000	0.000000	0.000000	1543370671.209323	3.385804	2.080372	2.051552
1.647526	470902.554483	4399157.648090	0.000000	0.000000	0.000000	1543370671.299725	3.473516	2.096152	2.050181
