front	position-x	position-y	speed	speed-x	speed-y	timestamp	v-x	v-y	v-z
-1.496836	470794.737590	4399236.391580	1.728274	0.187917	-1.718028	1543475041.584842	4.718412	1.630737	1.924016
-1.494759	470794.769444	4399236.189447	1.726409	0.205627	-1.714119	1543475041.699367	4.741081	1.672032	1.923621
-1.496151	470794.788986	4399235.980538	1.803531	0.211611	-1.791073	1543475041.781892	4.773430	1.693478	1.924590
-1.498234	470794.787798	4399235.734247	1.752652	0.139799	-1.747068	1543475041.890346	4.641494	1.669516	1.921006
-1.500445	470794.813561	4399235.539484	1.800661	0.183232	-1.791314	1543475041.984017	4.696302	1.740672	1.921310
-1.501329	470794.816092	4399235.297664	1.835378	0.158894	-1.828488	1543475042.091109	4.678038	1.718802	1.918234
-1.500367	470794.910434	4399235.197777	1.902868	0.214311	-1.890761	1543475042.184267	4.872405	1.941052	1.919237
-1.502624	470794.844529	4399234.851035	1.935523	0.133527	-1.930911	1543475042.291172	4.591061	1.733145	1.917620
-1.502059	470794.833354	4399234.628446	1.982753	0.177821	-1.974763	1543475042.378392	4.676727	1.742687	2.087215
-1.501527	470794.857117	4399234.422592	2.026239	0.172519	-2.018882	1543475042.503253	4.666909	1.766228	1.930740
-1.499820	470794.866083	4399234.129873	2.053268	0.138313	-2.048604	1543475042.585533	4.643357	1.793516	2.085580
-1.500632	470794.919402	4399233.937094	2.061736	0.108313	-2.058889	1543475042.688941	4.716203	1.738594	1.929325
-1.502189	470794.923483	4399233.694071	2.349708	0.140796	-2.345485	1543475042.780967	4.620278	1.757626	1.937939
-1.502820	470795.091854	4399233.471008	2.258412	0.074751	-2.257174	1543475042.906714	4.651773	2.067025	1.943102
-1.504411	470794.942005	4399233.231692	2.210034	0.001056	-2.210034	1543475042.991830	4.680418	1.756729	1.950038
-1.506194	470794.958801	4399233.006754	2.112608	0.083011	-2.110976	1543475043.090442	4.738722	1.718543	1.956967
-1.504344	470794.990614	4399232.770498	2.089308	0.145889	-2.084208	1543475043.191953	4.693170	1.687125	1.962353
-1.502614	470795.078707	4399232.530986	2.230137	0.229196	-2.218328	1543475043.305718	4.774925	1.898991	1.967967
-1.501565	470795.203023	4399232.266096	2.243069	0.281190	-2.225374	1543475043.395266	4.645509	1.916117	1.973577
-1.497577	470795.144976	4399232.026886	2.248236	0.214196	-2.238010	1543475043.484126	4.646907	1.812994	1.977409
-1.496188	470795.103567	4399231.794312	2.234928	0.209279	-2.225108	1543475043.600378	4.748295	1.628394	1.990234
-1.494527	470795.167286	4399231.540698	2.306929	0.206167	-2.297698	1543475043.710421	4.733179	1.761004	1.993959
-1.500266	470795.194934	4399231.253504	2.601412	0.184063	-2.594892	1543475043.792615	4.571744	1.867611	1.997104
-1.499467	470795.153717	4399231.027900	2.475424	0.176734	-2.469107	1543475043.891429	4.708005	1.718227	2.000046
-1.499905	470795.249594	4399230.815569	2.517672	0.178736	-2.511319	1543475043.990425	4.748188	1.838990	2.000138
-1.507714	470795.265972	4399230.501629	2.646260	0.166978	-2.640987	1543475044.102145	4.678484	1.877712	1.998972
-1.491378	470795.281331	4399230.283669	2.633271	0.208428	-2.625010	1543475044.192805	4.700341	2.017254	1.999389
-1.488938	470795.303018	4399230.003033	2.634681	0.215304	-2.625869	1543475044.294650	4.705957	2.003682	1.996163
-1.468891	470795.228588	4399229.781011	2.616438	0.266045	-2.602877	1543475044.403057	4.802275	1.872560	1.998865
-1.469337	470795.189399	4399229.657516	2.414863	0.195232	-2.406958	1543475044.507511	4.975399	1.687452	2.008461
-1.513845	470795.275998	4399229.234080	2.448650	0.140285	-2.444628	1543475044.608140	4.605777	1.735416	2.011460
-1.524554	470795.347014	4399229.018132	2.451336	0.113376	-2.448713	1543475044.693665	4.643850	1.811499	2.011369
-1.520912	470795.371410	4399228.772836	2.382141	0.174153	-2.375767	1543475044.804866	4.614925	1.770156	2.009647
-1.515990	470795.390290	4399228.699509	2.367483	0.038085	-2.367177	1543475044.904822	4.951283	1.765672	2.007703
-1.501108	470795.422834	4399228.349083	2.492409	0.172516	-2.486432	1543475045.012057	4.804124	1.834691	2.005353
-1.506755	470795.536539	4399228.078940	2.458314	0.157784	-2.453245	1543475045.094592	4.675848	2.048223	2.006842
-1.467674	470795.422603	4399227.855223	2.805678	0.287976	-2.790860	1543475045.207851	4.760238	1.824121	2.010452
-1.472428	470795.575007	4399227.661726	2.354468	0.171329	-2.348226	1543475045.311133	4.785574	2.035848	2.012238
-1.507874	470795.492611	4399227.399267	2.480643	0.156036	-2.475731	1543475045.421225	4.718178	1.768426	2.010777
-1.512400	470795.482434	4399227.129676	2.426971	0.141926	-2.422817	1543475045.502506	4.713532	1.881613	2.008015
-1.510130	470795.495008	4399226.897928	2.344918	0.149887	-2.340123	1543475045.601374	4.708221	1.821051	2.005793
-1.517620	470795.670474	4399226.632204	2.419228	0.128647	-2.415805	1543475045.710953	4.692669	2.041932	2.025810
-1.508317	470795.580020	4399226.424465	2.476307	0.154223	-2.471500	1543475045.818906	4.691203	1.816547	2.028852
-1.490519	470795.721153	4399226.249721	2.524850	0.202250	-2.516737	1543475045.905069	4.717281	2.107336	2.022499
-1.468073	470795.578218	4399226.018422	2.552696	0.261578	-2.539258	1543475046.002528	4.743091	1.747436	2.017097
-1.478439	470795.581135	4399225.744214	2.747766	0.254006	-2.736000	1543475046.103925	4.639537	1.740706	2.016380
-1.469039	470795.615214	4399225.542705	2.786614	0.282750	-2.772232	1543475046.220328	4.716497	1.733280	2.013324
-1.496621	470795.657667	4399225.308839	2.708181	0.201158	-2.700700	1543475046.305152	4.738541	1.732448	2.021187
-1.500268	470795.783435	4399225.095930	2.766532	0.194708	-2.759671	1543475046.405405	4.720676	2.084315	2.015427
-1.518163	470795.685368	4399224.858200	2.570312	0.135641	-2.566731	1543475046.510371	4.782166	1.801858	2.007898
-1.515302	470795.713499	4399224.649635	2.379641	0.179736	-2.372844	1543475046.633631	4.737338	1.885050	2.001768
-1.485211	470795.818146	4399224.427566	2.384477	0.203711	-2.375759	1543475046.707864	4.772511	2.144017	1.998290
-1.479592	470795.814922	4399224.157447	2.444562	0.222662	-2.434400	1543475046.812093	4.738238	2.152620	1.987415
-1.481919	470795.824678	4399223.984620	2.397812	0.193621	-2.389982	1543475046.902014	4.841752	2.135936	1.982624
-1.483524	470795.846740	4399223.709317	2.961008	0.270720	-2.948606	1543475047.021972	4.799970	2.213386	1.984366
-1.485983	470795.909458	4399223.414242	2.196806	0.238257	-2.183848	1543475047.094542	4.690764	2.130854	1.989005
-1.497759	470795.763332	4399223.161965	2.329910	0.220435	-2.319459	1543475047.205032	4.687410	1.874540	1.982553
-1.485534	470795.775579	4399222.939614	2.305318	0.210661	-2.295673	1543475047.304967	4.742039	1.846633	1.977582
-1.517680	470795.897151	4399222.679186	2.386200	0.183380	-2.379143	1543475047.411997	4.714994	1.929656	2.068347
-1.493314	470795.885032	4399222.451415	2.666169	0.239766	-2.655367	1543475047.491646	4.725984	1.829746	2.058100
-1.484138	470795.978710	4399222.223813	2.656348	0.246887	-2.644850	1543475047.603449	4.776223	2.120272	2.058928
-1.513422	470795.925601	4399221.956598	2.403335	0.193277	-2.395551	1543475047.705303	4.717308	1.911480	2.052766
-1.489597	470796.089417	4399221.746903	2.346316	0.189002	-2.338692	1543475047.818784	4.813699	1.999412	1.970028
-1.486914	470796.146442	4399221.464877	2.343767	0.190851	-2.335983	1543475047.891236	4.772750	2.175484	2.055418
-1.494002	470795.994475	4399221.237539	2.481251	0.197491	-2.473379	1543475048.005293	4.816394	1.879771	2.047984
-1.496057	470796.014045	4399220.961734	2.419042	0.182235	-2.412169	1543475048.105939	4.761850	1.781974	2.041397
-1.495929	470796.178171	4399220.680016	2.467021	0.208846	-2.458165	1543475048.219027	4.709842	2.139449	2.037814
-1.509587	470796.207822	4399220.440736	2.496811	0.190647	-2.489522	1543475048.292306	4.733494	2.155208	2.036179
-1.472626	470796.122116	4399220.193850	2.876252	0.236320	-2.866527	1543475048.404547	4.794892	1.796744	1.950146
-1.488431	470796.271943	4399219.950923	2.868554	0.269009	-2.855913	1543475048.503998	4.798757	2.031161	1.929969
-1.500602	470796.291110	4399219.687091	2.619126	0.223601	-2.609564	1543475048.595507	4.772516	2.086669	1.949831
-1.487932	470796.302325	4399219.394235	2.599641	0.244767	-2.588092	1543475048.694049	4.792614	2.007334	1.952035
-1.514388	470796.343938	4399219.153450	2.554381	0.214322	-2.545374	1543475048.804968	4.770653	2.076069	2.040725
-1.474951	470796.116298	4399218.858125	2.626429	0.231350	-2.616220	1543475048.906338	4.768849	1.779467	2.040319
-1.485615	470796.212864	4399218.613550	2.634920	0.229598	-2.624898	1543475049.022366	4.782652	1.704790	1.961915
-1.496342	470796.415090	4399218.374743	2.396466	0.198444	-2.388236	1543475049.092835	4.834265	2.027238	1.944395
-1.482011	470796.233557	4399218.087490	2.406226	0.203100	-2.397639	1543475049.205128	4.851578	1.770390	2.040792
-1.498010	470796.249234	4399217.764488	2.406120	0.186161	-2.398908	1543475049.309189	4.759003	1.687236	2.039187
-1.506034	470796.373844	4399217.529024	2.663155	0.196125	-2.655923	1543475049.421495	4.808880	1.815790	1.946527
-1.496053	470796.391900	4399217.256523	2.665703	0.203607	-2.657915	1543475049.494294	4.806585	1.794452	1.959955
-1.489347	470796.388192	4399217.008293	2.665887	0.208402	-2.657729	1543475049.602513	4.898289	1.713906	1.933271
-1.508685	470796.415300	4399216.691231	2.716781	0.196627	-2.709656	1543475049.706802	4.767415	1.775401	1.923146
-1.503505	470796.437584	4399216.448511	2.726634	0.192163	-2.719855	1543475049.824427	4.854585	1.754963	1.905312
-1.498611	470796.356818	4399216.175708	2.749453	0.194993	-2.742530	1543475049.892193	4.885340	1.798508	2.030282
-1.508677	470796.422285	4399215.920934	2.418406	0.228802	-2.407558	1543475050.005193	4.901728	1.792811	2.027632
-1.488858	470796.462685	4399215.631568	2.464554	0.231860	-2.453623	1543475050.106268	4.829978	1.807203	2.043283
-1.502827	470796.536797	4399215.376891	2.480499	0.213565	-2.471288	1543475050.212931	4.840195	1.750690	1.920840
-1.500828	470796.448153	4399215.107999	2.353684	0.246195	-2.340772	1543475050.303565	4.899876	1.792614	2.038930
-1.484655	470796.518994	4399214.818345	2.614726	0.233102	-2.604315	1543475050.402790	4.837907	1.766808	2.034227
-1.487990	470796.611099	4399214.568114	3.153469	0.287011	-3.140381	1543475050.514129	4.882782	1.721076	1.906676
-1.476671	470796.619890	4399214.315747	3.423237	0.290098	-3.410923	1543475050.625238	4.900924	1.700934	1.875895
-1.476923	470796.704648	4399214.063118	3.688847	0.324690	-3.674530	1543475050.702240	4.895977	1.838035	1.938043
-1.475472	470796.680694	4399213.796371	3.694692	0.337439	-3.679250	1543475050.804722	4.931489	1.686914	1.917035
-1.478247	470796.627527	4399213.502840	3.481814	0.338056	-3.465364	1543475050.914558	4.860485	1.829605	2.028234
-1.479347	470796.720544	4399213.247692	2.589551	0.247119	-2.577733	1543475051.013610	4.911597	1.659589	1.893480
-1.481886	470796.808603	4399212.995445	2.595940	0.241421	-2.584690	1543475051.111375	4.879435	1.771095	1.956832
-1.493957	470796.784303	4399212.763014	2.534909	0.252498	-2.522302	1543475051.204885	4.815419	1.689665	1.950408
-1.475987	470796.798896	4399212.491014	2.321351	0.217207	-2.311167	1543475051.314479	4.834933	1.673688	2.010801
-1.477444	470796.878701	4399212.255649	1.864703	0.174201	-1.856548	1543475051.428610	4.833108	1.778531	1.955847
-1.479730	470796.769080	4399211.984766	1.880792	0.174022	-1.872724	1543475051.506201	4.831866	1.542499	1.940466
-1.481997	470796.898549	4399211.754009	1.637524	0.150354	-1.630607	1543475051.615577	4.854357	1.767936	1.914863
-1.481449	470796.880306	4399211.521964	1.635025	0.145024	-1.628580	1543475051.715541	4.921095	1.816577	2.043619
-1.447244	470796.948689	4399211.264296	1.162344	0.115997	-1.156541	1543475051.825905	4.895683	1.805240	1.877251
-1.459952	470796.973467	4399210.996627	0.669006	0.069632	-0.665372	1543475051.909683	4.929098	1.794443	1.925141
-1.455175	470796.973497	4399210.723185	0.675920	0.073447	-0.671917	1543475052.009537	4.925624	1.734448	1.913322
-1.462991	470797.013146	4399210.474437	0.676665	0.073277	-0.672686	1543475052.118236	4.923667	1.756905	1.918271
-1.464121	470797.037905	4399210.223610	0.677106	0.072838	-0.673177	1543475052.226311	4.884572	1.761141	1.947281
-1.465814	470797.037634	4399209.949160	2.619005	0.278848	-2.604118	1543475052.312059	4.862301	1.700704	1.932654
-1.437394	470797.072131	4399209.718219	2.568667	0.292973	-2.551905	1543475052.419414	4.783316	1.798717	2.051277
-1.448177	470797.081784	4399209.463564	2.538680	0.296935	-2.521255	1543475052.520169	4.746102	1.810987	2.053931
-1.451533	470797.058489	4399209.219141	2.505227	0.295023	-2.487795	1543475052.637651	4.738715	1.770486	2.057219
-1.451378	470797.112327	4399208.955982	2.346077	0.280546	-2.329242	1543475052.716408	4.727231	1.710026	2.056352
-1.449885	470797.118722	4399208.680850	2.250774	0.270664	-2.234440	1543475052.816740	4.735496	1.797876	2.053722
-1.477978	470797.163387	4399208.429095	2.319291	0.274500	-2.302989	1543475052.916598	4.709931	1.746574	2.052629
-1.470266	470797.180606	4399208.152878	2.255625	0.312521	-2.233870	1543475053.025538	4.755614	1.744283	2.055297
-1.471818	470797.203092	4399207.940686	2.246555	0.286037	-2.228271	1543475053.117050	4.664822	1.715799	2.049934
-1.454368	470797.334272	4399207.698436	2.290317	0.281714	-2.272925	1543475053.216207	4.644994	1.873535	2.050805
-1.465093	470797.360287	4399207.411456	2.284520	0.266470	-2.268926	1543475053.315678	4.702598	1.950040	2.052554
-1.466546	470797.275364	4399207.155563	2.287020	0.281446	-2.269636	1543475053.428901	4.641055	1.699926	2.053233
-1.466009	470797.289371	4399206.906519	2.384252	0.309998	-2.364013	1543475053.511768	4.635767	1.715724	2.057292
-1.480764	470797.312825	4399206.654065	2.257924	0.331164	-2.233506	1543475053.620832	4.641596	1.731143	2.060186
-1.486468	470797.395677	4399206.398988	2.282722	0.312903	-2.261174	1543475053.711781	4.625385	1.607516	2.060628
-1.478462	470797.411861	4399206.149502	2.278714	0.330245	-2.254656	1543475053.822738	4.626124	1.788445	2.065891
-1.472761	470797.408304	4399205.900902	2.298979	0.345044	-2.272939	1543475053.909427	4.589133	1.770761	2.068963
-1.463491	470797.442231	4399205.657574	2.367251	0.361283	-2.339520	1543475054.008744	4.553348	1.804690	2.071450
-1.466175	470797.519152	4399205.407490	2.352917	0.384376	-2.321308	1543475054.113532	4.550774	1.699612	2.080376
-1.464814	470797.524797	4399205.131286	2.378494	0.361240	-2.350902	1543475054.227924	4.565339	1.841516	2.084622
-1.471438	470797.529522	4399204.867470	2.393375	0.374610	-2.363876	1543475054.304476	4.564201	1.822616	2.054640
-1.488833	470797.631696	4399204.590129	2.459461	0.373803	-2.430888	1543475054.407086	4.595546	1.915155	2.061882
-1.463600	470797.602125	4399204.377253	2.459057	0.333029	-2.436402	1543475054.514928	4.483452	1.811633	2.065690
-1.472162	470797.624318	4399204.081217	2.453393	0.286939	-2.436556	1543475054.620944	4.560105	1.911060	2.068215
-1.490040	470797.628295	4399203.816677	2.492251	0.335204	-2.469606	1543475054.703757	4.577937	1.814610	2.071426
-1.490726	470797.629951	4399203.560502	2.499426	0.276057	-2.484134	1543475054.806049	4.572991	1.820799	2.074344
-1.496201	470797.655677	4399203.314754	2.467738	0.239734	-2.456066	1543475054.915179	4.526737	1.775912	2.076000
-1.483822	470797.709027	4399203.039867	2.477435	0.271236	-2.462543	1543475055.027045	4.491450	1.842983	2.076380
-1.483038	470797.726666	4399202.801792	2.471589	0.332812	-2.449079	1543475055.107716	4.464675	1.803051	2.081525
-1.472831	470797.768800	4399202.546474	2.475889	0.322278	-2.454825	1543475055.203211	4.454829	1.846702	2.039664
-1.474906	470797.794659	4399202.290941	2.516127	0.375323	-2.487976	1543475055.313104	4.431160	1.863287	2.041403
-1.460431	470797.826558	4399202.024294	2.506101	0.359209	-2.480224	1543475055.421606	4.428082	1.877732	2.044401
-1.462656	470797.862812	4399201.749219	2.484789	0.356818	-2.459035	1543475055.505119	4.392914	1.868437	2.044744
-1.457066	470797.895520	4399201.417398	2.472249	0.327493	-2.450462	1543475055.601987	4.637174	1.850728	2.046902
-1.469887	470797.895991	4399201.252709	2.432522	0.295013	-2.414567	1543475055.711688	4.436978	1.876058	2.046128
-1.473622	470797.921237	4399200.982201	2.486569	0.303066	-2.468031	1543475055.824840	4.447947	1.844499	2.258175
-1.473462	470797.944186	4399200.718284	2.497266	0.305446	-2.478515	1543475055.904910	4.455450	1.854605	2.048189
-1.479138	470797.974057	4399200.462075	2.509623	0.306449	-2.490842	1543475056.007409	4.463429	1.877729	2.048521
-1.472810	470797.979129	4399200.218880	2.468788	0.300078	-2.450483	1543475056.106612	4.463786	1.881832	2.051081
-1.470865	470798.007428	4399199.947065	2.543288	0.289364	-2.526773	1543475056.206481	4.528535	1.897031	2.052247
-1.474770	470798.015694	4399199.705619	2.537732	0.252222	-2.525167	1543475056.307802	4.508786	1.886985	2.055236
-1.498009	470798.043370	4399199.405565	2.518031	0.300847	-2.499994	1543475056.406325	4.536016	1.809526	2.057956
-1.502714	470798.068485	4399199.177294	2.484428	0.362792	-2.457797	1543475056.515101	4.479876	1.772749	2.058779
-1.496246	470798.107275	4399198.907285	2.506637	0.301966	-2.488382	1543475056.604922	4.539722	1.841200	2.061037
-1.511946	470798.128494	4399198.603570	2.576682	0.306021	-2.558445	1543475056.705287	4.485697	1.759404	2.063057
-1.514924	470798.164623	4399198.365979	2.543740	0.245822	-2.531834	1543475056.806967	4.509275	1.722999	2.068969
-1.512031	470798.209537	4399197.856957	2.657781	0.295657	-2.641285	1543475056.903072	4.819959	1.739733	2.073855
-1.500698	470798.230219	4399197.773167	2.538007	0.292798	-2.521061	1543475057.017342	4.430977	1.754858	2.077537
-1.473437	470798.263423	4399197.522488	2.560030	0.278317	-2.544857	1543475057.107601	4.411449	1.841585	2.080231
-1.479887	470798.277077	4399197.251039	2.557008	0.260550	-2.543699	1543475057.208594	4.392349	1.829190	2.085710
-1.482037	470798.342618	4399196.959403	2.596723	0.263249	-2.583345	1543475057.307897	4.434127	1.846233	2.021797
-1.470208	470798.382168	4399196.672890	2.601616	0.262227	-2.588367	1543475057.409386	4.418530	1.920561	2.029860
-1.498933	470798.412661	4399196.425630	2.553719	0.234811	-2.542901	1543475057.513888	4.347908	1.840865	2.032887
-1.512320	470798.389288	4399196.037079	2.767342	0.287562	-2.752361	1543475057.619139	4.471993	1.756100	2.043879
-1.473982	470798.424814	4399195.750544	2.858103	0.290144	-2.843338	1543475057.714143	4.395080	1.871408	2.045058
-1.483287	470798.463867	4399195.446689	2.843571	0.273996	-2.830340	1543475057.810534	4.259017	1.877924	2.044559
-1.495306	470798.500352	4399195.113760	3.121419	0.275305	-3.109255	1543475057.916621	4.165881	1.824554	2.049823
-1.507188	470798.572543	4399194.736891	3.351980	0.263320	-3.341621	1543475058.015237	4.083354	1.820297	2.056169
-1.485007	470798.704539	4399194.593245	3.518147	0.284743	-3.506605	1543475058.113446	3.591424	2.032489	2.060676
-1.512509	470798.761947	4399194.169495	3.747070	0.390719	-3.726644	1543475058.216645	3.490101	2.041941	2.065807
-1.495798	470798.785837	4399193.749788	3.625870	0.346964	-3.609231	1543475058.313996	3.301915	2.110117	2.068036
-1.513226	470798.891800	4399193.200781	3.921640	0.390008	-3.902199	1543475058.421422	3.435592	2.096378	2.071866
-1.472687	470798.879641	4399192.704065	4.595880	0.456274	-4.573174	1543475058.528553	3.389445	2.073364	2.075525
-1.468624	470798.884722	4399192.174841	5.061381	0.503940	-5.036231	1543475058.621627	3.335337	1.995458	2.079557
-1.450033	470798.951411	4399191.534392	5.066786	0.561379	-5.035591	1543475058.726961	3.321545	1.983864	2.075471
-1.453718	470799.007483	4399190.911463	5.343710	0.575795	-5.312598	1543475058.816535	3.255066	2.092778	2.070848
-1.444816	470799.077213	4399190.235382	5.725984	0.655986	-5.688284	1543475058.925777	3.444871	1.951842	2.070094
-1.463470	470799.181483	4399189.561197	6.062864	0.713053	-6.020787	1543475059.019400	3.351050	2.020804	2.064077
-1.447440	470799.255176	4399188.851097	6.267587	0.748871	-6.222688	1543475059.125859	3.452785	1.849606	2.064034
-1.511525	470799.406632	4399188.101686	6.489807	0.659247	-6.456236	1543475059.229084	3.313922	2.054244	2.063911
-1.491884	470799.395782	4399187.323161	6.944606	0.669092	-6.912298	1543475059.324322	3.285543	1.923729	2.047746
-1.455469	470799.404099	4399186.539070	7.189707	0.730543	-7.152495	1543475059.428852	3.384063	2.005334	2.045871
-1.475704	470799.551065	4399185.813444	7.394189	0.726708	-7.358391	1543475059.528692	3.293333	2.073948	2.038645
-1.492223	470799.641214	4399184.914928	7.778720	0.710112	-7.746239	1543475059.626977	3.303669	2.067162	2.029329
-1.477289	470799.709252	4399184.162119	7.884046	0.722261	-7.850893	1543475059.732242	3.294459	1.978737	2.008904
-1.488725	470799.721841	4399183.219942	7.994770	0.655605	-7.967843	1543475059.824982	3.266884	1.917464	1.998381
-1.482271	470799.842199	4399182.397338	8.369197	0.739162	-8.336492	1543475059.930341	3.228809	1.828985	1.986429
-1.483538	470799.876879	4399181.466916	8.632146	0.751904	-8.599337	1543475060.026260	3.289753	2.026991	1.983132
-1.490667	470800.044473	4399180.571484	8.887751	0.711578	-8.859220	1543475060.128581	3.286464	2.053342	1.990550
-1.471349	470800.083344	4399179.584964	9.264686	0.918452	-9.219049	1543475060.225210	3.331892	2.053961	1.973691
-1.480426	470800.193817	4399178.686421	9.411654	0.849402	-9.373246	1543475060.329286	3.289714	2.104753	1.970571
-1.474246	470800.257269	4399177.744486	9.566027	0.921531	-9.521536	1543475060.424949	3.257689	2.031671	1.970364
-1.481284	470800.339993	4399176.766572	9.768578	0.873459	-9.729449	1543475060.527100	3.278482	1.998132	1.967169
-1.482049	470800.399357	4399175.867763	10.009670	0.886975	-9.970294	1543475060.628726	3.301100	1.966629	1.965093
-1.473100	470800.584266	4399174.890777	10.127581	0.986525	-10.079418	1543475060.723673	3.198173	1.726153	1.965827
-1.477840	470800.664201	4399173.936484	10.123486	0.939501	-10.079797	1543475060.822688	3.225748	1.729109	1.962276
-1.486179	470800.660630	4399173.006034	10.137699	0.858049	-10.101321	1543475060.925589	3.274724	1.951378	1.972354
-1.474703	470800.830030	4399172.066267	10.267124	0.985560	-10.219711	1543475061.011010	3.235488	1.778374	1.971526
-1.479938	470800.876220	4399171.114307	10.121049	0.919087	-10.079231	1543475061.123357	3.321111	1.781449	1.980861
-1.466176	470800.990363	4399170.183046	10.154257	1.058914	-10.098893	1543475061.210006	3.346051	1.879147	1.990360
-1.469285	470801.136705	4399169.209388	10.222948	1.035889	-10.170329	1543475061.323108	3.291651	1.969042	2.005813
-1.472574	470801.205495	4399168.252017	10.139286	0.994824	-10.090364	1543475061.411422	3.270786	1.851046	2.013512
-1.471970	470801.214070	4399167.359870	10.040254	0.990663	-9.991261	1543475061.522792	3.207909	2.059922	2.013113
-1.474644	470801.419164	4399166.409352	10.059088	0.966110	-10.012587	1543475061.613693	3.307457	1.832937	2.023221
-1.484200	470801.475097	4399165.466429	10.015473	0.865984	-9.977964	1543475061.719644	3.273255	1.851774	2.033682
-1.474067	470801.581888	4399164.566788	10.037065	0.969174	-9.990164	1543475061.814028	3.220789	1.837459	2.042693
-1.484396	470801.573251	4399163.640175	9.843283	0.849365	-9.806569	1543475061.913971	3.272870	1.834576	2.053705
-1.481153	470801.677427	4399162.770266	9.290629	0.831712	-9.253326	1543475062.013670	3.272994	1.736130	2.056087
-1.480715	470801.752668	4399161.832970	9.428899	0.848323	-9.390659	1543475062.115252	3.364821	2.007829	2.047959
-1.489799	470801.758629	4399161.657217	9.257749	0.750436	-9.227283	1543475062.211470	1.814440	1.863619	2.035817
-1.493377	470801.865263	4399160.492736	9.165870	0.709484	-9.138370	1543475062.312049	2.382316	1.784144	1.851329
-1.489719	470801.925278	4399159.655654	9.000729	0.728376	-8.971209	1543475062.411793	2.311376	1.811071	1.869834
-1.480645	470802.026849	4399158.352621	8.902804	0.800848	-8.866711	1543475062.512308	3.268575	1.804957	1.953794
-1.497734	470802.075252	4399157.502662	8.719696	0.636906	-8.696404	1543475062.612958	3.241061	1.757296	1.942397
-1.499038	470802.159906	4399156.678975	8.542968	0.612396	-8.520990	1543475062.713301	3.243111	1.814092	1.947756
-1.500067	470802.176476	4399155.847403	8.542146	0.603661	-8.520789	1543475062.811627	3.270271	1.783631	1.967690
-1.495841	470802.241363	4399155.079135	8.232496	0.616274	-8.209397	1543475062.913033	3.284131	1.825072	1.974314
-1.506946	470802.283832	4399154.303342	8.039610	0.513356	-8.023204	1543475063.014960	3.260353	1.820662	1.980179
-1.512574	470802.328682	4399153.569714	7.843127	0.456518	-7.829830	1543475063.113364	3.238662	1.821284	1.988306
-1.519328	470802.319303	4399153.425998	7.446634	0.383360	-7.436760	1543475063.210895	2.240697	1.783159	1.965903
-1.527031	470802.330573	4399152.138839	7.249116	0.317314	-7.242167	1543475063.310184	3.251485	1.908184	1.932474
-1.525851	470802.343027	4399151.476959	7.048706	0.316544	-7.041595	1543475063.411919	3.181212	1.915214	1.924240
-1.536500	470802.363264	4399150.770225	6.898805	0.236644	-6.894745	1543475063.512722	3.229101	1.894892	1.770502
-1.539955	470802.406367	4399150.136146	6.703115	0.206683	-6.699928	1543475063.610767	3.238560	1.906756	1.769544
-1.543451	470802.396855	4399149.530206	6.511156	0.177792	-6.508728	1543475063.714885	3.169486	1.882452	1.771112
-1.540810	470802.427848	4399149.638253	6.088947	0.182621	-6.086208	1543475063.813046	1.786586	1.810722	1.927652
-1.525245	470802.416173	4399148.321352	6.138623	0.279258	-6.132267	1543475063.912652	3.185694	1.935242	1.917250
-1.549910	470802.443409	4399147.744515	5.929980	0.124853	-5.928665	1543475064.011770	3.241749	1.930213	1.773875
-1.530628	470802.487410	4399147.198697	5.523425	0.221187	-5.518994	1543475064.116502	3.211839	1.865873	1.892730
-1.540659	470802.519752	4399146.689441	5.312439	0.160282	-5.310021	1543475064.213258	3.175808	1.810160	1.890688
-1.546374	470802.559672	4399146.163681	5.343080	0.130622	-5.341483	1543475064.322273	3.243434	1.923687	1.906628
-1.528213	470802.562240	4399146.407633	5.169795	0.219848	-5.165119	1543475064.414607	1.882885	1.750460	1.917784
-1.501402	470802.754710	4399144.735033	4.966067	0.343820	-4.954151	1543475064.523792	4.243806	1.946359	1.905560
-1.474100	470802.839497	4399144.261199	4.994631	0.481559	-4.971362	1543475064.611963	4.088988	1.915881	1.872123
-1.441478	470802.962382	4399143.757000	4.804939	0.619000	-4.764900	1543475064.723701	4.099765	1.970884	1.868602
-1.401784	470803.078400	4399143.326077	5.978354	1.005055	-5.893266	1543475064.811692	4.045894	1.997706	1.861364
-1.384957	470803.211641	4399142.904842	4.560226	0.842345	-4.481753	1543475064.922832	4.001762	2.113611	2.073692
-1.339017	470803.418248	4399142.512756	4.566886	1.048218	-4.444962	1543475065.020516	4.140964	2.069731	1.867870
-1.276457	470803.627511	4399142.106387	5.673067	1.644622	-5.429448	1543475065.123443	4.179898	1.971928	1.876290
-1.231657	470803.862067	4399141.739069	5.407213	1.797868	-5.099571	1543475065.224117	4.105955	2.117675	2.077230
-1.153267	470804.072182	4399141.319401	5.393428	2.185627	-4.930730	1543475065.323014	4.197371	2.034194	1.868280
-1.080221	470804.378547	4399140.878002	5.220963	2.458601	-4.605837	1543475065.424480	4.309673	2.107075	1.875171
-0.998010	470804.677456	4399140.535601	5.066137	2.744500	-4.258340	1543475065.532964	4.363066	2.051050	2.078214
-0.922507	470805.059151	4399140.204309	5.017629	3.028740	-4.000417	1543475065.628301	4.456055	2.083503	1.871391
-0.822620	470805.434810	4399139.938639	4.957565	3.371229	-3.634868	1543475065.730403	4.485190	1.913413	2.078635
-0.728179	470805.898425	4399139.656681	4.946443	3.690747	-3.293278	1543475065.822161	4.810215	1.904884	2.066772
-0.624767	470806.201505	4399139.618610	4.837638	3.922875	-2.830864	1543475065.929890	4.534132	1.684784	2.057434
-0.521722	470806.573788	4399139.416294	4.806488	4.166325	-2.396678	1543475066.025989	4.560518	1.735850	2.046711
-0.422676	470806.990853	4399139.365757	4.641769	4.232718	-1.905286	1543475066.136744	4.643584	1.590522	2.039107
-0.297683	470807.445938	4399139.324379	4.594032	4.391614	-1.348650	1543475066.238460	4.653699	1.581997	2.034989
-0.204315	470807.719748	4399139.212313	4.401894	4.310459	-0.892534	1543475066.334228	4.470878	1.792250	2.025062
-0.126748	470808.272495	4399139.180629	4.196881	4.163212	-0.530539	1543475066.438000	4.777568	1.745442	2.018052
-0.098896	470808.690823	4399139.219530	4.096713	4.076838	-0.403057	1543475066.533840	4.765637	1.646980	2.020605
0.032580	470809.120757	4399139.305793	4.214877	4.212699	0.135464	1543475066.637589	4.829587	1.692398	2.016680
0.154909	470809.530177	4399139.476505	4.167681	4.118094	0.640989	1543475066.733310	4.853297	1.727984	2.024743
0.221855	470809.915618	4399139.626437	4.213975	4.110867	0.926479	1543475066.834991	4.919553	1.627130	2.030328
0.322043	470810.317498	4399139.823902	4.376245	4.151650	1.383953	1543475066.931464	4.891703	1.707073	1.810969
0.410472	470810.587118	4399140.326476	4.541120	4.164252	1.811292	1543475067.035294	4.908177	1.069337	1.910618
0.515988	470810.826213	4399140.566533	4.567065	3.973029	2.252360	1543475067.133121	4.980841	1.132766	2.018928
0.593665	470811.338713	4399140.747658	4.646009	3.850619	2.599641	1543475067.237485	4.769502	1.481664	2.024521
0.682641	470811.660802	4399141.044788	4.783726	3.711349	3.018264	1543475067.334229	4.642525	1.584037	2.026907
0.781857	470811.948377	4399141.374568	4.936196	3.502928	3.477862	1543475067.430933	4.658346	1.642814	1.803080
0.866499	470812.159433	4399141.779611	5.106790	3.307602	3.890896	1543475067.530182	4.630236	1.609727	2.010017
0.950536	470812.400707	4399142.153873	5.146821	2.993424	4.186786	1543475067.639372	4.583053	1.697905	2.014190
1.041067	470812.597967	4399142.507501	5.195985	2.627416	4.482739	1543475067.731073	4.649015	1.803174	2.003180
1.127222	470812.799598	4399142.929260	5.231499	2.245546	4.725051	1543475067.832089	4.663743	1.902574	1.993016
-2.024645	470812.939587	4399143.357266	5.218670	2.098222	4.778283	1543475067.933995	4.679320	1.737097	2.012086
-1.961898	470813.137053	4399143.809275	5.205462	1.923585	4.837009	1543475068.033687	4.703524	1.962350	2.010478
-1.894324	470813.137805	4399144.292272	5.328144	1.767105	5.026575	1543475068.140153	4.672824	1.811491	2.009967
-1.820912	470813.233057	4399144.817296	5.344621	1.531017	5.120640	1543475068.231652	4.627343	1.764404	2.004305
-1.779055	470813.282436	4399145.295401	5.356343	1.292795	5.197989	1543475068.333906	4.656815	1.851502	2.002705
-1.713948	470813.380515	4399145.813978	5.444483	1.025651	5.347003	1543475068.432149	4.680722	1.911821	2.002884
-1.686041	470813.426794	4399146.321587	5.483477	0.788937	5.426426	1543475068.530512	4.740371	1.920106	1.992560
-1.661680	470813.384470	4399146.881121	3.085159	0.326968	3.067784	1543475068.636329	4.686525	1.784712	2.075155
-1.618863	470813.373975	4399147.463358	5.702722	0.389339	5.689416	1543475068.730052	4.684409	1.768316	2.075560
-1.589401	470813.390297	4399148.001211	5.842756	0.197429	5.839420	1543475068.830211	4.750467	1.808823	2.077786
-1.559352	470813.346363	4399148.517858	5.860099	0.006819	5.860095	1543475068.933276	4.681429	1.833202	2.069952
-1.550249	470813.311989	4399149.069925	5.920323	-0.137691	5.918722	1543475069.035823	4.752501	1.827019	2.068144
-1.522525	470813.420856	4399149.688111	6.080809	-0.290269	6.073877	1543475069.131566	4.719262	2.015372	2.061200
-1.494855	470813.260887	4399150.247333	6.254615	-0.452444	6.238229	1543475069.232884	4.738314	1.725817	2.057241
-1.501445	470813.224326	4399150.873362	6.685146	-0.570423	6.660765	1543475069.329966	4.725573	1.772756	2.057646
-1.468899	470813.181766	4399151.480521	7.028267	-0.733575	6.989879	1543475069.437019	4.800951	1.732333	1.935387
-1.491046	470813.093394	4399152.097809	7.361505	-0.841449	7.313256	1543475069.528264	4.812579	1.730903	2.058986
-1.479201	470813.104402	4399152.688669	7.734945	-1.004698	7.669416	1543475069.622794	4.916669	1.784693	1.928592
-1.470481	470813.044338	4399153.389302	8.078393	-1.077183	8.006254	1543475069.731535	4.802833	1.934580	2.067441
-1.462342	470812.984221	4399154.022439	8.404718	-1.106459	8.331569	1543475069.821112	4.764133	1.937104	2.076672
-1.440665	470812.891227	4399154.669039	8.408386	-1.087860	8.337716	1543475069.930279	4.857331	1.855561	2.030043
-1.478139	470812.793006	4399155.342231	8.410047	-1.049885	8.344257	1543475070.019795	4.852303	1.864143	2.038602
-1.459076	470812.749550	4399156.047507	8.408526	-1.071245	8.340009	1543475070.132113	4.808956	1.861859	2.044625
-1.467722	470812.639417	4399156.790316	8.413034	-1.000167	8.353371	1543475070.222475	4.782446	1.726756	2.051922
-1.472255	470812.552434	4399157.458678	8.416103	-0.956144	8.361613	1543475070.326594	4.622285	1.715788	2.056845
-1.455630	470812.502431	4399158.230371	8.414959	-0.999441	8.355396	1543475070.420462	4.654013	1.741640	2.063601
-1.445650	470812.400302	4399159.015026	8.418557	-0.936751	8.366278	1543475070.544589	4.636267	1.711607	2.073725
-1.434703	470812.259743	4399159.780750	8.421582	-0.865008	8.377040	1543475070.620325	4.579033	1.602432	2.002148
-1.462902	470812.205972	4399160.554681	8.420384	-0.892641	8.372936	1543475070.724875	4.591551	1.699577	2.003481
-1.419316	470812.147831	4399161.401005	8.424898	-0.750723	8.391384	1543475070.820933	4.619244	1.681181	2.016646
-1.449987	470812.052785	4399162.274497	8.425964	-0.710217	8.395979	1543475070.933856	4.573219	1.742748	2.031036
-1.456844	470811.974299	4399163.119826	8.426279	-0.700034	8.397150	1543475071.025396	4.570221	1.722135	2.041295
-1.443988	470811.921989	4399163.960020	8.426622	-0.681546	8.399015	1543475071.129893	4.559245	1.649603	2.046855
-1.444260	470811.798250	4399164.864359	8.498537	-0.669780	8.472103	1543475071.218356	4.542825	1.760956	2.054708
-1.465937	470811.776798	4399165.762150	9.052994	-0.721428	9.024203	1543475071.325882	4.410352	1.707534	2.058235
-1.439842	470811.644751	4399166.695542	9.363838	-0.746047	9.334070	1543475071.422969	4.435378	1.663509	2.064551
-1.432337	470811.547246	4399167.623744	9.491946	-0.758189	9.461617	1543475071.534089	4.496161	1.691622	2.073397
1.662324	470811.470968	4399168.558903	9.543440	-0.870830	9.503626	1543475071.621899	4.482027	1.753290	2.070502
1.663095	470811.435979	4399169.533917	9.628757	-0.887458	9.587772	1543475071.730696	4.452302	1.793388	2.053226
1.660530	470811.339303	4399170.458625	9.678774	-0.868150	9.639760	1543475071.821750	4.495141	1.805845	2.049021
1.655242	470811.236669	4399171.408621	9.972609	-0.842151	9.936987	1543475071.927314	4.426758	1.807794	2.062193
1.655840	470811.124662	4399172.428684	10.062373	-0.854646	10.026012	1543475072.033435	4.377488	1.772387	2.060738
1.657816	470811.059681	4399173.399889	10.110908	-0.878510	10.072670	1543475072.130014	4.360497	1.841919	2.067837
1.657865	470810.880478	4399174.424796	10.150109	-0.882622	10.111661	1543475072.236773	4.363402	1.871492	2.055667
1.644182	470810.843980	4399175.399758	10.234187	-0.751683	10.206545	1543475072.329001	4.402061	1.790282	2.062920
1.663479	470810.748253	4399176.415342	10.281076	-0.949140	10.237170	1543475072.429806	4.295878	1.764238	2.051297
1.662184	470810.665827	4399177.412729	10.137133	-0.925237	10.094821	1543475072.532804	4.290197	1.790316	2.059830
1.662334	470810.533958	4399178.381797	10.083721	-0.921480	10.041529	1543475072.629155	4.390965	1.741083	2.050178
1.665581	470810.369780	4399179.382955	10.153312	-0.960689	10.107760	1543475072.730271	4.288852	1.782318	2.055332
1.650777	470810.390254	4399180.389961	10.249220	-0.820301	10.216341	1543475072.828018	4.325302	1.826485	2.069925
1.660595	470810.260261	4399181.380807	10.257073	-0.918805	10.215838	1543475072.928097	4.383633	1.838052	2.055846
1.676778	470810.140469	4399182.364749	10.248175	-1.082577	10.190835	1543475073.030756	4.425077	1.670349	2.059002
1.669439	470810.075306	4399183.401333	10.299394	-1.014835	10.249274	1543475073.131182	4.305655	1.760076	2.070079
1.656706	470809.980755	4399184.336342	10.406462	-0.894234	10.367970	1543475073.231925	4.164653	1.765059	2.060387
1.662174	470809.926685	4399185.350850	10.045530	-0.916014	10.003679	1543475073.332173	4.231367	1.840343	2.073115
1.653840	470809.782187	4399186.326944	10.041232	-0.833540	10.006576	1543475073.431673	4.250555	1.747215	1.885996
1.653148	470809.695796	4399187.351541	9.751160	-0.802067	9.718118	1543475073.531054	4.442472	1.823642	2.044716
1.670232	470809.587852	4399188.347461	9.752805	-0.966566	9.704790	1543475073.629943	4.320268	1.755881	1.971458
1.674338	470809.483221	4399189.288212	9.765796	-1.009192	9.713511	1543475073.741193	4.257837	1.698985	1.957163
1.681127	470809.386859	4399190.273998	10.162292	-1.118667	10.100533	1543475073.829924	4.327616	1.707888	1.985529
1.685935	470809.295086	4399191.172445	9.518619	-1.093425	9.455608	1543475073.931057	4.384030	1.725260	1.982802
1.671068	470809.155194	4399192.034275	9.512386	-0.953665	9.464460	1543475074.030311	4.018435	1.613221	1.755645
1.667049	470809.124681	4399193.153376	9.513600	-0.914551	9.469540	1543475074.132033	4.285320	1.780556	1.819185
