front	position-x	position-y	speed	speed-x	speed-y	timestamp	v-x	v-y	v-z
-1.510682	470903.604351	4399096.384704	0.000000	0.000000	0.000000	1543371750.885489	4.544440	1.651120	1.464460
-1.510683	470903.575222	4399096.706461	0.000000	0.000000	0.000000	1543371750.995701	4.544440	1.651120	1.464460
-1.510692	470903.542029	4399097.061292	0.000000	0.000000	0.000000	1543371751.098364	4.544440	1.651120	1.464460
-1.510691	470903.509621	4399097.419560	0.000000	0.000000	0.000000	1543371751.194329	4.544440	1.651120	1.464460
-1.510694	470903.471383	4399097.815003	0.000000	0.000000	0.000000	1543371751.294313	4.544440	1.651120	1.464460
-1.510692	470903.460636	4399097.935091	0.000000	0.000000	0.000000	1543371751.395847	4.544440	1.651120	1.464460
-1.510712	470903.449349	4399098.071928	0.000000	0.000000	0.000000	1543371751.496831	4.544440	1.651120	1.464460
-1.510689	470903.443544	4399098.131040	0.000000	0.000000	0.000000	1543371751.594017	4.544440	1.651120	1.464460
-1.510671	470903.437683	4399098.204406	0.000000	0.000000	0.000000	1543371751.688377	4.544440	1.651120	1.464460
-1.510670	470903.437056	4399098.223555	0.000000	0.000000	0.000000	1543371751.797708	4.544440	1.651120	1.464460
-1.510667	470903.431997	4399098.265222	0.000000	0.000000	0.000000	1543371751.888747	4.544440	1.651120	1.464460
-1.510652	470903.428614	4399098.294353	0.000000	0.000000	0.000000	1543371751.995188	4.544440	1.651120	1.464460
-1.510635	470903.422977	4399098.343517	0.000000	0.000000	0.000000	1543371752.097266	4.544440	1.651120	1.464460
-1.510635	470903.416812	4399098.378364	0.000000	0.000000	0.000000	1543371752.199176	4.544440	1.651120	1.464460
-1.510648	470903.437415	4399098.127935	0.000000	0.000000	0.000000	1543371752.298616	4.544440	1.651120	1.464460
-1.510668	470903.479104	4399097.669833	0.000000	0.000000	0.000000	1543371752.397190	4.544440	1.651120	1.464460
-1.510751	470903.556082	4399096.811458	0.000000	0.000000	0.000000	1543371752.497015	4.544440	1.651120	1.464460
-1.510820	470903.598148	4399096.351734	0.000000	0.000000	0.000000	1543371752.595241	4.544440	1.651120	1.464460
-1.511010	470903.753531	4399094.696374	0.000000	0.000000	0.000000	1543371752.694487	4.544440	1.651120	1.464460
-1.511127	470903.821252	4399093.979249	0.000000	0.000000	0.000000	1543371752.796901	4.544440	1.651120	1.464460
-1.511431	470903.903516	4399093.117074	0.000000	0.000000	0.000000	1543371752.897192	4.544440	1.651120	1.464460
-1.511593	470903.926152	4399092.863599	0.000000	0.000000	0.000000	1543371752.995347	4.544440	1.651120	1.464460
-1.511939	470903.937713	4399092.752149	0.000000	0.000000	0.000000	1543371753.094794	4.544440	1.651120	1.464460
-1.512140	470903.935761	4399092.774735	0.000000	0.000000	0.000000	1543371753.198106	4.544440	1.651120	1.464460
-1.512541	470903.916779	4399092.930212	0.000000	0.000000	0.000000	1543371753.297513	4.544440	1.651120	1.464460
-1.512763	470903.907156	4399093.016841	0.000000	0.000000	0.000000	1543371753.399676	4.544440	1.651120	1.464460
-1.513201	470903.954113	4399092.481420	0.000000	0.000000	0.000000	1543371753.501971	4.544440	1.651120	1.464460
-1.513379	470903.966367	4399092.346833	0.000000	0.000000	0.000000	1543371753.601837	4.544440	1.651120	1.464460
-1.513769	470903.966973	4399092.353572	0.000000	0.000000	0.000000	1543371753.696074	4.544440	1.651120	1.464460
-1.513995	470903.959990	4399092.420451	0.000000	0.000000	0.000000	1543371753.799009	4.544440	1.651120	1.464460
-1.514705	470903.992080	4399092.056483	0.000000	0.000000	0.000000	1543371753.995691	4.544440	1.651120	1.464460
-1.515161	470903.983966	4399092.139964	0.000000	0.000000	0.000000	1543371754.095055	4.544440	1.651120	1.464460
-1.515590	470903.972445	4399092.244857	0.000000	0.000000	0.000000	1543371754.196070	4.544440	1.651120	1.464460
-1.517069	470903.921336	4399092.746406	0.000000	0.000000	0.000000	1543371754.398050	4.544440	1.651120	1.464460
-1.518252	470903.884458	4399093.143483	0.000000	0.000000	0.000000	1543371754.499610	4.544440	1.651120	1.464460
-1.518933	470903.862407	4399093.353430	0.000000	0.000000	0.000000	1543371754.596732	4.544440	1.651120	1.464460
-1.520455	470903.863342	4399093.303180	0.000000	0.000000	0.000000	1543371754.697202	4.544440	1.651120	1.464460
-1.523107	470903.835728	4399093.509642	0.000000	0.000000	0.000000	1543371754.896833	4.544440	1.651120	1.464460
-1.526336	470903.931110	4399092.499605	0.000000	0.000000	0.000000	1543371755.095777	4.544440	1.651120	1.464460
-1.527493	470903.925924	4399092.626147	0.000000	0.000000	0.000000	1543371755.195752	4.544440	1.651120	1.464460
-1.529925	470903.912808	4399092.772978	0.000000	0.000000	0.000000	1543371755.300893	4.544440	1.651120	1.464460
-1.531207	470903.909947	4399092.830960	0.000000	0.000000	0.000000	1543371755.398135	4.544440	1.651120	1.464460
-1.532964	470903.902516	4399092.952762	0.000000	0.000000	0.000000	1543371755.495901	4.544440	1.651120	1.464460
-1.537802	470903.833515	4399093.824661	0.000000	0.000000	0.000000	1543371755.704437	4.544440	1.651120	1.464460
-1.539311	470903.836241	4399093.864273	0.000000	0.000000	0.000000	1543371755.797050	4.544440	1.651120	1.464460
-1.543533	470903.839543	4399094.019339	0.000000	0.000000	0.000000	1543371755.996343	4.544440	1.651120	1.464460
-1.546091	470903.834672	4399094.187203	0.000000	0.000000	0.000000	1543371756.097933	4.544440	1.651120	1.464460
-1.547258	470903.819659	4399094.417698	0.000000	0.000000	0.000000	1543371756.196778	4.544440	1.651120	1.464460
-1.549356	470903.771287	4399095.112837	0.000000	0.000000	0.000000	1543371756.398118	4.544440	1.651120	1.464460
-1.550661	470903.741741	4399095.645276	0.000000	0.000000	0.000000	1543371756.497068	4.544440	1.651120	1.464460
-1.550894	470903.750654	4399095.612287	0.000000	0.000000	0.000000	1543371756.596706	4.544440	1.651120	1.464460
-1.550589	470903.740342	4399096.019041	0.000000	0.000000	0.000000	1543371756.695985	4.544440	1.651120	1.464460
-1.549997	470903.745855	4399096.093673	0.000000	0.000000	0.000000	1543371756.796371	4.544440	1.651120	1.464460
-1.548022	470903.775615	4399096.102919	0.000000	0.000000	0.000000	1543371756.897485	4.544440	1.651120	1.464460
-1.545038	470903.784175	4399096.229033	0.000000	0.000000	0.000000	1543371756.997712	4.544440	1.651120	1.464460
-1.543156	470903.800738	4399096.218401	0.000000	0.000000	0.000000	1543371757.096147	4.544440	1.651120	1.464460
-1.536204	470903.880251	4399095.690031	0.000000	0.000000	0.000000	1543371757.297443	4.544440	1.651120	1.464460
-1.533538	470903.911209	4399095.474038	0.000000	0.000000	0.000000	1543371757.401290	4.544440	1.651120	1.464460
-1.527923	470903.961791	4399095.046283	0.000000	0.000000	0.000000	1543371757.501771	4.544440	1.651120	1.464460
-1.524992	470903.989827	4399094.848957	0.000000	0.000000	0.000000	1543371757.598307	4.544440	1.651120	1.464460
-1.519038	470904.079949	4399094.034936	0.000000	0.000000	0.000000	1543371757.694539	4.544440	1.651120	1.464460
-1.516168	470904.108165	4399093.772734	0.000000	0.000000	0.000000	1543371757.802865	4.544440	1.651120	1.464460
-1.510804	470904.187333	4399092.924363	0.000000	0.000000	0.000000	1543371757.897024	4.544440	1.651120	1.464460
-1.508316	470904.203421	4399092.720598	0.000000	0.000000	0.000000	1543371757.998181	4.544440	1.651120	1.464460
-1.503687	470904.192407	4399092.794372	0.000000	0.000000	0.000000	1543371758.094380	4.544440	1.651120	1.464460
-1.499599	470904.159613	4399092.995647	0.000000	0.000000	0.000000	1543371758.212066	4.544440	1.651120	1.464460
-1.497776	470904.120155	4399093.335314	0.000000	0.000000	0.000000	1543371758.299632	4.544440	1.651120	1.464460
-1.496123	470904.096510	4399093.553323	0.000000	0.000000	0.000000	1543371758.408639	4.544440	1.651120	1.464460
-1.493103	470904.050422	4399093.820212	0.000000	0.000000	0.000000	1543371758.494400	4.544440	1.651120	1.464460
-1.491679	470904.031134	4399093.917500	0.000000	0.000000	0.000000	1543371758.608059	4.544440	1.651120	1.464460
-1.489131	470903.997003	4399094.117130	0.000000	0.000000	0.000000	1543371758.695167	4.544440	1.651120	1.464460
-1.487897	470903.947847	4399094.512936	0.000000	0.000000	0.000000	1543371758.809336	4.544440	1.651120	1.464460
-1.485481	470903.874610	4399095.041736	0.000000	0.000000	0.000000	1543371758.895098	4.544440	1.651120	1.464460
-1.484319	470903.845041	4399095.251754	0.000000	0.000000	0.000000	1543371759.004104	4.544440	1.651120	1.464460
-1.482042	470903.786601	4399095.640277	0.000000	0.000000	0.000000	1543371759.099736	4.544440	1.651120	1.464460
-1.479234	470903.683846	4399096.465161	0.000000	0.000000	0.000000	1543371759.297573	4.544440	1.651120	1.464460
-1.476379	470903.579358	4399097.338587	0.000000	0.000000	0.000000	1543371759.497393	4.544440	1.651120	1.464460
-1.474965	470903.529560	4399097.717063	0.000000	0.000000	0.000000	1543371759.613041	4.544440	1.651120	1.464460
-1.472594	470903.414629	4399098.678924	0.000000	0.000000	0.000000	1543371759.696169	4.544440	1.651120	1.464460
-1.470867	470903.297142	4399099.657890	0.000000	0.000000	0.000000	1543371759.806860	4.544440	1.651120	1.464460
-1.470252	470903.271692	4399099.795122	0.000000	0.000000	0.000000	1543371759.896226	4.544440	1.651120	1.464460
-1.469798	470903.269739	4399099.688813	0.000000	0.000000	0.000000	1543371760.006207	4.544440	1.651120	1.464460
-1.469321	470903.237930	4399099.718732	0.000000	0.000000	0.000000	1543371760.095075	4.544440	1.651120	1.464460
-1.469195	470903.213751	4399099.687976	0.000000	0.000000	0.000000	1543371760.205354	4.544440	1.651120	1.464460
-1.469249	470903.197269	4399099.683643	0.000000	0.000000	0.000000	1543371760.308635	4.544440	1.651120	1.464460
-1.469370	470903.284196	4399098.605827	0.000000	0.000000	0.000000	1543371760.411095	4.544440	1.651120	1.464460
-1.469680	470903.358297	4399097.519190	0.000000	0.000000	0.000000	1543371760.500311	4.544440	1.651120	1.464460
-1.470512	470903.800774	4399092.177749	0.000000	0.000000	0.000000	1543371760.811418	4.544440	1.651120	1.464460
-1.470960	470904.198292	4399087.702826	0.000000	0.000000	0.000000	1543371760.896962	4.544440	1.651120	1.464460
-1.471413	470904.359082	4399085.824071	0.000000	0.000000	0.000000	1543371761.014392	4.544440	1.651120	1.464460
-1.471612	470904.479823	4399084.429618	0.000000	0.000000	0.000000	1543371761.095993	4.544440	1.651120	1.464460
-1.471785	470904.602693	4399083.061361	0.000000	0.000000	0.000000	1543371761.206687	4.544440	1.651120	1.464460
-1.472075	470904.867558	4399080.081828	0.000000	0.000000	0.000000	1543371761.295589	4.544440	1.651120	1.464460
-1.472247	470905.178117	4399076.673503	1.963773	0.142854	-1.958570	1543371761.412251	4.544440	1.651120	1.464460
-1.472304	470905.332613	4399075.014599	2.545322	0.196883	-2.537696	1543371761.496938	4.544440	1.651120	1.464460
-1.472390	470905.669421	4399071.453602	3.053254	0.245246	-3.043389	1543371761.607137	4.544440	1.651120	1.464460
-1.472418	470905.788381	4399070.208236	3.347473	0.273462	-3.336285	1543371761.698955	4.544440	1.651120	1.464460
-1.472427	470905.949877	4399068.478988	3.576166	0.295558	-3.563932	1543371761.805006	4.544440	1.651120	1.464460
-1.472491	470906.081730	4399066.923269	3.738784	0.309936	-3.725915	1543371761.895079	4.544440	1.651120	1.464460
-1.472523	470906.120275	4399066.460715	3.785602	0.313999	-3.772557	1543371762.005945	4.544440	1.651120	1.464460
-1.472517	470906.210280	4399065.370716	3.840232	0.318450	-3.827005	1543371762.097038	4.544440	1.651120	1.464460
-1.472347	470906.349266	4399063.904390	3.986487	0.333150	-3.972542	1543371762.211988	4.544440	1.651120	1.464460
-1.472114	470906.483324	4399062.433989	4.093740	0.343784	-4.079279	1543371762.410542	4.544440	1.651120	1.464460
-1.471811	470906.611502	4399060.980587	4.193806	0.353075	-4.178917	1543371762.501477	4.544440	1.651120	1.464460
-1.471649	470906.683395	4399060.168246	4.235772	0.357138	-4.220689	1543371762.605124	4.544440	1.651120	1.464460
-1.471008	470906.917871	4399057.557821	4.423557	0.375077	-4.407627	1543371762.807251	4.544440	1.651120	1.464460
-1.470428	470906.955978	4399057.089562	4.405919	0.373322	-4.390075	1543371762.898833	4.544440	1.651120	1.464460
-1.469870	470906.980539	4399056.717398	4.324030	0.365247	-4.308576	1543371763.009699	4.544440	1.651120	1.464460
-1.469679	470906.989163	4399056.540435	4.259280	0.358752	-4.244145	1543371763.102386	4.544440	1.651120	1.464460
-1.469565	470906.961194	4399056.755752	4.135162	0.346765	-4.120596	1543371763.206592	4.544440	1.651120	1.464460
-1.469559	470906.948194	4399056.854511	4.071890	0.340670	-4.057614	1543371763.294067	4.544440	1.651120	1.464460
-1.469585	470906.952706	4399056.699652	4.007640	0.333908	-3.993705	1543371763.423282	4.544440	1.651120	1.464460
-1.469643	470906.932274	4399056.869009	3.934719	0.326797	-3.921125	1543371763.500527	4.544440	1.651120	1.464460
-1.469727	470906.913479	4399057.007918	3.868369	0.320104	-3.855102	1543371763.610565	4.544440	1.651120	1.464460
-1.469930	470906.918918	4399056.888354	3.762280	0.310609	-3.749437	1543371763.697995	4.544440	1.651120	1.464460
-1.470160	470906.921247	4399056.798769	3.652414	0.300687	-3.640015	1543371763.812287	4.544440	1.651120	1.464460
-1.470267	470906.967636	4399056.283593	3.653836	0.301412	-3.641382	1543371763.896990	4.544440	1.651120	1.464460
-1.470399	470907.040773	4399055.546712	3.736696	0.310270	-3.723792	1543371764.008565	4.544440	1.651120	1.464460
-1.470706	470907.153415	4399054.354124	3.811798	0.318693	-3.798452	1543371764.100059	4.544440	1.651120	1.464460
-1.470858	470907.248841	4399053.242167	3.787205	0.317029	-3.773912	1543371764.295765	4.544440	1.651120	1.464460
-1.470962	470907.302784	4399052.740895	3.787145	0.319025	-3.773684	1543371764.413480	4.544440	1.651120	1.464460
-1.470891	470907.452234	4399051.115236	3.807367	0.322778	-3.793660	1543371764.494900	4.544440	1.651120	1.464460
-1.470687	470907.578636	4399049.875661	3.890111	0.333333	-3.875804	1543371764.609398	4.544440	1.651120	1.464460
-1.470168	470907.669705	4399048.996055	3.863933	0.333715	-3.849495	1543371764.811074	4.544440	1.651120	1.464460
-1.469927	470907.664659	4399049.046640	3.810638	0.328986	-3.796410	1543371764.893849	4.544440	1.651120	1.464460
-1.469301	470907.682774	4399048.889236	3.707681	0.320859	-3.693772	1543371765.014626	4.544440	1.651120	1.464460
-1.469046	470907.682224	4399048.925430	3.657964	0.317007	-3.644202	1543371765.094778	4.544440	1.651120	1.464460
-1.468929	470907.650570	4399049.241483	3.562429	0.308005	-3.549089	1543371765.208561	4.544440	1.651120	1.464460
-1.469147	470907.590801	4399049.806122	3.352757	0.288140	-3.340353	1543371765.296992	4.544440	1.651120	1.464460
-1.469294	470907.589939	4399049.796527	3.266856	0.280406	-3.254799	1543371765.409220	4.544440	1.651120	1.464460
-1.469512	470907.610231	4399049.583116	3.224261	0.277037	-3.212337	1543371765.495888	4.544440	1.651120	1.464460
-1.470248	470907.600215	4399049.748107	3.119842	0.268777	-3.108243	1543371765.608074	4.544440	1.651120	1.464460
-1.471141	470907.613218	4399049.721943	3.014893	0.261589	-3.003524	1543371765.694282	4.544440	1.651120	1.464460
-1.472041	470907.600516	4399049.861343	2.884708	0.250186	-2.873838	1543371765.805862	4.544440	1.651120	1.464460
-1.472299	470907.608152	4399049.785705	0.094264	0.007721	-0.093947	1543371765.898534	4.544440	1.651120	1.464460
-1.472479	470907.617398	4399049.701335	0.000000	0.000000	0.000000	1543371766.010738	4.544440	1.651120	1.464460
-1.472787	470907.682038	4399049.101903	0.000000	0.000000	0.000000	1543371766.095821	4.544440	1.651120	1.464460
-1.472888	470907.696893	4399048.957807	0.000000	0.000000	0.000000	1543371766.207923	4.544440	1.651120	1.464460
-1.468230	470907.708494	4399048.948633	0.000000	0.000000	0.000000	1543371766.308962	4.544440	1.651120	1.464460
-1.466503	470907.721606	4399048.950962	0.000000	0.000000	0.000000	1543371766.414391	4.544440	1.651120	1.464460
-1.465766	470907.716875	4399049.099936	0.000000	0.000000	0.000000	1543371766.608255	4.544440	1.651120	1.464460
-1.469320	470907.732176	4399048.982825	0.000000	0.000000	0.000000	1543371766.698101	4.544440	1.651120	1.464460
-1.463637	470907.708284	4399049.376244	0.000000	0.000000	0.000000	1543371766.808114	4.544440	1.651120	1.464460
-1.465582	470907.707352	4399049.552133	0.000000	0.000000	0.000000	1543371766.897520	4.544440	1.651120	1.464460
-1.462661	470907.738279	4399049.517499	0.000000	0.000000	0.000000	1543371767.009509	4.544440	1.651120	1.464460
-1.465262	470907.754759	4399049.390987	0.000000	0.000000	0.000000	1543371767.097140	4.544440	1.651120	1.464460
-1.460956	470907.719060	4399050.020764	0.000000	0.000000	0.000000	1543371767.205873	4.544440	1.651120	1.464460
-1.463771	470907.667215	4399050.846302	0.000000	0.000000	0.000000	1543371767.295048	4.544440	1.651120	1.464460
-1.461252	470907.593557	4399051.963298	0.000000	0.000000	0.000000	1543371767.405886	4.544440	1.651120	1.464460
-1.463073	470907.573617	4399052.567448	0.000000	0.000000	0.000000	1543371767.611761	4.544440	1.651120	1.464460
-1.461862	470907.533041	4399053.095279	0.000000	0.000000	0.000000	1543371767.697421	4.544440	1.651120	1.464460
-1.464411	470907.484394	4399053.815863	0.000000	0.000000	0.000000	1543371767.807077	4.544440	1.651120	1.464460
-1.462961	470907.451271	4399054.279743	0.000000	0.000000	0.000000	1543371767.898037	4.544440	1.651120	1.464460
-1.462376	470907.418025	4399054.723803	0.000000	0.000000	0.000000	1543371768.004974	4.544440	1.651120	1.464460
-1.463776	470907.363678	4399055.365610	0.000000	0.000000	0.000000	1543371768.096155	4.544440	1.651120	1.464460
-1.464327	470907.336458	4399055.728109	1.093850	0.040944	1.093084	1543371768.206056	4.544440	1.651120	1.464460
-1.456009	470907.288337	4399056.335812	0.000000	0.000000	0.000000	1543371768.410618	4.544440	1.651120	1.464460
-1.464196	470907.353159	4399055.744276	0.000000	0.000000	0.000000	1543371768.501419	4.544440	1.651120	1.464460
-1.464024	470907.419879	4399055.085333	0.000000	0.000000	0.000000	1543371768.609126	4.544440	1.651120	1.464460
-1.460435	470907.421131	4399055.051731	0.000000	0.000000	0.000000	1543371768.697997	4.544440	1.651120	1.464460
-1.461005	470907.421597	4399055.060939	0.000000	0.000000	0.000000	1543371768.811607	4.544440	1.651120	1.464460
-1.464431	470907.444641	4399054.846410	0.000000	0.000000	0.000000	1543371768.895728	4.544440	1.651120	1.464460
-1.456908	470907.425875	4399054.986388	0.000000	0.000000	0.000000	1543371769.010381	4.544440	1.651120	1.464460
-1.461957	470907.430485	4399054.922529	0.000000	0.000000	0.000000	1543371769.096093	4.544440	1.651120	1.464460
-1.456574	470907.428012	4399054.889653	0.000000	0.000000	0.000000	1543371769.205676	4.544440	1.651120	1.464460
-1.459877	470907.406861	4399055.044731	0.000000	0.000000	0.000000	1543371769.295844	4.544440	1.651120	1.464460
-1.461376	470907.367191	4399055.374860	0.000000	0.000000	0.000000	1543371769.408051	4.544440	1.651120	1.464460
-1.461666	470907.257728	4399056.437112	0.000000	0.000000	0.000000	1543371769.496553	4.544440	1.651120	1.464460
-1.465237	470907.247844	4399056.554310	0.000000	0.000000	0.000000	1543371769.614850	4.544440	1.651120	1.464460
-1.465652	470907.178089	4399057.239734	0.000000	0.000000	0.000000	1543371769.695309	4.544440	1.651120	1.464460
-1.468124	470907.164756	4399057.372578	0.000000	0.000000	0.000000	1543371769.805940	4.544440	1.651120	1.464460
-1.464002	470907.143860	4399057.640008	0.000000	0.000000	0.000000	1543371769.910379	4.544440	1.651120	1.464460
-1.467011	470907.153463	4399057.575871	0.000000	0.000000	0.000000	1543371770.003161	4.544440	1.651120	1.464460
-1.462735	470907.129400	4399057.864785	0.000000	0.000000	0.000000	1543371770.107323	4.544440	1.651120	1.464460
-1.468583	470907.121347	4399057.992750	0.000000	0.000000	0.000000	1543371770.209669	4.544440	1.651120	1.464460
-1.470285	470907.116500	4399058.068724	0.000000	0.000000	0.000000	1543371770.309790	4.544440	1.651120	1.464460
-1.471457	470907.115917	4399058.112083	0.000000	0.000000	0.000000	1543371770.413768	4.544440	1.651120	1.464460
-1.472766	470907.136752	4399058.016684	0.000000	0.000000	0.000000	1543371770.511866	4.544440	1.651120	1.464460
-1.468219	470907.122408	4399058.259235	0.000000	0.000000	0.000000	1543371770.607550	4.544440	1.651120	1.464460
-1.466562	470907.102952	4399058.580495	0.000000	0.000000	0.000000	1543371770.707829	4.544440	1.651120	1.464460
-1.469884	470907.105557	4399058.655737	0.000000	0.000000	0.000000	1543371770.814668	4.544440	1.651120	1.464460
-1.470752	470907.105814	4399058.689280	0.000000	0.000000	0.000000	1543371770.908875	4.544440	1.651120	1.464460
-1.471316	470907.106179	4399058.727642	0.000000	0.000000	0.000000	1543371771.005146	4.544440	1.651120	1.464460
-1.467063	470907.101109	4399058.912450	0.000000	0.000000	0.000000	1543371771.109051	4.544440	1.651120	1.464460
-1.468752	470907.095424	4399059.012238	0.000000	0.000000	0.000000	1543371771.205498	4.544440	1.651120	1.464460
-1.467938	470907.039479	4399059.661507	0.000000	0.000000	0.000000	1543371771.309936	4.544440	1.651120	1.464460
-1.465677	470906.981301	4399060.275643	0.000000	0.000000	0.000000	1543371771.406590	4.544440	1.651120	1.464460
-1.466229	470906.894615	4399061.093326	0.000000	0.000000	0.000000	1543371771.508606	4.544440	1.651120	1.464460
-1.470811	470906.869453	4399061.334119	0.000000	0.000000	0.000000	1543371771.605227	4.544440	1.651120	1.464460
-1.469733	470906.838077	4399061.773818	0.000000	0.000000	0.000000	1543371771.808166	4.544440	1.651120	1.464460
-1.468703	470906.829506	4399061.920280	0.000000	0.000000	0.000000	1543371771.911214	4.544440	1.651120	1.464460
-1.468641	470906.789861	4399062.414172	0.000000	0.000000	0.000000	1543371772.010152	4.544440	1.651120	1.464460
-1.464665	470906.769537	4399062.644172	0.000000	0.000000	0.000000	1543371772.108238	4.544440	1.651120	1.464460
-1.469127	470906.753087	4399062.818071	0.000000	0.000000	0.000000	1543371772.205551	4.544440	1.651120	1.464460
-1.464839	470906.724785	4399063.111465	0.000000	0.000000	0.000000	1543371772.314852	4.544440	1.651120	1.464460
-1.469026	470906.707447	4399063.295136	0.000000	0.000000	0.000000	1543371772.407981	4.544440	1.651120	1.464460
-1.470183	470906.586941	4399064.499458	0.000000	0.000000	0.000000	1543371772.508884	4.544440	1.651120	1.464460
-1.466946	470906.779155	4399062.886521	0.000000	0.000000	0.000000	1543371772.711005	4.544440	1.651120	1.464460
-1.460544	470906.841650	4399062.473981	0.000000	0.000000	0.000000	1543371772.810457	4.544440	1.651120	1.464460
-1.468041	470906.854531	4399062.451275	0.000000	0.000000	0.000000	1543371772.909861	4.544440	1.651120	1.464460
-1.466609	470906.955811	4399061.676251	0.000000	0.000000	0.000000	1543371773.005505	4.544440	1.651120	1.464460
-1.455687	470907.099689	4399060.528322	0.000000	0.000000	0.000000	1543371773.211700	4.544440	1.651120	1.464460
-1.463849	470907.125967	4399060.333746	0.000000	0.000000	0.000000	1543371773.306443	4.544440	1.651120	1.464460
-1.463466	470907.190350	4399059.849254	0.000000	0.000000	0.000000	1543371773.405457	4.544440	1.651120	1.464460
-1.462345	470907.194436	4399059.845860	0.000000	0.000000	0.000000	1543371773.498767	4.544440	1.651120	1.464460
-1.459689	470907.223289	4399059.598556	0.000000	0.000000	0.000000	1543371773.604401	4.544440	1.651120	1.464460
-1.464194	470907.265943	4399059.353116	0.000000	0.000000	0.000000	1543371773.808640	4.544440	1.651120	1.464460
-1.456108	470907.284750	4399059.239592	0.000000	0.000000	0.000000	1543371773.908540	4.544440	1.651120	1.464460
-1.458205	470907.283586	4399059.294016	0.000000	0.000000	0.000000	1543371774.006404	4.544440	1.651120	1.464460
-1.461122	470907.300000	4399059.179071	0.000000	0.000000	0.000000	1543371774.111807	4.544440	1.651120	1.464460
-1.466265	470907.331627	4399058.930685	0.000000	0.000000	0.000000	1543371774.207920	4.544440	1.651120	1.464460
-1.458269	470907.339563	4399058.883943	0.000000	0.000000	0.000000	1543371774.306662	4.544440	1.651120	1.464460
-1.462057	470907.371861	4399058.573095	0.000000	0.000000	0.000000	1543371774.409450	4.544440	1.651120	1.464460
-1.462485	470907.418774	4399058.176682	0.000000	0.000000	0.000000	1543371774.510288	4.544440	1.651120	1.464460
-1.466089	470907.462326	4399057.807806	0.000000	0.000000	0.000000	1543371774.611808	4.544440	1.651120	1.464460
-1.458735	470907.447032	4399057.944690	0.000000	0.000000	0.000000	1543371774.708218	4.544440	1.651120	1.464460
-1.462794	470907.469213	4399057.737060	0.000000	0.000000	0.000000	1543371774.804897	4.544440	1.651120	1.464460
-1.463163	470907.465934	4399057.720864	0.000000	0.000000	0.000000	1543371774.908562	4.544440	1.651120	1.464460
-1.468192	470907.460770	4399057.779981	0.000000	0.000000	0.000000	1543371775.011971	4.544440	1.651120	1.464460
-1.467169	470907.459515	4399057.785494	0.000000	0.000000	0.000000	1543371775.106810	4.544440	1.651120	1.464460
-1.462114	470907.468014	4399057.703673	0.000000	0.000000	0.000000	1543371775.206264	4.544440	1.651120	1.464460
-1.460327	470907.477758	4399057.503279	0.000000	0.000000	0.000000	1543371775.407906	4.544440	1.651120	1.464460
-1.460803	470907.495716	4399057.324433	0.000000	0.000000	0.000000	1543371775.507343	4.544440	1.651120	1.464460
-1.459595	470907.523313	4399057.034940	0.000000	0.000000	0.000000	1543371775.607141	4.544440	1.651120	1.464460
-1.462710	470907.519800	4399057.056972	0.000000	0.000000	0.000000	1543371775.708614	4.544440	1.651120	1.464460
-1.467411	470907.506796	4399057.173752	0.000000	0.000000	0.000000	1543371775.807253	4.544440	1.651120	1.464460
-1.459087	470907.478503	4399057.453365	0.000000	0.000000	0.000000	1543371775.906590	4.544440	1.651120	1.464460
-1.466233	470907.454058	4399057.719421	0.000000	0.000000	0.000000	1543371776.014396	4.544440	1.651120	1.464460
-1.468900	470907.455183	4399057.731919	0.000000	0.000000	0.000000	1543371776.108043	4.544440	1.651120	1.464460
-1.464864	470907.457609	4399057.758321	0.000000	0.000000	0.000000	1543371776.209480	4.544440	1.651120	1.464460
-1.462892	470907.438638	4399057.925673	0.000000	0.000000	0.000000	1543371776.307974	4.544440	1.651120	1.464460
-1.469163	470907.422141	4399058.093791	0.000000	0.000000	0.000000	1543371776.406647	4.544440	1.651120	1.464460
-1.463786	470907.406945	4399058.372836	0.000000	0.000000	0.000000	1543371776.607497	4.544440	1.651120	1.464460
-1.458772	470907.416299	4399058.366018	0.000000	0.000000	0.000000	1543371776.707555	4.544440	1.651120	1.464460
-1.462137	470907.432804	4399058.239666	0.000000	0.000000	0.000000	1543371776.808138	4.544440	1.651120	1.464460
-1.462016	470907.466601	4399058.061531	0.000000	0.000000	0.000000	1543371776.908173	4.544440	1.651120	1.464460
-1.466679	470907.482561	4399057.985994	0.000000	0.000000	0.000000	1543371777.009952	4.544440	1.651120	1.464460
-1.458309	470907.492980	4399057.966049	0.000000	0.000000	0.000000	1543371777.109606	4.544440	1.651120	1.464460
-1.461630	470907.513638	4399057.848481	0.000000	0.000000	0.000000	1543371777.206416	4.544440	1.651120	1.464460
-1.461542	470907.516927	4399057.923178	0.000000	0.000000	0.000000	1543371777.309390	4.544440	1.651120	1.464460
-1.466393	470907.527978	4399057.910959	0.000000	0.000000	0.000000	1543371777.407949	4.544440	1.651120	1.464460
-1.458140	470907.531244	4399057.978375	0.000000	0.000000	0.000000	1543371777.509214	4.544440	1.651120	1.464460
-1.458136	470907.542812	4399057.960278	0.000000	0.000000	0.000000	1543371777.607933	4.544440	1.651120	1.464460
-1.461676	470907.585810	4399057.628524	0.000000	0.000000	0.000000	1543371777.710434	4.544440	1.651120	1.464460
-1.465245	470907.613370	4399057.469935	0.000000	0.000000	0.000000	1543371777.808072	4.544440	1.651120	1.464460
1.856971	470907.007015	4399063.233544	0.000000	0.000000	0.000000	1543371777.911686	0.130619	0.743021	0.549588
1.899232	470907.120861	4399063.157571	0.000000	0.000000	0.000000	1543371778.006949	0.303457	1.308249	0.011844
1.870458	470906.814795	4399065.391431	0.000000	0.000000	0.000000	1543371778.108245	0.010000	0.010000	0.981353
1.861357	470906.628647	4399065.278475	0.000000	0.000000	0.000000	1543371778.210676	0.010000	0.010000	0.965663
1.848257	470906.721927	4399065.248373	0.000000	0.000000	0.000000	1543371778.307831	0.089729	0.283452	0.953500
1.835539	470906.760212	4399064.148179	0.000000	0.000000	0.000000	1543371778.407305	2.293321	1.502919	0.937641
1.820367	470906.675485	4399065.276328	0.000000	0.000000	0.000000	1543371778.513835	0.010000	0.010000	1.464221
1.811898	470906.829182	4399064.139664	0.000000	0.000000	0.000000	1543371778.614437	2.304867	1.232311	1.440694
1.793271	470906.789832	4399064.133115	0.000000	0.000000	0.000000	1543371778.709778	2.298089	1.303298	1.420359
1.783718	470906.811403	4399064.127607	0.000000	0.000000	0.000000	1543371778.808754	2.292864	1.564282	1.405213
1.750677	470907.090520	4399063.222130	0.000000	0.000000	0.000000	1543371778.907994	0.232453	1.417704	0.869808
1.738474	470906.921201	4399064.219062	0.000000	0.000000	0.000000	1543371779.005986	2.184167	1.396473	0.857503
1.732630	470906.851803	4399064.226171	0.000000	0.000000	0.000000	1543371779.106997	2.255383	1.498410	1.477920
1.723774	470906.841605	4399064.221419	0.000000	0.000000	0.000000	1543371779.206747	2.254829	1.721390	1.465080
1.717541	470906.815859	4399064.226270	0.000000	0.000000	0.000000	1543371779.414277	2.221063	1.549605	1.411092
1.718496	470906.992181	4399063.691285	0.000000	0.000000	0.000000	1543371779.510993	1.112027	1.644795	1.383914
1.711829	470906.911456	4399064.184161	0.000000	0.000000	0.000000	1543371779.606650	2.405749	1.747987	1.356323
1.699411	470906.822015	4399064.189431	0.000000	0.000000	0.000000	1543371779.708957	2.444027	1.374087	1.789843
1.701926	470906.820193	4399064.123854	0.000000	0.000000	0.000000	1543371779.907360	2.008357	1.751292	1.727997
1.699047	470906.795509	4399063.968933	0.000000	0.000000	0.000000	1543371780.008464	1.993702	1.629461	1.690949
1.701154	470906.843327	4399064.210214	0.000000	0.000000	0.000000	1543371780.107402	2.406623	1.684035	2.039588
1.693283	470906.773197	4399064.135086	0.000000	0.000000	0.000000	1543371780.209370	2.540009	1.417088	2.008918
1.696627	470906.793496	4399064.154040	0.000000	0.000000	0.000000	1543371780.313767	2.437540	1.590968	1.567016
1.692217	470906.877096	4399063.719437	0.000000	0.000000	0.000000	1543371780.412951	1.565565	1.385852	1.526321
1.690448	470906.956296	4399063.735369	0.000000	0.000000	0.000000	1543371780.513217	1.556339	1.672266	1.499616
1.687460	470906.881953	4399063.729597	0.000000	0.000000	0.000000	1543371780.607280	1.552314	1.811910	1.466329
1.685235	470906.929802	4399063.743371	0.000000	0.000000	0.000000	1543371780.714792	1.557883	1.882854	1.803440
1.680827	470906.891938	4399063.735563	0.000000	0.000000	0.000000	1543371780.812293	1.574373	1.758367	1.765924
1.676770	470906.862424	4399063.640506	0.000000	0.000000	0.000000	1543371780.909216	1.448273	1.807162	1.725274
1.675889	470906.908060	4399063.659942	0.000000	0.000000	0.000000	1543371781.009811	1.454817	1.664386	1.680885
1.673665	470906.884003	4399064.175630	0.000000	0.000000	0.000000	1543371781.109105	2.410097	1.688434	1.987256
1.667513	470906.882965	4399063.716390	0.000000	0.000000	0.000000	1543371781.210233	1.658000	1.597987	1.912466
1.665897	470906.884523	4399063.680421	0.000000	0.000000	0.000000	1543371781.307513	1.627104	1.740697	1.854367
1.669741	470906.901266	4399063.896394	0.000000	0.000000	0.000000	1543371781.510126	1.868001	1.726653	2.054832
1.669859	470906.880511	4399064.763976	0.000000	0.000000	0.000000	1543371781.606390	3.558364	1.790869	2.041034
1.665547	470906.814402	4399065.070477	0.000000	0.000000	0.000000	1543371781.709564	4.184309	1.842332	2.048265
1.663409	470906.895083	4399063.847990	0.000000	0.000000	0.000000	1543371781.817878	1.727185	1.862990	1.915551
1.659222	470906.862410	4399064.664609	0.000000	0.000000	0.000000	1543371781.910501	3.493304	1.811614	2.021320
1.659231	470906.826132	4399064.751665	0.000000	0.000000	0.000000	1543371782.009911	3.741672	1.812585	2.002114
1.658722	470906.823996	4399064.915876	0.000000	0.000000	0.000000	1543371782.111389	3.925456	1.832184	2.029026
1.659895	470906.834879	4399064.174807	0.000000	0.000000	0.000000	1543371782.211220	2.365929	1.768993	1.892918
1.656192	470906.812215	4399065.019676	0.000000	0.000000	0.000000	1543371782.311388	4.255792	1.823368	1.843301
1.657057	470906.762876	4399064.958761	0.000000	0.000000	0.000000	1543371782.408077	4.197559	1.896529	2.056602
1.656203	470906.806316	4399064.965894	0.000000	0.000000	0.000000	1543371782.510636	4.119913	1.779965	1.979453
1.657604	470906.811040	4399064.626991	0.000000	0.000000	0.000000	1543371782.621039	3.410537	1.849345	1.917621
1.654857	470906.795335	4399065.041183	0.000000	0.000000	0.000000	1543371782.708814	4.150256	1.806838	1.949379
1.655110	470906.816640	4399064.975588	0.000000	0.000000	0.000000	1543371782.816013	4.071288	1.753174	1.980019
1.651539	470906.804268	4399065.108047	0.000000	0.000000	0.000000	1543371782.910698	4.245288	1.831420	1.973056
1.650011	470906.859445	4399065.184831	0.000000	0.000000	0.000000	1543371783.018686	4.336471	1.832456	1.961750
1.648979	470906.815593	4399065.058445	0.000000	0.000000	0.000000	1543371783.108672	4.119648	1.729360	1.950218
1.648915	470906.812031	4399065.135390	0.000000	0.000000	0.000000	1543371783.213099	4.287093	1.814879	1.965839
1.649599	470906.790984	4399065.070027	0.000000	0.000000	0.000000	1543371783.313221	4.338037	1.792020	1.963398
1.650221	470906.803395	4399065.121381	0.000000	0.000000	0.000000	1543371783.423667	4.344183	1.934629	1.968280
1.651225	470906.808461	4399065.088874	0.000000	0.000000	0.000000	1543371783.512143	4.302624	1.896720	1.963252
1.648171	470906.794092	4399065.090804	0.000000	0.000000	0.000000	1543371783.626985	4.470139	1.751044	1.930092
1.650664	470906.828340	4399064.979026	0.000000	0.000000	0.000000	1543371783.708963	4.211027	1.830733	2.049095
1.657695	470906.836447	4399065.054968	0.000000	0.000000	0.000000	1543371783.912749	4.363645	1.865607	2.050026
1.638883	470906.813085	4399065.145169	0.000000	0.000000	0.000000	1543371784.018669	4.439841	1.737575	2.034743
1.673912	470906.876509	4399065.103301	0.000000	0.000000	0.000000	1543371784.109887	4.468400	1.898068	2.002368
1.703297	470906.771975	4399065.143873	0.000000	0.000000	0.000000	1543371784.313809	4.344297	1.924100	2.048096
1.656785	470906.775971	4399065.097847	0.000000	0.000000	0.000000	1543371784.416235	4.364335	1.904412	2.070983
1.664285	470906.802505	4399065.212270	0.000000	0.000000	0.000000	1543371784.510748	4.472840	1.843399	2.010956
1.649947	470906.806621	4399065.185814	0.000000	0.000000	0.000000	1543371784.617996	4.411202	1.741360	2.060284
1.682130	470906.816361	4399065.168744	0.000000	0.000000	0.000000	1543371784.709682	4.320913	1.940027	2.051925
1.641238	470906.822309	4399065.182222	0.000000	0.000000	0.000000	1543371784.818372	4.498483	1.811806	2.053752
1.662929	470906.830183	4399065.185412	0.000000	0.000000	0.000000	1543371784.915173	4.478276	1.881919	2.059504
1.659532	470906.843262	4399065.167582	0.000000	0.000000	0.000000	1543371785.024646	4.484407	1.832523	2.048226
1.663516	470906.843201	4399065.201263	0.000000	0.000000	0.000000	1543371785.112082	4.425624	1.855626	2.031581
1.656888	470906.831511	4399065.196031	0.000000	0.000000	0.000000	1543371785.218740	4.483931	1.860755	2.070327
1.666052	470906.888314	4399065.302763	0.000000	0.000000	0.000000	1543371785.425032	4.654423	1.764271	2.054878
1.655182	470906.904932	4399065.374068	0.000000	0.000000	0.000000	1543371785.514303	4.788827	1.721222	2.042478
1.657376	470906.789745	4399065.365348	0.000000	0.000000	0.000000	1543371785.612973	4.820491	1.966671	2.040371
1.679545	470906.854283	4399065.485355	0.000000	0.000000	0.000000	1543371785.817338	4.780486	1.894641	2.049702
1.637398	470906.700983	4399065.595755	0.000000	0.000000	0.000000	1543371785.914112	4.938713	1.970245	1.952319
1.676374	470906.799240	4399065.562340	0.000000	0.000000	0.000000	1543371786.020293	4.863866	1.996104	2.054690
1.655439	470906.701353	4399065.573511	0.000000	0.000000	0.000000	1543371786.111918	4.832755	2.066471	2.065506
1.656461	470906.755469	4399065.580755	0.000000	0.000000	0.000000	1543371786.221015	4.810558	1.843302	1.953273
1.688201	470906.707002	4399065.643700	0.000000	0.000000	0.000000	1543371786.310305	4.683736	2.085959	2.064540
1.666219	470906.648602	4399065.659544	0.000000	0.000000	0.000000	1543371786.420922	4.652535	2.008026	2.033357
1.687971	470906.687338	4399065.643922	0.000000	0.000000	0.000000	1543371786.509798	4.660263	2.067493	2.036294
1.675013	470906.682810	4399065.685770	0.000000	0.000000	0.000000	1543371786.712106	4.539871	2.026486	2.044238
1.688543	470906.663511	4399065.688471	0.000000	0.000000	0.000000	1543371786.812295	4.586874	2.046515	2.037895
1.670216	470906.667771	4399065.689738	0.000000	0.000000	0.000000	1543371786.918195	4.524331	2.080355	2.022996
1.679439	470906.668924	4399065.722391	0.000000	0.000000	0.000000	1543371787.016067	4.437922	2.064320	2.010782
1.684389	470906.656412	4399065.752968	0.000000	0.000000	0.000000	1543371787.119332	4.391440	2.084567	2.004873
1.690160	470906.642652	4399065.739946	0.000000	0.000000	0.000000	1543371787.219004	4.477277	2.038790	2.008492
1.659941	470906.659732	4399065.870206	0.000000	0.000000	0.000000	1543371787.317478	4.221087	2.058279	2.018873
1.688281	470906.653816	4399065.862331	0.000000	0.000000	0.000000	1543371787.416941	4.211054	2.068789	2.028763
1.670923	470906.647117	4399065.752221	0.000000	0.000000	0.000000	1543371787.521495	4.429061	2.043045	2.035518
1.663458	470906.591776	4399065.928123	0.000000	0.000000	0.000000	1543371787.610892	4.231964	2.031286	2.028692
1.691725	470906.630398	4399065.792798	0.000000	0.000000	0.000000	1543371787.720313	4.391555	2.013648	2.028538
1.687293	470906.560452	4399065.877421	0.000000	0.000000	0.000000	1543371787.919405	4.287218	2.020535	2.043880
1.685491	470906.622985	4399065.950041	0.000000	0.000000	0.000000	1543371788.023368	4.118134	2.100033	2.037902
1.683572	470906.603606	4399065.927520	0.000000	0.000000	0.000000	1543371788.118253	4.171819	1.959359	2.030316
1.680704	470906.598412	4399065.966205	0.000000	0.000000	0.000000	1543371788.216399	4.068460	2.102253	2.018294
1.680173	470906.610978	4399065.908259	0.000000	0.000000	0.000000	1543371788.320881	4.186277	1.904996	1.995526
1.679112	470906.569309	4399065.914674	0.000000	0.000000	0.000000	1543371788.410509	4.161670	2.017242	1.971853
1.675491	470906.604145	4399065.994775	0.000000	0.000000	0.000000	1543371788.614451	3.946345	2.003420	1.957244
1.675432	470906.597944	4399065.829867	0.000000	0.000000	0.000000	1543371788.720597	4.150120	2.004539	1.943869
1.674450	470906.581792	4399065.894912	0.000000	0.000000	0.000000	1543371788.819487	4.045243	2.037543	1.928452
1.674248	470906.610819	4399065.836838	0.000000	0.000000	0.000000	1543371788.920549	4.161570	1.996469	1.923091
1.673470	470906.591061	4399065.822438	0.000000	0.000000	0.000000	1543371789.018479	4.157284	1.894374	1.929450
1.674258	470906.561844	4399065.905153	0.000000	0.000000	0.000000	1543371789.317585	3.993285	2.051237	1.938350
1.675857	470906.549295	4399065.997964	0.000000	0.000000	0.000000	1543371789.413516	3.816102	1.950660	1.983743
1.674255	470906.543884	4399065.885840	0.000000	0.000000	0.000000	1543371789.520477	3.996690	1.915329	2.039310
1.672334	470906.576048	4399065.879398	0.000000	0.000000	0.000000	1543371789.619653	4.022539	2.011760	2.043905
1.674908	470906.515596	4399065.925731	0.000000	0.000000	0.000000	1543371789.718230	3.941818	1.996055	1.916229
1.670251	470906.539296	4399066.005500	0.000000	0.000000	0.000000	1543371789.814481	3.812655	1.939411	1.972308
1.666789	470906.561068	4399066.149947	0.000000	0.000000	0.000000	1543371789.919744	3.555555	1.797715	2.020553
1.663095	470906.566690	4399065.970444	0.000000	0.000000	0.000000	1543371790.020307	3.855895	1.838241	2.049210
1.663640	470906.640434	4399065.948559	0.000000	0.000000	0.000000	1543371790.120714	3.879842	1.783958	2.069732
1.665653	470906.577159	4399065.939928	0.000000	0.000000	0.000000	1543371790.214292	3.898936	1.747887	2.051837
1.662107	470906.519469	4399066.191514	0.000000	0.000000	0.000000	1543371790.321697	3.346856	1.833059	1.890816
1.661552	470906.580772	4399066.043447	0.000000	0.000000	0.000000	1543371790.409552	3.668403	1.665281	2.032982
1.665316	470906.580870	4399065.905438	0.000000	0.000000	0.000000	1543371790.620261	3.981613	1.711400	1.805571
1.667993	470906.572798	4399065.901644	0.000000	0.000000	0.000000	1543371790.719776	4.030717	1.792851	1.827163
1.667947	470906.517876	4399065.892527	0.000000	0.000000	0.000000	1543371790.817074	4.038160	1.865403	1.890352
1.665681	470906.414422	4399066.798562	0.000000	0.000000	0.000000	1543371790.925174	2.180107	1.866895	1.873562
1.659758	470906.540840	4399065.976256	0.000000	0.000000	0.000000	1543371791.015799	3.752919	1.698026	1.966691
1.661421	470906.449159	4399066.600323	0.000000	0.000000	0.000000	1543371791.126359	2.509039	1.854657	1.967875
1.663714	470906.465334	4399066.228874	0.000000	0.000000	0.000000	1543371791.211924	3.384742	1.882534	1.267603
1.664495	470906.548756	4399066.223029	0.000000	0.000000	0.000000	1543371791.319152	3.358133	1.878692	1.791225
1.659261	470906.471254	4399067.089709	0.000000	0.000000	0.000000	1543371791.410928	1.683864	1.907187	1.821168
1.659960	470906.537107	4399066.259381	0.000000	0.000000	0.000000	1543371791.519458	3.363966	2.136412	1.822422
1.657441	470906.522619	4399066.269088	0.000000	0.000000	0.000000	1543371791.615771	3.278839	1.983325	1.819947
1.653165	470906.455263	4399067.113607	0.000000	0.000000	0.000000	1543371791.718659	1.623557	1.756587	1.857322
1.656828	470906.437650	4399067.103099	0.000000	0.000000	0.000000	1543371791.816298	1.647179	1.782063	1.918424
1.658231	470906.479734	4399067.079138	0.000000	0.000000	0.000000	1543371791.919248	1.651101	1.875903	1.905694
1.652026	470906.476380	4399067.071310	0.000000	0.000000	0.000000	1543371792.022183	1.667350	2.110965	1.905450
1.647187	470906.479362	4399067.081408	0.000000	0.000000	0.000000	1543371792.120335	1.595938	1.984316	1.580464
1.646899	470906.419624	4399067.083353	0.000000	0.000000	0.000000	1543371792.208923	1.580073	1.963758	1.630395
1.645363	470906.358125	4399067.083239	0.000000	0.000000	0.000000	1543371792.319759	1.672344	1.994442	1.650862
1.648389	470906.521563	4399066.708597	0.000000	0.000000	0.000000	1543371792.419360	2.440680	2.075572	1.643577
1.647722	470906.418674	4399067.065468	0.000000	0.000000	0.000000	1543371792.521240	1.631418	1.940432	1.636423
1.653446	470906.525423	4399067.109388	0.000000	0.000000	0.000000	1543371792.619966	1.623946	1.961201	1.637542
1.649369	470906.467369	4399067.169718	0.000000	0.000000	0.000000	1543371792.816374	1.586488	1.625059	1.702418
1.648120	470906.364694	4399067.634441	0.000000	0.000000	0.000000	1543371792.916759	0.701306	1.760978	1.741414
1.649871	470906.334229	4399067.660960	0.000000	0.000000	0.000000	1543371793.018234	0.509632	1.567702	1.789127
1.646736	470906.408219	4399067.700573	0.000000	0.000000	0.000000	1543371793.122172	0.570093	1.579679	0.800473
1.650565	470906.480780	4399067.695748	0.000000	0.000000	0.000000	1543371793.226147	0.596799	1.593857	1.868064
1.648410	470906.468146	4399067.709993	0.000000	0.000000	0.000000	1543371793.318528	0.556105	1.610695	0.813645
1.652912	470906.423361	4399067.709453	0.000000	0.000000	0.000000	1543371793.424068	0.584945	1.626740	0.819310
1.648092	470906.403466	4399067.812321	0.000000	0.000000	0.000000	1543371793.719345	0.361984	1.439529	1.901172
1.652539	470906.452654	4399066.287185	0.000000	0.000000	0.000000	1543371793.817410	3.391965	1.706370	1.899169
1.655031	470906.450064	4399066.911323	0.000000	0.000000	0.000000	1543371793.916953	2.216495	1.470865	1.445701
1.660598	470906.360400	4399066.894979	0.000000	0.000000	0.000000	1543371794.017263	2.165133	1.737738	1.514558
1.663946	470906.442218	4399066.920564	0.000000	0.000000	0.000000	1543371794.123610	2.167449	1.745929	1.540186
1.672865	470906.541209	4399066.786652	0.000000	0.000000	0.000000	1543371794.217651	2.445141	1.599861	1.498132
1.676130	470906.612046	4399066.634236	0.000000	0.000000	0.000000	1543371794.324952	2.162275	1.393696	1.547847
1.677378	470906.476652	4399066.910797	0.000000	0.000000	0.000000	1543371794.417528	2.204680	1.393209	1.599308
1.674629	470906.424366	4399066.903090	0.000000	0.000000	0.000000	1543371794.522040	2.195919	1.643338	1.565663
1.674378	470906.504624	4399066.889638	0.000000	0.000000	0.000000	1543371794.620239	2.174347	1.256569	1.632391
1.684887	470906.396915	4399067.817029	0.000000	0.000000	0.000000	1543371794.720339	0.349858	1.557479	0.475400
1.698583	470906.489233	4399067.745918	0.000000	0.000000	0.000000	1543371794.817771	0.534911	1.573950	0.482973
1.713695	470906.307125	4399067.752141	0.000000	0.000000	0.000000	1543371794.920193	0.468650	1.628511	0.486496
1.712975	470906.325589	4399067.770511	0.000000	0.000000	0.000000	1543371795.017356	0.327670	1.208597	0.474521
1.732281	470906.355944	4399067.740468	0.000000	0.000000	0.000000	1543371795.122950	0.535193	1.639909	0.491168
1.740525	470906.445142	4399067.711004	0.000000	0.000000	0.000000	1543371795.223745	0.615876	1.558893	0.486603
1.734580	470906.534468	4399066.783523	0.000000	0.000000	0.000000	1543371795.317538	2.455911	1.425874	1.600429
1.733187	470906.370304	4399067.830536	0.000000	0.000000	0.000000	1543371795.420367	0.356429	1.234364	0.495255
1.725835	470906.720797	4399066.714949	0.000000	0.000000	0.000000	1543371795.516403	2.246420	1.023151	1.693762
1.722277	470906.374266	4399067.700869	0.000000	0.000000	0.000000	1543371795.615416	0.741793	1.664716	0.510111
1.720298	470906.335964	4399067.759229	0.000000	0.000000	0.000000	1543371795.720716	0.682529	1.537912	0.510359
1.708679	470906.527986	4399066.832126	0.000000	0.000000	0.000000	1543371795.819241	2.555866	1.399230	1.724598
1.705217	470906.558510	4399065.725468	0.000000	0.000000	0.000000	1543371795.917328	0.325174	1.005737	1.758876
1.705947	470906.582880	4399066.807430	0.000000	0.000000	0.000000	1543371796.022646	2.517204	1.258177	1.836682
1.707174	470906.527433	4399067.811245	0.000000	0.000000	0.000000	1543371796.118829	0.488394	1.494091	0.511087
1.704791	470906.523171	4399067.790533	0.000000	0.000000	0.000000	1543371796.220756	0.495172	1.274804	0.510080
1.720505	470906.424374	4399067.748144	0.000000	0.000000	0.000000	1543371796.317092	0.449875	1.709448	0.512612
1.726488	470906.279482	4399067.775297	0.000000	0.000000	0.000000	1543371796.420765	0.260512	1.488826	0.519541
1.713380	470906.557121	4399067.797981	0.000000	0.000000	0.000000	1543371796.616851	0.413852	1.281968	0.512442
1.715950	470906.322241	4399067.850148	0.000000	0.000000	0.000000	1543371796.719686	0.318274	1.444087	0.518808
1.725165	470906.358198	4399067.785764	0.000000	0.000000	0.000000	1543371796.817875	0.351558	1.402406	0.517745
1.734019	470906.420477	4399067.805961	0.000000	0.000000	0.000000	1543371796.919153	0.541404	1.476645	0.520671
1.745648	470906.350602	4399067.676476	0.000000	0.000000	0.000000	1543371797.021908	0.176669	1.755978	0.523846
1.748948	470906.337297	4399067.814271	0.000000	0.000000	0.000000	1543371797.116970	0.190613	1.328263	0.523571
1.743055	470906.469091	4399067.891570	0.000000	0.000000	0.000000	1543371797.216481	0.487193	1.459529	0.527632
1.743005	470906.462227	4399067.914584	0.000000	0.000000	0.000000	1543371797.321152	0.351754	1.326816	0.529036
1.743290	470906.570334	4399067.693673	0.000000	0.000000	0.000000	1543371797.419737	0.214732	1.316386	0.530310
1.724776	470906.303686	4399067.907049	0.000000	0.000000	0.000000	1543371797.519462	0.474814	1.338125	0.522727
1.732572	470906.415062	4399067.821336	0.000000	0.000000	0.000000	1543371797.620324	0.459399	1.328858	0.536467
1.722054	470906.417234	4399067.747182	0.000000	0.000000	0.000000	1543371797.721952	0.868688	1.383305	0.529030
1.719208	470906.342289	4399067.684181	0.000000	0.000000	0.000000	1543371797.827192	0.892430	1.376374	0.532874
1.715398	470906.348385	4399067.714081	0.000000	0.000000	0.000000	1543371797.920215	0.955348	1.532333	0.532890
1.685151	470906.311927	4399067.999810	0.000000	0.000000	0.000000	1543371798.019039	0.303629	1.359099	0.012524
1.632543	470906.462916	4399067.972801	0.000000	0.000000	0.000000	1543371798.118452	0.390126	1.799814	0.013036
1.584428	470906.454366	4399068.060657	0.000000	0.000000	0.000000	1543371798.226092	0.138045	1.047245	0.010000
1.578680	470906.311778	4399068.023689	0.000000	0.000000	0.000000	1543371798.319390	0.140269	0.896922	0.010000
1.557380	470906.544721	4399068.051330	0.000000	0.000000	0.000000	1543371798.619892	0.106464	0.907587	0.010000
