front	position-x	position-y	speed	speed-x	speed-y	timestamp	v-x	v-y	v-z
1.719106	470778.826100	4399414.818888	7.012656	0.330720	-7.004853	1543460089.962824	4.400000	1.800000	2.000000
1.719112	470778.863303	4399414.419600	7.011879	0.428291	-6.998786	1543460090.056338	4.400000	1.800000	2.000000
1.719094	470779.156394	4399413.441083	7.014560	0.361614	-7.005233	1543460090.165822	4.400000	1.800000	2.000000
1.719102	470779.211493	4399412.842673	7.009468	0.562561	-6.986857	1543460090.259903	4.400000	1.800000	2.000000
1.719109	470779.501103	4399411.864964	7.252666	0.704567	-7.218362	1543460090.356781	4.400000	1.800000	2.000000
1.719092	470779.541255	4399411.467197	7.258865	0.627637	-7.231679	1543460090.459678	4.400000	1.800000	2.000000
1.719066	470779.601517	4399410.869918	7.258320	0.637824	-7.230241	1543460090.564155	4.400000	1.800000	2.000000
1.719069	470779.673487	4399410.072427	7.503653	0.635235	-7.476717	1543460090.656662	4.400000	1.800000	2.000000
1.719078	470779.728752	4399409.474435	7.505037	0.776091	-7.464801	1543460090.757909	4.400000	1.800000	2.000000
1.607401	470780.019149	4399408.497357	7.511286	0.598463	-7.487406	1543460090.860501	4.400000	1.800000	2.000000
1.607342	470780.085509	4399407.900923	7.508647	0.617391	-7.483222	1543460090.966557	4.400000	1.800000	2.000000
1.607349	470780.139179	4399407.303375	7.505544	0.707523	-7.472121	1543460091.058723	4.400000	1.800000	2.000000
1.607344	470780.429944	4399406.325542	7.750225	0.692010	-7.719268	1543460091.160279	4.400000	1.800000	2.000000
1.607342	470780.486790	4399405.727828	7.755345	0.686544	-7.724897	1543460091.265525	4.400000	1.800000	2.000000
1.607256	470780.866075	4399403.955930	7.757832	0.994817	-7.693783	1543460091.450814	4.400000	1.800000	2.000000
1.607262	470780.901537	4399403.558320	7.758008	1.007018	-7.692373	1543460091.556256	4.400000	1.800000	2.000000
1.607243	470781.070651	4399401.767780	7.756342	0.988159	-7.693139	1543460091.773542	4.400000	1.800000	2.000000
1.607249	470781.323645	4399401.189259	8.000598	0.999956	-7.937862	1543460091.861108	4.400000	1.800000	2.000000
1.607277	470781.430901	4399399.994116	8.007388	0.993261	-7.945546	1543460091.958642	4.400000	1.800000	2.000000
1.607284	470781.466071	4399399.595569	8.005879	0.932782	-7.951354	1543460092.057915	4.400000	1.800000	2.000000
1.607275	470781.578265	4399398.400127	8.006605	0.936800	-7.951612	1543460092.168675	4.400000	1.800000	2.000000
1.607277	470781.632907	4399397.802588	8.006562	1.063967	-7.935553	1543460092.251287	4.400000	1.800000	2.000000
1.607295	470781.884067	4399397.223220	8.005129	0.929318	-7.951004	1543460092.360751	4.400000	1.800000	2.000000
1.607286	470781.940466	4399396.626115	8.004538	0.951673	-7.947763	1543460092.451309	4.400000	1.800000	2.000000
1.607269	470781.855520	4399395.412887	8.000812	0.764526	-7.964200	1543460092.566019	4.400000	1.800000	2.000000
1.607262	470781.911171	4399394.815487	8.001348	0.722177	-7.968690	1543460092.650892	4.400000	1.800000	2.000000
1.607254	470782.060844	4399393.222059	7.998512	0.774422	-7.960934	1543460092.851079	4.400000	1.800000	2.000000
1.718904	470782.158749	4399392.227453	7.997402	0.776492	-7.959617	1543460092.971875	4.400000	1.800000	2.000000
1.718911	470782.212849	4399391.630719	8.002554	0.460502	-7.989293	1543460093.059423	4.400000	1.800000	2.000000
1.718904	470781.870512	4399390.997428	8.002892	0.499847	-7.987267	1543460093.159448	4.400000	1.800000	2.000000
1.718905	470782.181011	4399389.821931	8.001870	0.501455	-7.986142	1543460093.250000	4.400000	1.800000	2.000000
1.718906	470782.217485	4399389.424113	8.002312	0.475847	-7.988152	1543460093.366640	4.400000	1.800000	2.000000
1.718884	470782.170077	4399387.813768	8.002500	0.466619	-7.988884	1543460093.555843	4.400000	1.800000	2.000000
1.718890	470782.224143	4399387.216858	8.003852	0.476151	-7.989676	1543460093.660418	4.400000	1.800000	2.000000
1.718889	470782.534911	4399386.041154	8.002795	0.511030	-7.986462	1543460093.769006	4.400000	1.800000	2.000000
1.718882	470782.572381	4399385.643195	8.002957	0.472392	-7.989003	1543460093.857948	4.400000	1.800000	2.000000
1.718878	470782.628010	4399385.045889	8.000144	0.524346	-7.982942	1543460093.960115	4.400000	1.800000	2.000000
1.718935	470782.731580	4399383.851024	7.998941	0.572444	-7.978431	1543460094.068751	4.400000	1.800000	2.000000
1.718923	470782.987254	4399383.272989	8.001036	0.551235	-7.982024	1543460094.169538	4.400000	1.800000	2.000000
1.718934	470783.133210	4399381.680625	7.999536	0.767138	-7.962668	1543460094.358512	4.400000	1.800000	2.000000
1.607235	470783.501451	4399379.906213	8.250459	0.850180	-8.206538	1543460094.566530	4.400000	1.800000	2.000000
1.607237	470783.555977	4399379.308936	8.250238	0.778010	-8.213472	1543460094.659788	4.400000	1.800000	2.000000
1.607249	470783.610954	4399378.711023	8.249546	0.786862	-8.211934	1543460094.759498	4.400000	1.800000	2.000000
1.607255	470783.720163	4399377.515844	8.249950	0.773417	-8.213616	1543460094.859513	4.400000	1.800000	2.000000
1.607259	470783.774723	4399376.918356	8.003119	0.815864	-7.961424	1543460094.967744	4.400000	1.800000	2.000000
1.718980	470783.681389	4399375.703591	8.000611	0.515810	-7.983966	1543460095.062910	4.400000	1.800000	2.000000
1.718992	470783.971824	4399374.725597	8.000329	0.712128	-7.968572	1543460095.260041	4.400000	1.800000	2.000000
1.718989	470784.081905	4399373.530135	8.000245	0.717496	-7.968006	1543460095.369353	4.400000	1.800000	2.000000
1.718989	470784.136997	4399372.932668	7.998494	0.847251	-7.953494	1543460095.460433	4.400000	1.800000	2.000000
1.718981	470783.995386	4399372.316693	8.001223	0.539242	-7.983031	1543460095.559465	4.400000	1.800000	2.000000
1.718994	470784.302216	4399371.140549	8.006208	0.449928	-7.993556	1543460095.657858	4.400000	1.800000	2.000000
1.718998	470784.358140	4399370.542882	8.000845	0.551708	-7.981800	1543460095.767373	4.400000	1.800000	2.000000
1.719000	470784.467614	4399369.348136	8.000621	0.743832	-7.965968	1543460095.861042	4.400000	1.800000	2.000000
1.719019	470784.520235	4399368.750478	7.999148	0.790840	-7.959959	1543460095.963044	4.400000	1.800000	2.000000
1.719039	470784.592732	4399367.952699	8.003258	0.503885	-7.987380	1543460096.061582	4.400000	1.800000	2.000000
1.719037	470784.702263	4399366.757080	8.001857	0.534241	-7.984003	1543460096.171174	4.400000	1.800000	2.000000
1.719037	470784.777135	4399365.959800	8.002628	0.500396	-7.986969	1543460096.259591	4.400000	1.800000	2.000000
1.719033	470784.832398	4399365.362046	8.004743	0.485607	-7.989999	1543460096.362715	4.400000	1.800000	2.000000
1.719007	470784.946712	4399364.166859	8.003250	0.521250	-7.986257	1543460096.462409	4.400000	1.800000	2.000000
1.718996	470785.002653	4399363.569102	8.003688	0.532392	-7.985961	1543460096.569119	4.400000	1.800000	2.000000
1.719002	470785.110951	4399362.373273	8.001164	0.590639	-7.979334	1543460096.661448	4.400000	1.800000	2.000000
1.718987	470785.168907	4399361.775328	8.003555	0.527636	-7.986144	1543460096.759881	4.400000	1.800000	2.000000
1.718976	470785.224551	4399361.177625	8.000977	0.576200	-7.980202	1543460096.861264	4.400000	1.800000	2.000000
1.718995	470785.333319	4399359.982111	8.004353	0.525478	-7.987085	1543460096.965825	4.400000	1.800000	2.000000
1.718981	470785.389362	4399359.384561	8.004095	0.529435	-7.986566	1543460097.062328	4.400000	1.800000	2.000000
1.719007	470785.495097	4399358.188776	8.005560	0.510995	-7.989235	1543460097.159587	4.400000	1.800000	2.000000
1.718994	470785.752045	4399357.609268	8.004712	0.505968	-7.988706	1543460097.261400	4.400000	1.800000	2.000000
1.719009	470785.804839	4399357.011303	8.003455	0.545322	-7.984855	1543460097.368242	4.400000	1.800000	2.000000
1.719021	470785.715506	4399355.797530	8.003980	0.542991	-7.985541	1543460097.460669	4.400000	1.800000	2.000000
1.719015	470785.770677	4399355.200124	8.001542	0.584431	-7.980170	1543460097.553237	4.400000	1.800000	2.000000
1.719031	470785.823358	4399354.602472	8.005052	0.526941	-7.987690	1543460097.660333	4.400000	1.800000	2.000000
1.719015	470785.936109	4399353.407571	8.002633	0.570066	-7.982303	1543460097.768458	4.400000	1.800000	2.000000
1.719033	470785.989004	4399352.810033	8.002017	0.601514	-7.979377	1543460097.859052	4.400000	1.800000	2.000000
1.718983	470786.105945	4399351.615764	8.003096	0.552227	-7.984021	1543460097.959899	4.400000	1.800000	2.000000
1.718990	470786.160027	4399351.018521	8.002438	0.582589	-7.981203	1543460098.059189	4.400000	1.800000	2.000000
1.718985	470786.215109	4399350.421399	8.003564	0.570088	-7.983234	1543460098.168852	4.400000	1.800000	2.000000
1.718985	470786.326253	4399349.226583	8.001798	0.599451	-7.979313	1543460098.262739	4.400000	1.800000	2.000000
1.718987	470786.181717	4399348.610900	8.010455	0.331212	-8.003605	1543460098.364467	4.400000	1.800000	2.000000
1.718965	470786.238823	4399348.013848	8.015506	0.274203	-8.010815	1543460098.461328	4.400000	1.800000	2.000000
1.719002	470786.346299	4399346.819100	8.018351	0.232597	-8.014977	1543460098.566309	4.400000	1.800000	2.000000
1.718991	470786.401964	4399346.222283	8.004595	0.528468	-7.987131	1543460098.657820	4.400000	1.800000	2.000000
1.718991	470786.768126	4399344.449519	8.002532	0.553540	-7.983365	1543460098.866956	4.400000	1.800000	2.000000
1.718987	470786.805297	4399344.051407	8.000082	0.613835	-7.976498	1543460098.971379	4.400000	1.800000	2.000000
1.719006	470786.697911	4399343.037883	8.004509	0.538895	-7.986349	1543460099.061088	4.400000	1.800000	2.000000
1.719025	470786.807112	4399341.843482	8.003089	0.573716	-7.982498	1543460099.258004	4.400000	1.800000	2.000000
1.719022	470786.917472	4399340.649326	8.001507	0.562878	-7.981684	1543460099.368581	4.400000	1.800000	2.000000
1.719037	470786.971149	4399340.051712	8.000570	0.591936	-7.978642	1543460099.460265	4.400000	1.800000	2.000000
0.080590	470787.148711	4399337.916313	7.997122	0.573420	-7.976537	1543460099.557318	0.737289	0.323946	0.012401
0.085502	470786.936219	4399337.134568	7.991809	0.573823	-7.971181	1543460099.660204	1.339401	0.314622	0.028900
0.115814	470787.183499	4399336.353725	7.986399	0.570854	-7.965971	1543460099.769242	1.030067	0.229350	0.019527
-1.595635	470787.120501	4399335.027735	7.974282	0.636249	-7.948859	1543460100.063426	2.266892	1.413443	0.988042
-1.545077	470787.208113	4399334.231973	7.973421	0.629288	-7.948549	1543460100.173513	2.272471	1.322296	0.971646
-1.525154	470787.310305	4399333.247907	6.614862	0.304082	-6.607869	1543460100.270230	1.841517	1.280480	0.960619
-1.515510	470787.262042	4399332.465865	6.669365	0.367869	-6.659212	1543460100.359427	1.749534	1.257250	0.945549
-1.516153	470787.227371	4399331.666413	6.617293	0.361500	-6.607411	1543460100.462267	1.792225	0.990235	0.936752
-1.509023	470787.343332	4399331.776078	6.603629	0.407316	-6.591055	1543460100.571619	0.125543	0.840901	0.448917
-1.509023	470787.343332	4399331.776078	6.603480	0.407090	-6.590919	1543460100.660650	0.125543	0.840901	0.448917
-1.495639	470787.948720	4399330.238445	6.550082	0.490633	-6.531681	1543460100.762142	0.010000	0.010000	0.423374
-1.490176	470787.654312	4399328.771672	6.646360	0.534583	-6.624826	1543460100.862832	1.314480	1.033294	1.612322
-1.481608	470787.725675	4399327.928401	6.802151	0.605867	-6.775115	1543460100.970492	1.406564	1.601393	1.595014
-1.473436	470787.755953	4399327.147329	7.181037	0.698208	-7.147014	1543460101.062824	1.395922	1.191448	1.575392
-1.470980	470787.785091	4399326.337041	7.994649	0.797217	-7.954801	1543460101.160514	1.451163	1.574199	1.566739
-1.472651	470787.818836	4399326.257763	8.106225	0.794614	-8.067185	1543460101.262218	0.037200	1.182848	1.544618
-1.477602	470787.759084	4399324.773316	8.268877	0.769701	-8.232976	1543460101.375592	1.323645	1.358317	1.542946
-1.475067	470787.982508	4399323.999359	8.372041	0.799502	-8.333778	1543460101.462671	1.383409	0.966851	1.513391
-1.488897	470788.040309	4399323.954210	8.372617	0.685340	-8.344521	1543460101.556724	0.189832	1.273140	1.509215
-1.489272	470788.265711	4399321.662428	8.292740	0.675787	-8.265159	1543460101.771548	1.347979	1.616984	1.471918
-1.480680	470788.252636	4399321.423906	8.297934	0.746645	-8.264275	1543460101.860748	2.678344	1.973096	1.459859
-1.481890	470788.396943	4399320.145035	8.299499	0.737124	-8.266700	1543460101.961684	1.648221	1.953716	1.449302
-1.467900	470788.315093	4399319.957605	8.004962	0.821274	-7.962721	1543460102.058285	0.885302	1.933361	1.434794
-1.460524	470788.549540	4399319.046091	8.395964	0.923648	-8.345004	1543460102.162346	2.689739	1.910980	1.841643
-1.463913	470788.419444	4399318.167334	8.437756	0.900655	-8.389550	1543460102.264740	2.529994	1.893638	1.827252
-1.466001	470788.751616	4399316.899218	8.470274	0.886214	-8.423785	1543460102.360991	1.475215	1.988120	1.809720
-1.479874	470788.808553	4399315.863395	8.318792	0.755812	-8.284386	1543460102.570524	2.620835	1.893146	1.769912
-1.499221	470788.640593	4399315.008932	8.010237	0.574137	-7.989635	1543460102.665123	2.589066	1.649674	1.745272
-1.497313	470788.877169	4399314.322166	8.307424	0.609418	-8.285041	1543460102.761974	2.551523	1.903076	1.377869
-1.508491	470788.805857	4399313.499546	8.285835	0.517067	-8.269686	1543460102.867171	2.721560	1.755641	1.362439
-1.509282	470788.967746	4399312.664098	8.349363	0.513178	-8.333577	1543460102.969591	2.560777	1.838269	1.688662
-1.506943	470789.069084	4399311.906114	8.009452	0.510846	-7.993145	1543460103.061819	2.633100	1.834258	1.669646
-1.491277	470789.081825	4399311.105382	8.410093	0.666492	-8.383642	1543460103.162035	2.630694	1.484660	1.315739
-1.493752	470789.183015	4399310.343140	8.481508	0.653156	-8.456321	1543460103.260695	2.599469	1.678589	1.627627
-1.484743	470789.235085	4399309.574198	8.417642	0.722432	-8.386584	1543460103.360286	2.519343	1.726043	1.606956
-1.484136	470789.246832	4399308.755820	8.396095	0.726750	-8.364583	1543460103.465870	2.591620	1.781952	1.268219
-1.486687	470789.357218	4399307.822712	8.409077	0.706727	-8.379327	1543460103.562309	2.852097	1.774240	1.250862
-1.486269	470789.529707	4399307.202373	8.318112	0.702336	-8.288408	1543460103.659201	2.581591	1.586128	1.227517
-1.487038	470789.584760	4399306.441607	8.198723	0.685583	-8.170009	1543460103.770710	2.614254	1.673567	1.533487
-1.488396	470789.577839	4399305.276785	8.233114	0.677283	-8.205209	1543460103.859174	3.237131	1.853520	1.840830
-1.484666	470789.646630	4399304.195563	8.012942	0.688941	-7.983270	1543460103.962102	1.921653	1.669006	1.842869
-1.485838	470789.715977	4399303.239229	8.009885	0.679780	-7.980987	1543460104.058704	2.334303	1.757336	1.486860
-1.485038	470789.810383	4399302.635219	8.299899	0.710811	-8.269405	1543460104.169688	1.997292	1.729437	1.763677
-1.490216	470789.881122	4399301.786589	8.435562	0.679152	-8.408178	1543460104.262746	2.114211	1.797483	1.740065
-1.485706	470789.932606	4399300.935132	8.397988	0.712850	-8.367679	1543460104.361073	2.252244	1.642936	1.713970
-1.485044	470789.995011	4399300.155804	8.405012	0.719893	-8.374125	1543460104.461406	2.258193	1.711265	1.737632
-1.484053	470790.045240	4399299.288158	8.378972	0.726232	-8.347441	1543460104.570257	2.398099	1.727914	1.660805
-1.489996	470790.143670	4399298.536185	7.764390	0.627690	-7.738977	1543460104.659801	2.397596	1.663518	1.634832
-1.487369	470790.215604	4399297.763312	8.004897	0.666818	-7.977075	1543460104.759823	2.392493	1.561901	1.609626
-1.487692	470790.231927	4399296.935612	8.007426	0.664691	-7.979790	1543460104.868999	2.455975	1.698451	1.587471
-1.487929	470790.360462	4399295.389557	8.169995	0.676454	-8.141943	1543460105.061426	2.482835	1.763783	1.863760
-1.490583	470790.434454	4399294.661074	7.757116	0.622241	-7.732119	1543460105.159734	2.426632	1.707174	1.857331
-1.487381	470790.524089	4399293.836026	7.754359	0.646389	-7.727371	1543460105.261249	2.495872	1.717707	1.861043
-1.485857	470790.606005	4399293.055963	7.754752	0.657890	-7.726795	1543460105.371477	2.475005	1.792128	1.792169
-1.490578	470790.598087	4399292.251499	8.001871	0.641557	-7.976110	1543460105.461465	2.458377	1.663967	1.756404
-1.486988	470790.737220	4399291.455736	8.004211	0.669769	-7.976140	1543460105.559169	2.417137	1.835524	1.724667
-1.483009	470790.755387	4399291.002315	7.755157	0.679645	-7.725318	1543460105.659221	3.104505	1.821448	1.766256
-1.485098	470790.831116	4399289.945019	7.752722	0.663782	-7.724253	1543460105.771291	2.550270	1.800937	1.876518
-1.488504	470790.823879	4399289.916229	7.755378	0.637454	-7.729136	1543460105.861721	4.060782	1.824039	1.882000
-1.484488	470790.891878	4399289.184774	7.898365	0.680038	-7.869035	1543460105.959707	4.188113	1.839795	1.879137
-1.488513	470790.937399	4399287.519550	7.895616	0.648664	-7.868925	1543460106.066202	2.436774	1.959678	1.890450
-1.490500	470790.960724	4399287.486866	8.005241	0.642199	-7.979440	1543460106.175144	3.931522	1.994668	1.871481
-1.484180	470791.081201	4399286.677722	8.006087	0.692076	-7.976119	1543460106.287896	3.946045	1.943931	1.830051
-1.480351	470791.110957	4399285.953965	8.004030	0.722709	-7.971335	1543460106.362659	4.099454	1.999532	1.789371
-1.477121	470791.157625	4399285.191993	8.002151	0.748369	-7.967080	1543460106.478207	4.166427	2.052878	1.756616
-1.473787	470791.286922	4399284.426616	7.995575	0.774974	-7.957929	1543460106.569330	4.169434	1.908896	1.871651
-1.478152	470791.343384	4399283.620272	7.974080	0.738556	-7.939804	1543460106.687756	4.100770	1.982665	1.883581
-1.480394	470791.475647	4399282.870229	7.754642	0.700760	-7.722915	1543460106.763952	4.146025	1.885088	1.875716
-1.480641	470791.519284	4399282.039050	7.752842	0.698081	-7.721350	1543460106.878248	4.100605	1.873324	1.878411
-1.483463	470791.583865	4399281.191073	7.752955	0.676427	-7.723391	1543460106.975200	3.999650	1.853838	1.875753
-1.483800	470791.585743	4399280.455042	8.000301	0.695131	-7.970045	1543460107.072462	4.112485	2.057555	1.838908
-1.479757	470791.669773	4399279.663150	8.002319	0.727176	-7.969211	1543460107.162860	4.066421	2.029115	1.883498
-1.481915	470791.742821	4399278.918798	7.903148	0.701708	-7.871934	1543460107.271534	4.063361	2.106069	1.881711
-1.485575	470791.739167	4399278.089823	7.906257	0.673247	-7.877540	1543460107.372727	4.030393	2.079139	1.894651
-1.484026	470791.874111	4399277.212009	7.753705	0.671815	-7.724545	1543460107.491476	3.795863	2.120501	1.884499
-1.482015	470791.960624	4399276.490245	7.751710	0.687125	-7.721196	1543460107.568082	3.997488	2.069736	1.851452
-1.480135	470792.029624	4399275.666382	7.752034	0.701738	-7.720207	1543460107.676503	3.968615	1.959726	1.879767
-1.482205	470792.111726	4399274.890829	7.999008	0.707903	-7.967622	1543460107.766694	3.979989	1.900107	2.073238
-1.478880	470792.172247	4399274.164999	8.000943	0.734173	-7.967188	1543460107.887458	4.058654	1.885735	2.070230
-1.478077	470792.260448	4399273.386229	7.754843	0.717970	-7.721536	1543460107.964514	4.142699	2.015812	2.066014
-1.483121	470792.347143	4399271.731680	7.751626	0.678909	-7.721838	1543460108.170874	4.033371	2.011778	2.058116
-1.481618	470792.406751	4399271.006286	7.749507	0.690055	-7.718723	1543460108.288191	4.086002	2.054522	2.048816
-1.481377	470792.416597	4399270.476053	7.751113	0.692151	-7.720148	1543460108.359512	4.593430	2.022403	2.043616
-1.483453	470792.492733	4399269.813987	7.922694	0.691272	-7.892478	1543460108.475280	4.811882	2.013526	2.047583
-1.484020	470792.615058	4399268.631681	7.919020	0.686341	-7.889221	1543460108.570276	4.092513	1.924017	2.044142
-1.480471	470792.684173	4399267.892530	7.930554	0.715060	-7.898252	1543460108.688034	4.112375	1.971860	2.038922
-1.482095	470792.803333	4399267.025174	7.919508	0.701693	-7.888361	1543460108.761698	3.911908	2.024022	2.040107
-1.483906	470792.778699	4399266.300693	7.904883	0.685690	-7.875088	1543460108.876651	4.078874	2.058271	2.034021
-1.484620	470792.882487	4399265.571230	7.854512	0.675657	-7.825398	1543460108.970343	4.236347	2.035165	2.030400
-1.484056	470792.980018	4399264.670338	7.866193	0.680916	-7.836667	1543460109.072373	4.174325	2.081700	2.028440
-1.484965	470793.022697	4399264.021761	7.786520	0.667530	-7.757854	1543460109.162479	4.205016	2.019594	2.025985
-1.486192	470793.061468	4399263.203043	7.748755	0.661687	-7.720452	1543460109.273864	4.205993	2.001455	2.032629
-1.477850	470793.173830	4399262.458019	7.755548	0.680937	-7.725597	1543460109.370545	4.228590	2.013724	2.029421
-1.478020	470793.192773	4399261.646592	7.801048	0.697431	-7.769810	1543460109.489109	4.101972	2.065574	2.031213
-1.477035	470793.247875	4399261.031454	7.819869	0.709972	-7.787573	1543460109.559675	4.467374	2.079874	2.032950
-1.467329	470793.374377	4399259.336631	7.847115	0.779356	-7.808318	1543460109.770551	4.283036	2.008957	2.032850
-1.473813	470793.539643	4399257.798066	7.814692	0.753283	-7.778302	1543460109.960470	4.309972	2.030746	2.032549
-1.470767	470793.592789	4399257.110471	7.816000	0.762087	-7.778758	1543460110.069632	4.349918	2.100152	2.023570
-1.472596	470793.671103	4399256.277429	7.781936	0.755136	-7.745212	1543460110.173765	4.315399	2.022362	2.025456
-1.476596	470793.724548	4399255.486765	7.734707	0.743571	-7.698883	1543460110.287224	4.411281	2.019993	2.027528
-1.472122	470793.796462	4399254.753805	7.709292	0.747105	-7.673006	1543460110.359686	4.448261	2.038213	2.033975
-1.489138	470793.865965	4399254.014236	7.713816	0.752365	-7.677038	1543460110.474509	4.607605	2.035749	2.029796
-1.474445	470793.922853	4399253.192748	7.712369	0.734018	-7.677360	1543460110.570345	4.543402	2.040634	2.035353
-1.470639	470793.970198	4399252.471016	7.698580	0.744878	-7.662460	1543460110.660704	4.528389	2.083643	2.088601
-1.495745	470794.070614	4399251.688243	7.748409	0.755982	-7.711442	1543460110.764152	4.640007	2.013283	2.087317
-1.473980	470794.100203	4399250.926316	7.752293	0.754174	-7.715521	1543460110.889093	4.644729	2.093759	2.073197
-1.486265	470794.173125	4399250.139222	7.794148	0.785318	-7.754484	1543460110.974130	4.611061	2.051808	2.075795
-1.488965	470794.210893	4399249.387531	7.775703	0.808083	-7.733600	1543460111.069392	4.703121	2.033143	1.915272
-1.474198	470794.302891	4399248.615825	7.777362	0.794651	-7.736659	1543460111.164658	4.684292	2.038188	2.070847
-1.481331	470794.412613	4399247.894782	7.746613	0.759945	-7.709247	1543460111.276477	4.764847	1.986697	2.087721
-1.460130	470794.465713	4399247.096053	7.502914	0.764853	-7.463828	1543460111.373313	4.748265	1.997812	2.076735
-1.470000	470794.539879	4399246.352825	7.497998	0.761368	-7.459242	1543460111.492972	4.793315	2.010779	2.069913
-1.476563	470794.592180	4399245.556558	7.500310	0.746245	-7.463094	1543460111.565086	4.683727	1.992458	2.029705
-1.461344	470794.627010	4399244.830400	7.500041	0.769612	-7.460450	1543460111.678849	4.762799	2.066021	2.022720
-1.491870	470794.852528	4399244.070321	7.501225	0.714662	-7.467104	1543460111.778451	4.745527	1.829215	2.124263
-1.478209	470794.876854	4399241.896442	7.490576	0.677548	-7.459869	1543460112.082433	4.547513	2.067784	2.051241
-1.483145	470795.040779	4399241.223417	7.495003	0.671514	-7.464860	1543460112.195665	4.564309	1.908166	2.029759
-1.470762	470795.034493	4399240.492808	7.471773	0.694723	-7.439405	1543460112.286729	4.520657	2.031759	2.047611
-1.483015	470795.259475	4399239.687669	7.450654	0.680434	-7.419519	1543460112.373990	4.597867	1.720298	2.058930
-1.500918	470795.211506	4399238.971579	7.426701	0.626335	-7.400243	1543460112.479634	4.408043	1.926568	2.057619
-1.480528	470795.301780	4399238.246865	7.392806	0.636230	-7.365378	1543460112.581252	4.367385	1.777784	2.059695
-1.472980	470795.378552	4399237.465534	7.391231	0.663219	-7.361415	1543460112.691526	4.485436	1.810671	2.052898
-1.504723	470795.415161	4399236.680066	7.381094	0.609773	-7.355863	1543460112.762768	4.403648	1.879156	2.097006
-1.496414	470795.478972	4399235.909773	7.443711	0.595776	-7.419831	1543460112.879832	4.387722	1.825136	2.109473
-1.495517	470795.506724	4399235.116841	7.475842	0.586034	-7.452837	1543460112.976896	4.374296	1.848446	2.057566
-1.505775	470795.591801	4399234.321668	7.554468	0.559687	-7.533707	1543460113.077951	4.354252	1.869982	2.060169
-1.480953	470795.679194	4399233.539146	7.763850	0.492569	-7.748209	1543460113.172945	4.415850	1.824537	2.248281
-1.481989	470795.731404	4399232.745261	7.773213	0.468261	-7.759096	1543460113.275685	4.386506	1.765399	2.053353
-1.464148	470795.901452	4399232.001702	7.768656	0.472510	-7.754273	1543460113.374016	4.419584	1.949836	2.029984
-1.470556	470795.895389	4399231.184622	7.775424	0.496333	-7.759567	1543460113.491870	4.366194	1.861887	2.035484
-1.466954	470795.895492	4399230.397873	7.766803	0.510500	-7.750008	1543460113.573868	4.338151	1.908148	2.026663
-1.470140	470796.031241	4399229.627234	7.741277	0.532671	-7.722929	1543460113.674748	4.359571	1.784649	2.034180
-1.446630	470796.113463	4399228.789180	7.765776	0.553045	-7.746058	1543460113.773949	4.436641	1.754297	2.031861
-1.473366	470796.161447	4399228.000763	7.791812	0.547359	-7.772563	1543460113.876362	4.365982	1.804692	2.036000
-1.498691	470796.112031	4399227.278336	7.784838	0.532642	-7.766595	1543460113.974717	4.373351	1.915273	2.036237
-1.469057	470796.272692	4399226.510405	8.010571	0.558550	-7.991075	1543460114.064866	4.294044	1.789716	2.036628
-1.454885	470796.323690	4399225.633293	8.011028	0.557754	-7.991588	1543460114.176158	4.363434	1.755987	2.039633
-1.469506	470796.410607	4399224.887072	7.814308	0.559187	-7.794275	1543460114.291189	4.274038	1.699052	2.038823
-1.454189	470796.465716	4399224.149198	7.815744	0.570547	-7.794891	1543460114.376483	4.364081	1.722863	2.038072
-1.429198	470796.578819	4399223.329376	7.854387	0.590973	-7.832123	1543460114.472559	4.391694	1.695281	2.038588
-1.482686	470796.560960	4399222.564229	7.844666	0.586254	-7.822729	1543460114.577744	4.343940	1.786266	2.037982
-1.496235	470796.672158	4399221.785014	7.885612	0.587727	-7.863679	1543460114.689148	4.391370	1.784414	2.041585
-1.495798	470796.707546	4399221.027582	7.847454	0.588017	-7.825392	1543460114.772390	4.413801	1.809509	2.041415
-1.496760	470796.769162	4399220.176383	7.891681	0.583498	-7.870080	1543460114.870108	4.369305	1.816992	2.046699
-1.495328	470796.852327	4399219.439264	8.007275	0.603644	-7.984489	1543460114.976572	4.329579	1.970038	2.045039
-1.495552	470796.930928	4399218.651897	8.008516	0.602050	-7.985854	1543460115.065006	4.318359	1.875519	2.046819
-1.493480	470796.913235	4399217.854867	7.877017	0.608663	-7.853466	1543460115.172650	4.256186	1.888580	2.045187
-1.495655	470797.021669	4399217.089264	7.918583	0.594778	-7.896214	1543460115.275759	4.229821	1.757045	2.044918
-1.493962	470797.062052	4399216.242986	7.904342	0.606952	-7.881005	1543460115.381115	4.337325	1.745636	2.044101
-1.495705	470797.125645	4399215.484456	7.909331	0.593490	-7.887033	1543460115.488425	4.347493	1.779456	2.061921
-1.495373	470797.189777	4399214.961483	7.871235	0.592894	-7.848874	1543460115.568116	3.960760	1.768436	2.049356
-1.495820	470797.283394	4399214.024759	7.846006	0.587437	-7.823985	1543460115.673922	4.043271	1.872063	2.047602
