front	position-x	position-y	speed	speed-x	speed-y	timestamp	v-x	v-y	v-z
1.633464	470936.967662	4398734.321484	1.495429	-0.092993	1.492535	1543370496.328724	3.177192	1.866312	2.050776
1.638345	470936.884963	4398734.842992	2.242080	-0.058868	2.241307	1543370496.527959	3.199001	1.873528	2.061313
1.660729	470936.802987	4398735.099538	2.496542	-0.223497	2.486518	1543370496.626240	3.202377	1.793685	2.055520
1.638637	470936.858593	4398735.379153	2.746149	-0.186436	2.739813	1543370496.726399	3.164263	1.838162	2.061883
1.641978	470936.838451	4398735.719195	3.244988	-0.230756	3.236773	1543370496.825369	3.199461	1.957639	2.060907
1.658064	470936.772852	4398736.444305	3.494450	-0.304261	3.481179	1543370497.025947	3.137492	1.825598	2.045003
1.662791	470936.665324	4398736.854438	3.993674	-0.366793	3.976795	1543370497.127337	3.241470	1.888422	2.045197
1.668307	470936.657992	4398737.374531	4.254643	-0.414196	4.234434	1543370497.229054	3.236945	1.790027	2.049078
1.663687	470936.715264	4398737.836420	4.756634	-0.441353	4.736114	1543370497.333156	3.161074	2.088544	2.052473
1.669780	470936.553956	4398738.333014	5.020007	-0.496059	4.995437	1543370497.428049	3.173865	1.855334	2.035973
1.660203	470936.501520	4398738.872946	5.283643	-0.471964	5.262521	1543370497.528759	3.172680	2.003736	2.054849
1.654552	470936.550076	4398739.459386	5.556601	-0.464951	5.537115	1543370497.627563	3.192854	1.907679	2.078184
1.655053	470936.449077	4398740.036836	5.866067	-0.493600	5.845263	1543370497.739534	3.208168	1.938394	1.878690
1.658648	470936.377575	4398741.267659	6.194203	-0.543374	6.170324	1543370497.927224	3.200162	2.092863	1.900182
1.651308	470936.361206	4398741.934131	6.534232	-0.525699	6.513051	1543370498.029951	3.179625	1.918024	1.907590
1.654698	470936.255736	4398742.602209	6.837413	-0.572838	6.813375	1543370498.128630	3.214602	1.950473	1.917283
1.653876	470936.200917	4398743.284420	6.883863	-0.571226	6.860122	1543370498.228119	3.252433	1.865449	1.937135
1.659985	470936.152272	4398744.008826	7.263546	-0.646698	7.234700	1543370498.330671	3.280398	1.911852	1.783570
1.670212	470935.997279	4398744.733120	7.567419	-0.750677	7.530094	1543370498.427943	3.305411	1.751154	1.926411
1.660121	470935.945102	4398745.467398	7.720282	-0.689242	7.689454	1543370498.531558	3.129592	1.760828	1.948766
1.647612	470935.988438	4398745.607295	7.789728	-0.598269	7.766719	1543370498.629450	1.787823	1.740151	1.957539
1.652919	470935.915845	4398746.406659	8.117813	-0.665626	8.090478	1543370498.730512	1.843655	1.714281	1.967399
1.655478	470935.906745	4398747.319077	8.195324	-0.692560	8.166009	1543370498.826380	2.051934	1.867148	1.974707
1.661401	470935.769215	4398748.274815	8.360563	-0.756165	8.326298	1543370498.931171	2.322164	1.900326	1.984972
1.660027	470935.625315	4398749.175061	8.439393	-0.752116	8.405812	1543370499.028157	2.441730	1.964734	2.001426
1.651427	470935.640483	4398749.892559	8.762016	-0.706016	8.733525	1543370499.128363	2.154723	1.885840	1.758877
1.659916	470935.562614	4398750.627629	8.941629	-0.795435	8.906178	1543370499.229007	2.062753	1.724996	1.777232
1.659022	470935.478254	4398751.570837	9.030919	-0.795728	8.995794	1543370499.331015	2.081605	1.730742	1.810679
1.650696	470935.379686	4398752.392770	9.117414	-0.728082	9.088297	1543370499.428467	1.869828	1.738358	1.851161
1.659213	470935.383157	4398753.174824	9.286404	-0.819505	9.250174	1543370499.527758	1.563325	1.819526	1.890476
1.646518	470935.283184	4398754.046190	9.368613	-0.709233	9.341729	1543370499.636486	1.524231	1.799247	1.921562
1.641736	470935.173404	4398755.007745	9.543468	-0.676520	9.519459	1543370499.739168	1.576012	1.793155	1.950520
1.651573	470935.048976	4398755.923410	9.613667	-0.775107	9.582369	1543370499.842038	1.559105	1.663200	2.037199
1.643238	470935.041961	4398756.851640	9.702811	-0.702543	9.677343	1543370499.927234	1.526729	1.648681	2.025370
1.654546	470934.925826	4398757.802190	9.879577	-0.825860	9.844998	1543370500.038620	1.562936	1.637918	2.034624
1.641712	470934.914627	4398758.757717	9.975089	-0.707339	9.949979	1543370500.129803	1.555980	1.742236	2.030653
1.653603	470934.834196	4398759.739527	10.054776	-0.830978	10.020379	1543370500.239683	1.570876	1.544328	1.836573
1.644370	470934.725142	4398760.723934	10.152546	-0.746714	10.125049	1543370500.327446	1.627679	1.719134	1.874072
1.665663	470934.545782	4398761.649589	10.146661	-0.960033	10.101142	1543370500.439565	1.519229	1.642163	1.894966
1.659662	470934.541297	4398762.689358	10.207731	-0.906432	10.167406	1543370500.528572	1.461869	1.592991	1.923311
1.651807	470934.511194	4398763.725409	10.278570	-0.832356	10.244813	1543370500.640245	1.518722	1.615712	2.002661
1.627029	470934.500155	4398764.712760	10.489143	-0.590845	10.472488	1543370500.729305	1.467232	1.653179	2.017749
1.649725	470934.324232	4398765.745286	10.585016	-0.833180	10.552174	1543370500.840693	1.494703	1.591736	2.034198
1.650986	470934.242678	4398767.836171	10.629938	-0.850948	10.595823	1543370501.039870	1.555827	1.718104	2.055751
1.665632	470934.088019	4398768.855740	10.759251	-1.018257	10.710958	1543370501.128986	1.498053	1.647065	1.789143
1.648620	470934.084360	4398769.945053	10.875897	-0.846628	10.842895	1543370501.237427	1.526835	1.479296	1.797889
1.649629	470933.871818	4398772.040152	10.920268	-0.859946	10.886356	1543370501.438196	1.536516	1.605953	1.462457
1.651284	470933.750558	4398773.046096	10.973105	-0.882190	10.937586	1543370501.526209	1.441881	1.725921	1.482947
1.651616	470933.610965	4398774.104390	10.993303	-0.887572	10.957415	1543370501.640010	1.443216	1.628508	1.502788
1.651757	470933.473901	4398775.165610	10.916279	-0.883322	10.880482	1543370501.729504	1.520056	1.550372	1.832787
1.631126	470933.548308	4398775.622757	10.946672	-0.661560	10.926663	1543370501.838255	0.345259	1.660597	1.850190
1.657059	470933.368171	4398777.634195	11.006790	-0.947735	10.965912	1543370501.929381	2.113169	1.456970	1.868476
1.634533	470933.287482	4398778.779836	11.063448	-0.706647	11.040857	1543370502.040409	2.276278	1.594190	1.932237
1.657171	470933.129544	4398779.808915	11.000071	-0.948606	10.959092	1543370502.128897	2.377135	1.608740	1.903069
1.653319	470933.081028	4398780.837548	11.111893	-0.916876	11.074001	1543370502.240793	2.088888	1.498749	1.959545
1.648119	470933.081905	4398781.145392	11.124008	-0.860173	11.090701	1543370502.331273	0.505284	1.639842	1.938243
1.632792	470932.931729	4398783.746081	10.993906	-0.680960	10.972796	1543370502.531617	1.524038	1.456578	1.639215
1.658246	470932.849324	4398784.828440	11.036502	-0.961309	10.994556	1543370502.637854	1.634555	1.546264	1.634451
1.632771	470932.847470	4398785.895727	11.083166	-0.686715	11.061872	1543370502.732986	1.552927	1.556225	1.667347
1.660336	470932.630047	4398788.045076	11.172083	-0.997702	11.127445	1543370502.930485	1.536153	1.734037	1.689265
1.641457	470932.534030	4398789.158062	11.086409	-0.783491	11.058689	1543370503.039430	1.558008	1.400311	1.701087
1.670219	470932.312729	4398790.231886	11.099921	-1.099891	11.045293	1543370503.130776	1.464552	1.514365	1.710743
1.654180	470932.283398	4398791.351562	11.136953	-0.928220	11.098204	1543370503.240008	1.476540	1.528400	1.724312
1.657566	470932.265623	4398792.439258	11.175759	-0.967986	11.133759	1543370503.330627	1.622011	1.536682	1.769531
1.651070	470932.214489	4398793.485926	11.098384	-0.889964	11.062644	1543370503.441623	1.546109	1.630210	1.776436
1.642985	470932.062286	4398794.559521	11.040124	-0.796835	11.011331	1543370503.528772	1.568749	1.557601	1.753911
1.665869	470931.871234	4398795.670353	11.147377	-1.057291	11.097123	1543370503.641987	1.530633	1.309095	1.761107
1.638991	470931.935156	4398796.821237	11.128498	-0.760165	11.102505	1543370503.732266	1.557201	1.570500	1.770120
1.631836	470931.851278	4398798.233640	11.090748	-0.677120	11.070059	1543370503.838263	2.180340	1.579661	1.773151
1.639602	470931.795342	4398798.980768	11.113682	-0.763879	11.087399	1543370503.933834	1.543169	1.585226	1.788733
1.647215	470931.578048	4398800.009195	10.977359	-0.837825	10.945339	1543370504.039462	1.512215	1.594050	1.806626
1.676001	470931.461525	4398801.108072	11.027777	-1.156622	10.966954	1543370504.127554	1.526980	1.478114	1.829880
1.657399	470931.456269	4398802.230974	10.913721	-0.945181	10.872715	1543370504.238612	1.504589	1.350413	1.827226
1.677093	470931.335535	4398803.294164	10.768960	-1.141568	10.708282	1543370504.328923	1.589934	1.488652	1.814232
1.660794	470931.199266	4398804.610186	10.891718	-0.979686	10.847569	1543370504.440126	1.938150	1.616280	1.817682
1.661266	470931.079042	4398806.858522	10.885498	-0.983422	10.840984	1543370504.640376	2.090712	1.623974	1.821401
1.661152	470931.034939	4398807.958638	10.891726	-0.982687	10.847305	1543370504.730915	2.108168	1.626852	1.830111
1.659912	470930.826516	4398809.084045	10.836157	-0.964077	10.793185	1543370504.839633	2.243729	1.517196	1.832162
1.632395	470930.895120	4398810.150851	10.798472	-0.665659	10.777936	1543370504.929654	2.247819	1.400720	1.842795
1.660076	470930.710387	4398810.886042	10.768261	-0.958367	10.725530	1543370505.036884	1.546615	1.489421	1.848414
1.659308	470930.625871	4398811.930800	10.662208	-0.942382	10.620480	1543370505.131135	1.570210	1.286008	1.854541
1.637015	470930.532098	4398812.988065	10.728898	-0.711067	10.705309	1543370505.237257	1.486196	1.494565	1.848795
1.644677	470930.558906	4398814.083703	10.680341	-0.788080	10.651226	1543370505.329114	1.432550	1.794641	1.445548
1.657013	470930.433427	4398815.169798	10.702484	-0.920859	10.662794	1543370505.437927	1.473871	1.646575	1.442130
1.664206	470930.291418	4398816.275509	10.599779	-0.988589	10.553577	1543370505.531078	1.519322	1.495902	1.826733
1.650366	470930.137833	4398818.698777	10.680264	-0.849413	10.646433	1543370505.729839	2.184647	1.647373	1.858742
1.661445	470929.964816	4398819.742808	10.726128	-0.970571	10.682126	1543370505.841303	2.128242	1.409180	1.859613
1.652734	470929.392723	4398827.924787	10.561702	-0.863756	10.526323	1543370506.641539	1.536314	1.431246	1.850870
1.649099	470929.133270	4398831.193670	10.598604	-0.830591	10.566008	1543370506.927037	1.474279	1.623278	1.808287
1.674867	470929.285160	4398829.002943	10.595768	-1.099573	10.538560	1543370506.729419	1.571610	1.624108	1.857399
1.677184	470929.095742	4398830.049471	10.631740	-1.128949	10.571630	1543370506.839542	1.518713	1.473378	1.832028
1.658611	470929.074328	4398832.237342	10.584814	-0.927491	10.544100	1543370507.042104	1.454194	1.765542	1.420891
1.627157	470929.103658	4398832.891843	10.612985	-0.598919	10.596072	1543370507.130311	0.619085	1.748103	1.425052
1.660978	470928.591363	4398837.507024	10.622678	-0.956951	10.579487	1543370507.530312	1.554920	1.361890	1.766961
1.668583	470928.446630	4398838.577432	10.721167	-1.045957	10.670023	1543370507.639677	1.527953	1.243424	1.758769
1.657492	470928.264172	4398839.639657	10.813383	-0.936761	10.772731	1543370507.730093	1.547578	1.241279	1.752810
1.654214	470928.259270	4398841.173638	10.589795	-0.882457	10.552963	1543370507.839103	2.464811	1.235536	1.747343
1.645179	470928.270949	4398841.790348	10.610666	-0.788984	10.581292	1543370507.929555	1.548446	1.338977	1.738814
1.641785	470928.136348	4398842.801527	10.561909	-0.749159	10.535307	1543370508.040865	1.543625	1.438835	1.734137
1.661799	470928.053770	4398843.903890	10.581711	-0.960605	10.538019	1543370508.130344	1.540832	1.221532	1.725660
1.659587	470927.916421	4398844.948645	10.523227	-0.933594	10.481732	1543370508.241456	1.586625	1.551785	1.706648
1.638022	470927.955443	4398845.964416	10.325102	-0.695074	10.301680	1543370508.334441	1.285143	1.547306	1.751670
1.658940	470927.827536	4398847.334426	10.529150	-0.926110	10.488342	1543370508.439712	1.632563	1.754060	1.735517
1.639053	470927.787094	4398848.678887	10.580876	-0.722686	10.556167	1543370508.527977	2.159282	1.652251	1.737171
1.661421	470927.676397	4398849.194914	10.395045	-0.939579	10.352495	1543370508.638602	1.347768	1.527109	1.657354
1.669196	470927.573114	4398850.286778	10.658888	-1.046902	10.607350	1543370508.730974	1.497542	1.518180	1.686665
1.676549	470927.305271	4398852.811939	10.458504	-1.105344	10.399929	1543370508.946112	2.147520	1.508291	1.709710
1.670969	470927.293441	4398853.963797	10.567807	-1.057320	10.514781	1543370509.038207	2.263165	1.722548	1.703481
1.663344	470927.223027	4398854.533868	10.548354	-0.975165	10.503181	1543370509.137110	1.311076	1.508162	2.069232
1.672117	470927.103220	4398855.596493	10.539383	-1.065808	10.485354	1543370509.239128	1.350533	1.707397	2.064846
1.658894	470927.074921	4398856.855456	10.706809	-0.942423	10.665252	1543370509.337354	1.529086	1.705498	1.691422
1.667969	470926.964333	4398857.873652	10.611229	-1.028453	10.561272	1543370509.438083	1.547285	1.498876	1.686964
1.694115	470926.843026	4398858.934740	10.665299	-1.309784	10.584567	1543370509.540058	1.529229	1.470965	1.657606
1.680110	470926.681108	4398860.004177	10.736791	-1.171934	10.672641	1543370509.639477	1.484679	1.684257	1.660242
1.662429	470926.690610	4398861.343367	10.509942	-0.962599	10.465767	1543370509.739230	2.210119	1.675637	1.656108
1.673159	470926.434201	4398861.961783	10.732405	-1.095962	10.676300	1543370509.840259	1.541543	1.452633	1.616448
1.670601	470926.469849	4398863.129652	10.810245	-1.077019	10.756459	1543370509.936660	1.588388	1.473432	1.595408
1.651944	470926.422708	4398864.170673	10.760187	-0.873099	10.724707	1543370510.037807	1.532031	1.656377	1.595701
1.648085	470926.306263	4398865.612975	10.708106	-0.826806	10.676138	1543370510.135133	2.326270	1.649270	1.593746
1.647880	470926.205651	4398867.263047	10.779311	-0.830793	10.747248	1543370510.338850	1.287055	1.521387	2.015603
1.670015	470925.933975	4398868.739098	10.733687	-1.063363	10.680884	1543370510.438751	2.191271	1.509160	1.455668
1.661463	470925.959834	4398869.563494	10.615141	-0.961343	10.571520	1543370510.527647	1.526552	1.620353	1.608069
1.666987	470925.850738	4398870.606862	10.660951	-1.022896	10.611765	1543370510.638841	1.621212	1.617420	1.590870
1.665939	470925.604652	4398873.084963	10.679060	-1.014706	10.630743	1543370510.838872	2.362962	1.702662	1.978469
1.655222	470925.503318	4398874.755248	10.697587	-0.903086	10.659400	1543370511.039177	1.501733	1.717233	1.525472
1.658742	470925.388800	4398875.796404	10.710021	-0.940211	10.668672	1543370511.130442	1.517871	1.384234	1.930740
1.638728	470925.421629	4398877.303570	10.713845	-0.728290	10.689063	1543370511.239334	2.306640	1.576910	1.919724
1.655242	470925.153808	4398878.356623	10.694598	-0.901386	10.656544	1543370511.329355	2.237541	1.574297	1.557666
1.647541	470925.143814	4398879.418654	10.665584	-0.818153	10.634157	1543370511.439759	2.196121	1.667020	1.921710
1.665325	470924.876822	4398880.859020	10.704359	-1.009379	10.656663	1543370511.529322	2.974843	1.786994	1.918478
1.651377	470924.935717	4398881.551435	10.464022	-0.842718	10.430033	1543370511.638619	2.400163	1.455435	1.891380
1.668438	470924.822292	4398882.649827	10.565008	-1.029097	10.514769	1543370511.729061	2.342789	1.353632	1.887670
1.644201	470924.797052	4398884.384218	10.596976	-0.779216	10.568289	1543370511.937895	1.533184	1.653469	1.863713
1.655669	470924.507705	4398885.927292	10.610969	-0.899432	10.572781	1543370512.041612	2.527873	1.539711	1.864260
1.672841	470924.416857	4398886.808267	10.567598	-1.075641	10.512712	1543370512.137994	2.186237	1.525022	1.862918
1.659895	470924.463021	4398887.912146	10.645399	-0.947871	10.603116	1543370512.240787	2.155128	1.813495	1.855707
1.654369	470924.253727	4398889.696707	10.776812	-0.898497	10.739291	1543370512.438756	1.531897	1.628546	1.827762
1.647897	470924.289495	4398890.796142	10.759528	-0.828708	10.727567	1543370512.541149	1.544653	1.908767	1.453916
1.643199	470924.124143	4398891.833211	10.631498	-0.769055	10.603645	1543370512.641369	1.423160	1.619639	1.805123
1.664063	470923.911303	4398893.216816	10.677848	-0.993261	10.631551	1543370512.747584	2.019374	1.496572	1.768707
1.643775	470923.957142	4398894.011639	10.762387	-0.785547	10.733680	1543370512.841936	1.581086	1.686527	1.750614
1.650897	470923.883915	4398895.329801	10.877609	-0.869857	10.842773	1543370512.938586	2.257669	1.792609	1.812454
1.651267	470923.776386	4398896.448894	10.814810	-0.869166	10.779827	1543370513.041930	2.258085	1.368237	1.804638
1.652369	470923.698254	4398897.192924	10.851066	-0.884426	10.814963	1543370513.143416	1.557348	1.669002	1.782740
1.649817	470923.617622	4398898.264639	10.816408	-0.854304	10.782618	1543370513.241777	1.494876	1.661540	1.750037
1.644085	470923.573443	4398899.357264	10.858887	-0.795845	10.829684	1543370513.336028	1.485422	1.744401	1.777664
1.634759	470923.539109	4398900.371923	10.791673	-0.690224	10.769577	1543370513.437108	1.415142	1.846285	1.726925
1.653325	470923.361340	4398901.476007	10.706358	-0.881611	10.669998	1543370513.541599	1.507546	1.642535	1.761400
1.649219	470923.332758	4398902.513456	10.674415	-0.836672	10.641575	1543370513.639513	1.519666	1.743743	2.052790
1.647222	470923.253085	4398903.548576	10.661203	-0.814192	10.630068	1543370513.742146	1.467558	1.736583	2.045222
1.642344	470923.130187	4398905.761120	10.758989	-0.769104	10.731464	1543370513.937883	1.546625	1.809572	1.730477
1.670145	470922.902532	4398906.809046	10.731793	-1.063157	10.679002	1543370514.040182	1.529640	1.502055	1.686090
1.673786	470922.782366	4398907.866826	10.685724	-1.098837	10.629076	1543370514.138559	1.678786	1.585172	1.680126
1.670969	470922.655436	4398909.990053	10.573420	-1.056119	10.520543	1543370514.340940	1.588012	1.626827	1.669556
1.643592	470922.628941	4398911.061315	10.490664	-0.764224	10.462790	1543370514.438794	1.503325	1.670820	1.664621
1.639737	470922.549651	4398912.085276	10.505154	-0.723967	10.480178	1543370514.538446	1.446304	1.695386	2.053726
1.647272	470922.461403	4398913.172255	10.448192	-0.798067	10.417668	1543370514.641315	1.483249	1.683755	2.002298
1.641524	470922.366438	4398914.188662	10.255707	-0.724966	10.230051	1543370514.738825	1.612873	1.661350	1.648820
1.643325	470922.224228	4398916.634707	9.955101	-0.720531	9.928991	1543370514.941275	2.098034	1.740821	1.625979
1.662449	470922.153369	4398917.737296	10.156709	-0.928637	10.114167	1543370515.044647	2.175114	1.840969	1.618011
1.656950	470922.007639	4398918.809786	10.307731	-0.887326	10.269468	1543370515.140883	2.194190	1.569893	1.611580
1.653210	470921.997247	4398919.482226	10.147608	-0.835751	10.113133	1543370515.241808	1.618543	1.669468	1.621119
1.650349	470921.902618	4398920.564598	10.735163	-0.853291	10.701197	1543370515.337161	1.638654	1.823528	1.609668
1.649745	470921.868661	4398921.969719	9.837037	-0.775850	9.806394	1543370515.447879	2.124286	1.812183	1.591019
1.650293	470921.767841	4398923.113875	10.131101	-0.804307	10.099124	1543370515.537647	2.260340	1.804865	1.585654
1.650562	470921.639121	4398924.126732	10.293071	-0.819682	10.260382	1543370515.642541	2.162736	1.715131	1.579895
1.645428	470921.551955	4398925.030264	10.368204	-0.772834	10.339361	1543370515.738323	1.871553	1.773014	1.579563
1.652332	470921.477255	4398925.990823	10.444559	-0.849833	10.409927	1543370515.842576	1.656378	1.611111	1.563861
1.653320	470921.362148	4398927.012689	10.751924	-0.886181	10.715342	1543370515.939888	1.578698	1.703665	1.554706
1.641032	470921.319683	4398928.406480	10.759644	-0.755777	10.733068	1543370516.042413	2.254717	1.765907	1.857622
1.661586	470921.148418	4398929.474089	10.584754	-0.958801	10.541239	1543370516.137031	2.238505	1.763300	1.871058
1.670346	470921.114572	4398930.190637	10.455312	-1.038924	10.403566	1543370516.243530	1.639284	1.775188	1.884048
1.659748	470921.007256	4398931.201012	10.492049	-0.933058	10.450479	1543370516.336783	1.540365	1.649204	1.925387
1.655627	470920.825821	4398932.655116	10.467829	-0.887577	10.430132	1543370516.441187	2.304958	1.817511	1.920554
1.673193	470920.811852	4398933.313615	10.408790	-1.063408	10.354326	1543370516.539915	1.582718	1.675840	1.864587
1.648994	470920.712287	4398934.417534	10.549593	-0.825500	10.517246	1543370516.641966	1.556621	1.731929	1.516766
1.655231	470920.692716	4398935.806868	10.546789	-0.889301	10.509230	1543370516.741293	2.217193	1.719017	1.833078
1.652504	470920.616052	4398936.655478	10.578873	-0.863863	10.543543	1543370516.840840	1.787338	1.726937	1.805695
1.645188	470920.465373	4398937.590525	10.589198	-0.787636	10.559865	1543370516.940037	1.544387	1.684778	1.819275
1.651432	470920.391291	4398938.670324	10.608314	-0.854241	10.573864	1543370517.040744	1.579434	1.619488	1.806408
1.651989	470920.274452	4398939.692461	10.613880	-0.860784	10.578918	1543370517.139505	1.487729	1.757067	1.796591
1.660953	470920.149181	4398940.770747	10.572404	-0.951440	10.529506	1543370517.246786	1.552236	1.685883	2.080358
1.647833	470920.113452	4398942.038203	10.537367	-0.811525	10.506071	1543370517.337775	1.936070	1.687987	1.807505
1.667434	470919.977152	4398942.990051	10.530564	-1.014857	10.481547	1543370517.438322	1.726473	1.760463	1.792597
1.672106	470919.855535	4398943.975769	10.607515	-1.072053	10.553203	1543370517.539024	1.538016	1.825485	2.075504
1.659955	470919.768587	4398945.019601	10.601050	-0.944510	10.558890	1543370517.644385	1.516599	1.824386	2.057873
1.653176	470919.720356	4398946.084868	10.596545	-0.872186	10.560590	1543370517.738199	1.533267	1.735281	2.055358
1.656239	470919.593518	4398947.145174	10.577566	-0.902339	10.539008	1543370517.844167	1.635873	1.655270	2.039701
1.662591	470919.602587	4398948.229868	10.624965	-0.973406	10.580282	1543370517.938334	1.589450	1.793985	2.027682
1.666582	470919.377910	4398949.250327	10.579591	-1.011427	10.531133	1543370518.037561	1.509533	1.788243	2.041182
1.653337	470919.399861	4398950.297986	10.508494	-0.866987	10.472669	1543370518.141348	1.545151	1.776127	2.087538
1.664508	470919.167601	4398951.756107	10.570723	-0.988558	10.524397	1543370518.242035	2.354454	1.707220	1.724133
1.661760	470919.152251	4398952.370738	10.564582	-0.959891	10.520885	1543370518.335846	1.587780	1.840255	1.710887
1.656919	470919.040865	4398953.824064	10.536613	-0.907094	10.497495	1543370518.440594	2.238095	1.833224	1.716847
1.658226	470919.001370	4398954.540488	10.602337	-0.926340	10.561791	1543370518.540120	1.519810	1.789587	2.064037
1.654998	470918.859023	4398955.598415	10.558289	-0.888559	10.520833	1543370518.637561	1.558464	1.740493	2.050599
1.652214	470918.876138	4398956.662474	10.599006	-0.862214	10.563878	1543370518.737650	1.538099	1.811349	2.034396
1.660797	470918.743671	4398957.714647	10.651407	-0.956612	10.608363	1543370518.839945	1.492190	1.720302	1.975119
1.656544	470918.684504	4398958.747522	10.556264	-0.904020	10.517484	1543370518.938501	1.495053	1.792966	1.981316
1.646270	470918.551131	4398959.811951	10.539565	-0.794996	10.509540	1543370519.037844	1.529232	1.707096	1.952582
1.663886	470918.341778	4398961.160040	10.571076	-0.981801	10.525384	1543370519.137109	2.077688	1.696825	1.954230
1.659591	470918.367770	4398962.009168	10.622566	-0.942301	10.580688	1543370519.240103	1.646333	1.779124	1.935625
1.645678	470918.276999	4398963.054734	10.636496	-0.796226	10.606652	1543370519.335951	1.643354	1.749325	1.924593
1.651029	470918.101956	4398964.648701	10.596204	-0.848575	10.562171	1543370519.438693	2.759572	1.675661	1.990610
1.640946	470918.095873	4398965.158285	10.646297	-0.746294	10.620108	1543370519.536460	1.613292	1.866850	1.908020
1.649015	470918.022877	4398966.243305	10.588861	-0.826765	10.556535	1543370519.639785	1.797262	1.822317	1.902555
1.666343	470917.884057	4398967.305091	10.572982	-1.007695	10.524852	1543370519.737920	1.820675	1.794801	1.889901
1.648486	470917.646718	4398970.713357	10.581736	-0.822431	10.549727	1543370520.044246	2.219797	1.885023	2.087256
1.644711	470917.543682	4398971.702181	10.555187	-0.779635	10.526355	1543370520.139036	2.104599	1.798886	2.071644
1.641035	470917.465765	4398972.818134	10.599867	-0.744033	10.573722	1543370520.241883	2.199294	1.795876	2.084139
1.647353	470917.377540	4398973.908609	10.620682	-0.811906	10.589603	1543370520.336229	2.260222	1.658265	2.084395
1.659755	470917.314401	4398974.666219	10.579496	-0.939350	10.537711	1543370520.438348	1.768190	1.651698	2.036962
1.647474	470917.190558	4398975.713183	10.541517	-0.808374	10.510476	1543370520.537882	1.645771	1.733358	1.982232
1.638467	470917.095964	4398977.332514	10.418573	-0.705065	10.394689	1543370520.637874	2.742591	1.780221	1.969054
1.651057	470917.122060	4398977.770983	10.485539	-0.840074	10.451833	1543370520.745391	1.659363	1.764454	2.013353
1.656544	470916.940187	4398979.183474	10.499405	-0.898818	10.460862	1543370520.840801	2.237810	1.734769	1.997737
1.650537	470916.826023	4398980.260947	10.483304	-0.835328	10.449971	1543370520.938240	2.246761	1.785148	1.719684
1.659932	470916.801295	4398981.344440	10.560832	-0.939622	10.518949	1543370521.037698	2.257261	1.785939	1.978455
1.652266	470916.719293	4398982.407880	10.459001	-0.851565	10.424276	1543370521.139930	2.306514	1.776542	1.966886
1.656871	470916.661458	4398983.245452	10.460006	-0.898933	10.421308	1543370521.240781	1.892360	1.889768	1.693357
1.658603	470916.482562	4398984.175549	10.496495	-0.920203	10.456081	1543370521.337952	1.656798	1.723168	1.982738
1.643866	470916.389797	4398986.346343	10.541914	-0.769891	10.513763	1543370521.536266	1.771866	1.692122	1.927295
1.641645	470916.250948	4398987.647661	10.529920	-0.745628	10.503488	1543370521.639689	2.224069	1.755903	1.916763
1.652153	470916.121021	4398989.206528	10.532768	-0.855359	10.497979	1543370521.743955	3.201982	1.747379	1.899422
1.655354	470916.098778	4398989.788037	10.525419	-0.888862	10.487820	1543370521.840631	2.260975	1.825436	1.895599
1.642779	470916.042524	4398990.830484	10.535673	-0.758424	10.508340	1543370521.938095	2.237142	1.771035	1.885863
1.655064	470915.975688	4398991.526460	10.567691	-0.888942	10.530236	1543370522.041425	1.577773	1.905891	1.870309
1.651084	470915.857825	4398992.595019	10.556852	-0.846833	10.522832	1543370522.147105	1.621832	1.831576	1.858335
1.652930	470915.722263	4398993.738088	10.655929	-0.874095	10.620018	1543370522.238829	1.738895	1.781413	1.855827
1.657868	470915.618251	4398995.504265	10.557706	-0.917894	10.517729	1543370522.340309	3.316039	1.817187	2.071169
1.649270	470915.554912	4398995.740509	10.542964	-0.826955	10.510482	1543370522.440334	1.532781	1.776966	1.929724
1.653123	470915.413624	4398997.638869	10.690938	-0.878973	10.654743	1543370522.536941	3.190499	1.734857	1.937958
1.657415	470915.387755	4398998.682848	10.610987	-0.917740	10.571225	1543370522.641700	3.262208	1.850428	2.077521
1.651659	470915.322220	4398998.944858	10.746257	-0.868409	10.711111	1543370522.737814	1.572248	1.793793	1.800126
1.652179	470915.264091	4399000.130438	10.622429	-0.863524	10.587272	1543370522.843863	1.874441	1.821941	1.790538
1.645819	470915.176963	4399001.269874	10.538959	-0.790227	10.509291	1543370522.938456	2.054412	1.796905	1.780169
1.649504	470915.081160	4399002.231861	10.435563	-0.820208	10.403280	1543370523.039599	1.790718	1.802734	1.968039
1.653664	470914.895457	4399003.958303	10.521609	-0.870644	10.485525	1543370523.138528	3.191748	1.740115	2.038241
1.651357	470914.739002	4399006.101723	10.651981	-0.857379	10.617419	1543370523.337919	3.241482	1.786781	2.048459
1.651039	470914.667381	4399007.663598	10.591640	-0.848675	10.557585	1543370523.540310	2.150000	1.783793	1.972552
1.649014	470914.580367	4399008.888040	10.665991	-0.833306	10.633389	1543370523.640796	2.414175	1.771894	1.735274
1.648060	470914.401017	4399010.286683	10.626708	-0.820232	10.595006	1543370523.738183	3.256629	1.826418	1.894194
1.647974	470914.158400	4399013.695450	10.545062	-0.813472	10.513638	1543370524.140388	1.532239	1.757572	1.898133
1.651037	470914.002439	4399015.595848	10.569069	-0.846973	10.535077	1543370524.248580	3.215916	1.845902	1.991544
1.652065	470913.933899	4399016.209111	10.524763	-0.854369	10.490028	1543370524.343749	2.368625	1.751278	2.037647
1.646552	470913.844465	4399017.681650	10.510628	-0.795878	10.480453	1543370524.450874	3.225950	1.893632	1.867003
1.650885	470913.746233	4399018.749082	10.482512	-0.838659	10.448910	1543370524.535438	3.208829	1.872840	1.863784
1.654662	470913.703048	4399019.803576	10.491215	-0.878701	10.454352	1543370524.648835	3.276856	1.850494	2.063570
1.651880	470913.545938	4399020.832661	10.445311	-0.846090	10.410987	1543370524.736184	3.311994	1.848005	2.053062
1.651899	470913.531147	4399021.931231	10.615092	-0.859820	10.580212	1543370524.851328	3.238714	1.998005	2.063359
1.654316	470913.383404	4399022.991507	10.644861	-0.887824	10.607773	1543370524.935679	3.200397	2.100610	2.062500
1.655607	470913.275879	4399024.012987	10.595260	-0.897417	10.557186	1543370525.050053	3.245036	1.917371	2.052486
1.662504	470913.207061	4399025.099545	10.614916	-0.971699	10.570348	1543370525.136244	3.260486	1.907585	2.059042
1.651129	470913.109470	4399026.140395	10.595692	-0.850738	10.561483	1543370525.252278	3.238096	2.004632	2.035762
1.660085	470912.987573	4399027.204294	10.611374	-0.945582	10.569160	1543370525.337127	3.250015	1.757668	2.000153
1.649546	470912.999838	4399027.361132	10.564223	-0.831435	10.531454	1543370525.450132	1.495492	1.761744	1.985381
1.646842	470912.874137	4399029.330698	10.685737	-0.812014	10.654840	1543370525.538246	3.252580	1.914883	2.008417
1.664416	470912.712860	4399030.362251	10.685384	-0.998261	10.638652	1543370525.650169	3.174350	1.981825	2.043121
1.650127	470912.600931	4399031.435243	10.660321	-0.845907	10.626706	1543370525.738519	3.184389	1.932707	2.047274
1.655658	470912.582354	4399032.490344	10.671927	-0.904547	10.633523	1543370525.850331	3.193865	1.800415	2.062880
1.655983	470912.567502	4399033.551318	10.642973	-0.905647	10.604371	1543370525.937860	3.218881	1.924115	2.065227
1.649536	470912.421347	4399034.614360	10.671438	-0.839847	10.638338	1543370526.051318	3.203876	1.793228	2.053628
1.659380	470912.380437	4399035.640169	10.710445	-0.947092	10.668489	1543370526.136982	3.205906	1.954083	2.053474
1.658597	470912.204099	4399036.722576	10.761592	-0.943806	10.720125	1543370526.249008	3.220247	1.738308	2.042546
1.653985	470912.090845	4399037.767869	10.738428	-0.892645	10.701262	1543370526.341537	3.220991	1.924835	2.004314
1.649091	470912.086614	4399038.816953	10.732341	-0.839809	10.699432	1543370526.451146	3.171012	2.009976	1.972419
1.654762	470911.943089	4399039.875379	10.732318	-0.899631	10.694546	1543370526.538071	3.211948	1.995671	1.968257
1.657319	470911.928880	4399040.945151	10.707292	-0.924844	10.667275	1543370526.650811	3.230903	1.910895	2.001577
1.657367	470911.712504	4399042.995246	10.507040	-0.908121	10.467722	1543370526.848738	3.336694	1.832162	2.006848
1.649335	470911.634537	4399044.036167	10.421726	-0.817952	10.389578	1543370526.939007	3.266896	1.944050	2.010581
1.646665	470911.533002	4399045.132007	10.680850	-0.809352	10.650141	1543370527.052524	3.249209	1.858878	2.019887
1.656304	470911.488633	4399046.199442	10.664935	-0.909949	10.626045	1543370527.138097	3.231737	1.998192	2.014692
1.656167	470911.301790	4399047.239842	10.646516	-0.907507	10.607768	1543370527.252555	3.227806	1.905574	2.023330
1.640747	470911.250001	4399049.372101	10.627424	-0.743533	10.601382	1543370527.448615	3.218587	1.896000	1.985658
1.649902	470911.112961	4399050.417050	10.615734	-0.838693	10.582552	1543370527.537078	3.202361	1.825271	1.982704
1.660575	470911.005057	4399051.476742	10.531414	-0.943768	10.489041	1543370527.658396	3.226146	1.940605	2.007771
1.653982	470910.950544	4399052.543718	10.501971	-0.872951	10.465627	1543370527.737287	3.297511	1.938590	2.047065
1.656843	470910.896776	4399053.572257	10.411207	-0.894593	10.372702	1543370527.846562	3.239945	2.064926	2.054337
1.648576	470910.774051	4399054.680532	10.341559	-0.803984	10.310260	1543370527.939518	3.219586	1.838038	2.006250
1.649965	470910.674094	4399055.736998	10.537789	-0.833317	10.504788	1543370528.052630	3.263332	2.128589	2.078182
1.652998	470910.597312	4399056.750997	10.438710	-0.856871	10.403482	1543370528.140797	3.306183	2.030205	2.031803
1.651474	470910.483944	4399057.822260	10.544433	-0.849685	10.510143	1543370528.256168	3.231364	1.954218	2.048820
1.649972	470910.388400	4399058.901469	10.315326	-0.815795	10.283016	1543370528.338409	3.241551	1.993392	2.066612
1.659619	470910.310534	4399059.942060	10.404730	-0.922423	10.363761	1543370528.451545	3.264239	1.925698	2.046489
1.643554	470910.272593	4399061.018647	10.313718	-0.750539	10.286373	1543370528.540411	3.311548	1.943514	2.022409
1.636983	470910.171164	4399062.045039	10.568038	-0.699279	10.544877	1543370528.648826	3.277001	2.067762	2.008584
1.654431	470910.127699	4399063.103659	10.389890	-0.867032	10.353650	1543370528.739510	3.262258	1.971108	2.005822
1.640798	470910.069363	4399064.193710	10.670709	-0.747100	10.644523	1543370528.853453	3.274096	1.967072	2.021159
1.649897	470909.956523	4399065.261132	10.683896	-0.843871	10.650517	1543370528.937154	3.284000	2.044241	2.035620
1.652156	470909.875119	4399066.256645	10.734577	-0.872393	10.699069	1543370529.052232	3.181894	2.039030	2.051064
1.655977	470909.761523	4399067.356191	10.759693	-0.915311	10.720691	1543370529.139233	3.235629	1.862056	2.057469
1.652094	470909.701467	4399068.396724	10.588787	-0.860194	10.553790	1543370529.252725	3.274471	1.811607	2.070081
1.652069	470909.607888	4399069.381810	10.442549	-0.847798	10.408077	1543370529.338890	3.327909	1.844855	1.944228
1.652988	470909.557795	4399070.485058	10.637401	-0.873269	10.601495	1543370529.451036	3.222988	2.019937	1.968684
1.653537	470909.373779	4399071.515864	10.610759	-0.876921	10.574461	1543370529.536162	3.209154	1.908894	1.985878
1.640123	470909.356148	4399072.613143	10.607904	-0.735458	10.582378	1543370529.649676	3.279638	2.014385	1.971892
1.652633	470909.284278	4399073.652042	10.567302	-0.863142	10.531992	1543370529.739935	3.277378	1.925835	1.934995
1.647979	470909.102171	4399075.765140	10.456594	-0.806547	10.425442	1543370529.943362	3.255325	1.916998	2.059265
1.645699	470909.002831	4399076.877756	10.371665	-0.776292	10.342572	1543370530.051438	3.325907	2.086081	1.962427
1.645835	470908.936341	4399077.891107	10.678256	-0.800474	10.648211	1543370530.136103	3.247626	2.126071	2.000490
1.651910	470908.833318	4399079.006941	10.658950	-0.863294	10.623932	1543370530.252699	3.348459	2.079897	2.010420
1.653259	470908.793974	4399080.009056	10.631645	-0.875637	10.595524	1543370530.336633	3.219252	2.077554	1.998181
1.648966	470908.634153	4399081.067041	10.515488	-0.821425	10.483356	1543370530.451071	3.225447	1.941517	2.005986
1.653549	470908.530666	4399082.133006	10.555015	-0.872286	10.518909	1543370530.536381	3.234859	1.901751	2.033830
1.646220	470908.539762	4399083.200781	10.539508	-0.794497	10.509520	1543370530.650278	3.256726	1.931279	2.037712
1.655306	470908.433889	4399084.312797	10.591647	-0.893549	10.553888	1543370530.738595	3.355489	2.070976	2.010296
1.648814	470908.318853	4399085.368375	10.596596	-0.826135	10.564343	1543370530.850579	3.350590	2.110572	1.995913
1.641851	470908.277399	4399086.384848	10.640426	-0.755881	10.613544	1543370530.937500	3.231215	1.927517	2.028769
1.655337	470908.183895	4399087.405392	10.514086	-0.886979	10.476606	1543370531.051839	3.282406	1.978618	2.045185
1.652916	470908.152578	4399088.524509	10.389452	-0.852355	10.354429	1543370531.142116	3.250822	1.956424	2.029202
1.645577	470908.055233	4399089.574953	10.439189	-0.780258	10.409988	1543370531.249882	3.226642	1.895091	1.996443
1.651283	470907.919962	4399090.657155	10.476891	-0.842131	10.442991	1543370531.335993	3.289839	2.103402	1.989636
1.645332	470907.829463	4399091.684457	10.501708	-0.782284	10.472531	1543370531.448243	3.240588	1.850301	2.003957
1.653158	470907.813329	4399092.758744	10.533744	-0.866300	10.498061	1543370531.546755	3.264936	1.904867	2.017859
1.646379	470907.712488	4399093.784341	10.595496	-0.800425	10.565219	1543370531.649152	3.273836	1.921209	2.028280
1.647431	470907.586626	4399094.860939	10.608277	-0.812111	10.577146	1543370531.750740	3.234863	1.840094	2.024632
1.648633	470907.575726	4399095.930694	10.614364	-0.825278	10.582232	1543370531.853539	3.274172	1.889617	2.015419
1.651650	470907.398370	4399097.026495	10.625594	-0.857926	10.590902	1543370531.949536	3.354035	2.097278	2.000631
1.651592	470907.258790	4399098.058868	10.577409	-0.853762	10.542897	1543370532.049306	3.346057	1.967048	1.999974
1.648534	470907.163508	4399099.140414	10.666468	-0.828622	10.634233	1543370532.151464	3.332444	1.964632	1.987092
1.650796	470907.201823	4399100.185140	10.620341	-0.848717	10.586374	1543370532.256542	3.297647	2.048073	1.994429
1.644783	470907.012484	4399102.273112	10.602003	-0.783553	10.573009	1543370532.450311	3.243660	1.889676	2.018644
1.642699	470906.884946	4399104.353758	10.653949	-0.765515	10.626411	1543370532.653836	3.346146	1.892892	2.067400
1.650356	470906.726045	4399105.423234	10.638917	-0.844857	10.605318	1543370532.751425	3.323129	1.907300	2.058564
1.645171	470906.733806	4399106.467850	10.563415	-0.784962	10.534209	1543370532.851461	3.322856	1.928673	2.038402
1.657357	470906.443291	4399109.609857	10.579783	-0.914821	10.540157	1543370533.148423	3.390133	2.074530	2.026380
1.658182	470906.251716	4399111.769282	10.612798	-0.925424	10.572373	1543370533.347070	3.294034	1.852025	2.015917
1.653415	470906.209397	4399112.872686	10.558282	-0.871869	10.522223	1543370533.447760	3.454780	1.935713	2.009086
1.649361	470906.072173	4399113.919459	10.562631	-0.829401	10.530018	1543370533.555929	3.406452	1.832197	2.012180
1.654560	470905.990639	4399114.928070	10.563297	-0.883681	10.526270	1543370533.655719	3.333165	1.830721	2.010921
1.646577	470905.882226	4399117.015368	10.684427	-0.809119	10.653746	1543370533.851248	3.372370	1.854245	2.031561
1.648594	470905.696119	4399118.053035	10.617823	-0.825385	10.585693	1543370533.949269	3.285652	1.932148	2.034026
1.658646	470905.640696	4399119.119446	10.624236	-0.931935	10.583283	1543370534.048937	3.397394	1.930176	2.031749
1.650386	470905.560028	4399120.183976	10.641038	-0.846811	10.607290	1543370534.152022	3.359126	1.943567	2.045187
1.643707	470905.520180	4399121.251526	10.509426	-0.766041	10.481470	1543370534.249421	3.313657	1.929772	2.062644
1.652495	470905.388480	4399122.315653	10.532607	-0.859220	10.497502	1543370534.353031	3.335997	2.049774	1.918554
1.651652	470905.282193	4399123.366677	10.568324	-0.853698	10.533787	1543370534.449950	3.436350	2.005396	1.916956
1.659002	470905.214905	4399124.411113	10.645986	-0.937578	10.604620	1543370534.539152	3.396153	2.137407	1.922890
1.652295	470905.138190	4399125.473365	10.639924	-0.866398	10.604590	1543370534.648902	3.367254	1.997847	1.925931
1.649586	470905.037551	4399126.534883	10.648146	-0.837963	10.615123	1543370534.742664	3.445946	1.994211	2.074559
1.649785	470904.956089	4399127.578377	10.597353	-0.835974	10.564328	1543370534.851176	3.310819	1.836370	2.036625
1.658965	470904.880226	4399128.573059	10.689952	-0.940832	10.648470	1543370534.938874	3.377481	1.982078	2.017648
1.650764	470904.786998	4399129.660396	10.595836	-0.846510	10.561968	1543370535.052362	3.251994	1.799978	2.036678
1.654351	470904.635950	4399131.822289	10.478958	-0.873996	10.442447	1543370535.249743	3.308043	1.971999	2.059528
1.640775	470904.589948	4399132.849071	10.482869	-0.733594	10.457169	1543370535.341795	3.304846	2.090540	2.043219
1.655003	470904.404635	4399134.979115	10.465397	-0.880039	10.428329	1543370535.537661	3.259179	1.965742	2.029699
1.651117	470904.281096	4399136.013485	10.487602	-0.841913	10.453754	1543370535.648361	3.354705	1.950720	2.033077
1.642449	470904.202221	4399137.058001	10.472186	-0.750437	10.445263	1543370535.748316	3.341554	1.867188	1.999309
1.648255	470904.048316	4399138.140790	10.368760	-0.802311	10.337673	1543370535.848826	3.501452	1.961537	1.938307
1.645741	470904.094584	4399139.181599	10.356702	-0.775659	10.327615	1543370535.949784	3.305513	2.031087	2.063472
1.652003	470903.925333	4399140.275241	10.285709	-0.834027	10.251840	1543370536.054196	3.468268	2.106761	1.931639
1.649375	470903.908857	4399141.218210	10.042513	-0.788360	10.011521	1543370536.148845	3.492086	2.131222	2.054934
1.648600	470903.791087	4399142.431727	10.101050	-0.784972	10.070503	1543370536.253087	3.297632	2.016567	2.033042
1.654780	470903.723565	4399143.489175	10.528439	-0.882833	10.491360	1543370536.349366	3.266549	1.935001	2.001074
1.657863	470903.530394	4399145.589869	10.439669	-0.907095	10.400186	1543370536.553252	3.251509	1.932941	2.021514
1.655288	470903.425831	4399146.654798	10.321313	-0.871116	10.284487	1543370536.649569	3.481920	2.062025	1.940052
1.659325	470903.268954	4399148.694707	10.574481	-0.934113	10.533142	1543370536.853971	3.415231	1.935365	1.997916
1.658280	470903.177691	4399149.901539	10.273481	-0.897665	10.234188	1543370536.957125	3.758407	2.008416	1.992930
1.658316	470902.985887	4399151.757926	9.463240	-0.827547	9.426987	1543370537.149758	3.659853	1.954313	1.982226
1.656315	470902.964593	4399152.376311	8.162727	-0.697517	8.132871	1543370537.255824	3.247712	1.982912	1.963591
1.652859	470902.964614	4399153.134749	7.633429	-0.626038	7.607714	1543370537.357510	3.493880	1.920711	1.966603
1.651746	470902.824100	4399153.676194	7.103862	-0.574506	7.080593	1543370537.453102	3.464819	2.038825	1.974272
1.649801	470902.846076	4399154.345991	6.051844	-0.477503	6.032976	1543370537.560674	3.297051	2.013665	1.965881
1.648201	470902.768030	4399154.844655	5.270347	-0.407372	5.254580	1543370537.654756	3.379876	2.046617	1.950775
1.648271	470902.726467	4399155.299189	4.742711	-0.366832	4.728503	1543370537.751263	3.365023	2.066885	2.071648
1.702577	470902.765980	4399155.776069	4.200022	-0.337026	4.186478	1543370537.852302	3.405891	2.011507	1.952923
1.650414	470902.724345	4399155.993906	3.037477	-0.246597	3.027451	1543370537.956346	3.349774	1.898224	2.071200
1.651726	470902.689267	4399156.254385	2.402693	-0.197121	2.394593	1543370538.053451	3.394199	1.986214	2.031249
1.637298	470902.685093	4399156.415825	1.959756	-0.160588	1.953165	1543370538.155762	3.322641	1.977684	2.055311
1.692892	470902.716669	4399156.629811	1.094493	-0.091428	1.090667	1543370538.249781	3.335126	2.052110	1.991979
1.655037	470902.676379	4399156.671463	1.090445	-0.090723	1.086665	1543370538.358065	3.342156	1.932287	1.986689
1.681752	470902.694592	4399156.842371	1.091692	-0.100609	1.087046	1543370538.454778	3.544972	2.044317	1.998525
1.674615	470902.590800	4399156.772811	2.389446	-0.226120	2.378722	1543370538.554809	3.261982	1.874774	1.992543
1.685228	470902.623672	4399156.761779	1.657903	-0.162177	1.649952	1543370538.652902	3.292854	1.909757	1.974833
1.672395	470902.656508	4399156.765208	0.987927	-0.101952	0.982652	1543370538.762957	3.344361	2.051144	2.060169
1.641276	470902.597048	4399156.757688	0.379347	-0.044867	0.376685	1543370538.850968	3.339081	2.095290	2.047578
1.669866	470902.645770	4399156.808840	0.000000	0.000000	0.000000	1543370538.960025	3.394360	2.077395	2.025082
1.666557	470902.669679	4399156.754571	0.000000	0.000000	0.000000	1543370539.055170	3.363699	2.033359	2.004666
1.647432	470902.640358	4399156.887939	0.000000	0.000000	0.000000	1543370539.253964	3.354021	2.019451	2.014203
1.639073	470902.616774	4399156.979552	0.000000	0.000000	0.000000	1543370539.353859	3.749570	2.014122	2.013391
1.640590	470902.600668	4399156.854706	0.000000	0.000000	0.000000	1543370539.455588	3.344351	2.072460	2.064392
1.646184	470902.617461	4399156.943605	0.000000	0.000000	0.000000	1543370539.552016	3.587890	2.132919	2.088435
1.660678	470902.646443	4399156.866278	0.000000	0.000000	0.000000	1543370539.653102	3.298362	2.043085	2.079104
1.633578	470902.594060	4399156.939201	0.000000	0.000000	0.000000	1543370539.756930	3.346370	2.088880	2.077187
1.663133	470902.650646	4399156.981848	0.000000	0.000000	0.000000	1543370539.851134	3.404277	2.057343	2.076830
1.652851	470902.631997	4399157.026898	0.000000	0.000000	0.000000	1543370539.949332	3.395807	2.064390	2.069570
1.688687	470902.668951	4399157.123298	0.000000	0.000000	0.000000	1543370540.055388	3.507576	2.081449	2.072844
1.654239	470902.627502	4399157.059814	0.000000	0.000000	0.000000	1543370540.152408	3.335633	2.091258	2.075143
1.635407	470902.601313	4399157.146637	0.000000	0.000000	0.000000	1543370540.253990	3.490822	2.078921	2.037256
1.637796	470902.610064	4399157.225031	0.000000	0.000000	0.000000	1543370540.349514	3.547766	2.074808	2.077583
1.644923	470902.607535	4399157.140822	0.000000	0.000000	0.000000	1543370540.453653	3.379894	2.083124	2.067566
1.660942	470902.644871	4399157.131019	0.000000	0.000000	0.000000	1543370540.550378	3.440002	2.074935	2.024722
1.645699	470902.627703	4399157.188667	0.000000	0.000000	0.000000	1543370540.654678	3.461011	2.061800	2.040323
1.641908	470902.609476	4399157.258798	0.000000	0.000000	0.000000	1543370540.751658	3.595320	2.102290	2.074777
1.641259	470902.609661	4399157.143679	0.000000	0.000000	0.000000	1543370541.054597	3.384687	2.102237	2.049172
1.635220	470902.617660	4399157.145393	0.000000	0.000000	0.000000	1543370541.149172	3.396953	2.084589	2.053075
1.615854	470902.587368	4399157.134945	0.000000	0.000000	0.000000	1543370541.249772	3.444677	2.080600	2.059402
1.615450	470902.584614	4399157.131773	0.000000	0.000000	0.000000	1543370541.356024	3.435961	2.083958	2.057221
1.627922	470902.619490	4399157.187986	0.000000	0.000000	0.000000	1543370541.452293	3.500199	2.122621	2.056304
1.638705	470902.605901	4399157.249691	0.000000	0.000000	0.000000	1543370541.549080	3.707882	2.064717	2.057980
1.628016	470902.600573	4399157.116356	0.000000	0.000000	0.000000	1543370541.650858	3.406158	2.064591	2.057060
1.620749	470902.582086	4399157.253283	0.000000	0.000000	0.000000	1543370541.755283	3.638462	2.047377	2.056440
1.624610	470902.586197	4399157.136658	0.000000	0.000000	0.000000	1543370541.849465	3.448844	2.067084	2.058056
1.613096	470902.564580	4399157.128581	0.000000	0.000000	0.000000	1543370541.949013	3.447121	2.065040	2.058544
1.623654	470902.571641	4399157.226132	0.000000	0.000000	0.000000	1543370542.054310	3.661974	2.045187	2.061548
1.619417	470902.563499	4399157.245225	0.000000	0.000000	0.000000	1543370542.148517	3.689845	2.045710	2.056481
1.627301	470902.574117	4399157.117727	0.000000	0.000000	0.000000	1543370542.251295	3.423909	2.065989	2.058834
1.624381	470902.567562	4399157.113019	0.000000	0.000000	0.000000	1543370542.357938	3.414729	2.063404	2.059370
1.619303	470902.563329	4399157.147853	0.000000	0.000000	0.000000	1543370542.454345	3.435468	2.117079	2.056063
1.620982	470902.553045	4399157.125746	0.000000	0.000000	0.000000	1543370542.549696	3.424798	2.067465	2.057521
1.609512	470902.534507	4399157.126358	0.000000	0.000000	0.000000	1543370542.652170	3.427344	2.061846	2.058411
1.633254	470902.581751	4399157.183192	0.000000	0.000000	0.000000	1543370542.748543	3.563363	2.128453	2.058521
1.629463	470902.555338	4399157.106697	0.000000	0.000000	0.000000	1543370542.855160	3.404769	2.063034	2.057253
1.619747	470902.538759	4399157.137996	0.000000	0.000000	0.000000	1543370542.950242	3.462029	2.081500	2.058243
1.618777	470902.550571	4399157.192585	0.000000	0.000000	0.000000	1543370543.052801	3.567374	2.126447	2.057642
1.614113	470902.524395	4399157.152369	0.000000	0.000000	0.000000	1543370543.151725	3.431671	2.079155	2.057478
1.616471	470902.527181	4399157.129289	0.000000	0.000000	0.000000	1543370543.250311	3.439179	2.069381	2.060292
1.617712	470902.528835	4399157.122233	0.000000	0.000000	0.000000	1543370543.351984	3.422211	2.067699	2.056805
1.627700	470902.540327	4399157.121673	0.000000	0.000000	0.000000	1543370543.453571	3.400998	2.062913	2.059366
1.613304	470902.506920	4399157.198224	0.000000	0.000000	0.000000	1543370543.550813	3.581537	2.070894	2.059275
1.615565	470902.516298	4399157.136323	0.000000	0.000000	0.000000	1543370543.652677	3.437187	2.081696	2.057806
1.612781	470902.510152	4399157.256871	0.000000	0.000000	0.000000	1543370543.756189	3.651616	2.047009	2.057679
1.634436	470902.544909	4399157.106043	0.000000	0.000000	0.000000	1543370543.852798	3.398766	2.062999	2.056398
