front	position-x	position-y	speed	speed-x	speed-y	timestamp	v-x	v-y	v-z
-1.493103	470794.669944	4399275.926481	0.000000	0.000000	0.000000	1543394924.142129	0.629115	0.447483	1.234525
-1.492695	470794.654339	4399275.920922	0.000000	0.000000	0.000000	1543394924.240940	0.575866	0.469732	1.238248
-1.494817	470794.651538	4399275.912644	0.000000	0.000000	0.000000	1543394924.334215	0.561525	0.471573	1.238049
-1.512560	470794.677973	4399275.933256	0.000000	0.000000	0.000000	1543394924.536073	0.620098	0.431282	1.373271
-1.510951	470794.693955	4399275.926081	0.000000	0.000000	0.000000	1543394924.646399	0.523916	0.395018	1.390964
-1.512799	470794.700274	4399275.913194	0.000000	0.000000	0.000000	1543394924.760428	0.595243	0.473726	1.430541
-1.527606	470794.717980	4399275.950750	0.000000	0.000000	0.000000	1543394924.935419	0.681722	0.521857	1.257576
-1.534351	470794.663237	4399275.892892	0.000000	0.000000	0.000000	1543394925.048892	0.557625	0.452436	1.350150
-1.532712	470794.752268	4399275.928971	0.000000	0.000000	0.000000	1543394925.160134	0.611604	0.556851	1.366290
-1.531533	470794.688953	4399275.919692	0.000000	0.000000	0.000000	1543394925.238464	0.631856	0.417562	1.371650
-1.536283	470794.759577	4399275.927406	0.000000	0.000000	0.000000	1543394925.330922	0.645693	0.639316	1.361361
-1.545231	470794.779149	4399275.960278	0.000000	0.000000	0.000000	1543394925.440717	0.618665	0.593413	1.370497
-1.546125	470794.693567	4399275.887315	0.000000	0.000000	0.000000	1543394925.555714	0.529218	0.390509	1.366964
-1.541169	470794.743387	4399275.893928	0.000000	0.000000	0.000000	1543394925.631068	0.528488	0.605311	1.363628
-1.539411	470794.760480	4399275.793935	0.000000	0.000000	0.000000	1543394925.742022	0.571815	0.496059	1.364943
-1.537869	470794.694212	4399275.744127	0.000000	0.000000	0.000000	1543394925.840514	0.548182	0.449716	1.367476
-1.542751	470794.681843	4399275.710133	0.000000	0.000000	0.000000	1543394925.935703	0.563217	0.424304	1.366504
-1.535768	470794.694475	4399275.545331	0.988425	0.103457	-0.982996	1543394926.036325	0.597035	0.515373	1.370270
-1.429275	470794.730327	4399275.423231	0.992386	0.139559	-0.982524	1543394926.149108	0.583028	0.447699	1.369511
-1.685915	470794.695040	4399275.336921	0.992612	-0.111534	-0.986325	1543394926.241600	0.634997	0.488292	1.376683
-1.608276	470794.718055	4399275.229550	0.997701	-0.038162	-0.996971	1543394926.333448	0.553893	0.452152	1.373339
-1.521096	470794.712298	4399275.083592	0.999507	0.048732	-0.998318	1543394926.436413	0.592135	0.396948	1.361271
-1.458525	470794.723397	4399274.971409	0.994931	0.110989	-0.988721	1543394926.532312	0.598353	0.417145	1.357891
-1.456328	470794.717630	4399274.872068	0.996150	0.113916	-0.989615	1543394926.640417	0.578624	0.469174	1.356174
-1.448946	470794.724962	4399274.800666	0.995775	0.121047	-0.988391	1543394926.760798	0.611066	0.469574	1.355746
-1.466271	470794.741696	4399274.723645	0.995952	0.104085	-0.990498	1543394926.832671	0.587882	0.436679	1.353451
-1.408837	470794.766113	4399274.676068	0.989934	0.159123	-0.977062	1543394926.932290	0.682691	0.517842	1.344260
-1.461221	470794.759103	4399274.529082	0.895390	0.098427	-0.889964	1543394927.040286	0.559182	0.448934	1.342485
-1.434709	470794.768968	4399274.476136	0.992154	0.134410	-0.983007	1543394927.140614	0.626463	0.464378	1.333009
-1.428657	470794.815406	4399274.356294	0.993925	0.140731	-0.983912	1543394927.237007	0.555646	0.490493	1.334348
-1.470457	470794.812664	4399274.258931	0.944966	0.095056	-0.940173	1543394927.338669	0.597171	0.405008	1.327126
-1.530731	470794.783016	4399274.183164	1.002415	0.040650	-1.001590	1543394927.435243	0.627026	0.497990	1.326202
-1.508330	470794.789629	4399274.070847	0.913354	0.056720	-0.911591	1543394927.543054	0.576602	0.486363	1.321219
-1.500623	470794.799533	4399273.954062	0.931298	0.065134	-0.929018	1543394927.649909	0.547437	0.481010	1.312335
-1.518221	470794.806350	4399273.872310	0.953014	0.050179	-0.951692	1543394927.742066	0.591985	0.486809	1.309394
-1.460510	470794.811839	4399273.780053	1.000460	0.109609	-0.994438	1543394927.848073	0.586709	0.421363	1.309444
-1.432682	470794.896561	4399273.745556	0.998794	0.137317	-0.989310	1543394927.955689	0.642122	0.622946	1.306753
-1.526845	470794.855627	4399273.636116	0.972133	0.043700	-0.971150	1543394928.050519	0.648229	0.586273	1.400905
-1.430891	470794.941973	4399273.558409	0.956667	0.132517	-0.947444	1543394928.137455	0.630253	0.578560	1.404479
-1.430670	470794.912439	4399273.444748	0.913793	0.127638	-0.904835	1543394928.245354	0.643055	0.571455	1.402824
-1.399559	470794.945945	4399273.354576	0.993321	0.169098	-0.978822	1543394928.337829	0.618653	0.625258	1.409849
-1.424867	470794.891277	4399273.232463	0.890362	0.129827	-0.880846	1543394928.452433	0.561953	0.398119	1.412086
-1.445953	470794.922868	4399273.159488	0.912020	0.113759	-0.904898	1543394928.542953	0.613914	0.605671	1.415830
-1.385696	470794.986541	4399273.045167	0.934669	0.171491	-0.918802	1543394928.648110	0.530989	0.624777	1.413732
-1.395174	470794.893072	4399272.938124	0.855240	0.149528	-0.842067	1543394928.755510	0.558557	0.482055	1.414603
-1.345603	470794.899592	4399272.887125	0.828111	0.184596	-0.807274	1543394928.850373	0.603364	0.488094	1.414868
-1.371620	470794.928282	4399272.783910	0.857614	0.169925	-0.840611	1543394928.936229	0.587413	0.446349	1.411520
-1.424444	470794.939531	4399272.681880	0.860941	0.125984	-0.851673	1543394929.051048	0.550312	0.435066	1.405847
-1.406177	470794.945136	4399272.595369	0.859188	0.140615	-0.847604	1543394929.137649	0.552351	0.427821	1.394863
-1.407816	470794.961368	4399272.515429	0.993713	0.161194	-0.980552	1543394929.247782	0.562322	0.516404	1.396618
-1.437972	470794.972615	4399272.414318	0.921172	0.122249	-0.913024	1543394929.341730	0.568359	0.507262	1.396490
-1.433005	470794.963877	4399272.321095	0.997542	0.136931	-0.988099	1543394929.448569	0.549137	0.384649	1.386654
-1.462419	470795.005763	4399272.138546	0.999961	0.108325	-0.994076	1543394929.649988	0.551665	0.495971	1.374664
-1.456551	470795.029339	4399271.951635	0.915996	0.104308	-0.910038	1543394929.845238	0.534808	0.493384	1.369612
-1.431525	470795.063473	4399271.847228	0.949025	0.131583	-0.939858	1543394929.939458	0.498244	0.457125	1.440566
-1.442522	470795.057392	4399271.748349	1.027224	0.131521	-1.018769	1543394930.048630	0.572703	0.416625	1.443896
-1.475121	470795.115135	4399271.677068	1.002521	0.096110	-0.997903	1543394930.138091	0.577970	0.597823	1.445433
-1.479850	470795.149803	4399271.569967	1.002450	0.091018	-0.998310	1543394930.247094	0.544903	0.549233	1.445571
-1.474910	470795.121019	4399271.461986	0.874022	0.083587	-0.870016	1543394930.349705	0.608112	0.549561	1.450291
-1.478258	470795.150275	4399271.377139	0.863545	0.079830	-0.859847	1543394930.451831	0.570969	0.587742	1.454080
-1.484667	470795.140876	4399271.289074	0.854463	0.073555	-0.851292	1543394930.538221	0.679498	0.458235	1.453681
-1.480384	470795.168680	4399271.208465	0.845350	0.076301	-0.841899	1543394930.649745	0.621589	0.504918	1.452934
-1.486722	470795.219482	4399271.105994	0.832376	0.069924	-0.829434	1543394930.737769	0.618887	0.581831	1.453036
-1.514864	470795.231319	4399271.015859	0.805838	0.045264	-0.804565	1543394930.851621	0.592052	0.564665	1.456170
-1.446135	470795.222002	4399270.819097	0.746942	0.092847	-0.741149	1543394931.055001	0.615633	0.580380	1.440522
-1.462389	470795.286335	4399270.761753	0.755049	0.081863	-0.750598	1543394931.139367	0.566065	0.535470	1.432012
-1.450554	470795.227378	4399270.572745	0.820687	0.098539	-0.814750	1543394931.366062	0.570596	0.382603	1.438057
-1.419552	470795.246082	4399270.467850	0.990685	0.149034	-0.979411	1543394931.452909	0.528666	0.460067	1.417275
-1.444512	470795.272138	4399270.388511	0.995273	0.125578	-0.987319	1543394931.537212	0.601162	0.416438	1.410430
-1.407598	470795.365502	4399270.340718	0.836828	0.135985	-0.825705	1543394931.646568	0.659966	0.588256	1.405482
-1.462097	470795.281879	4399270.165098	0.860134	0.093799	-0.855005	1543394931.739269	0.580943	0.433108	1.400504
-1.445786	470795.317820	4399270.140355	0.993649	0.123763	-0.985911	1543394931.857043	0.642795	0.446609	1.398813
-1.489592	470795.328189	4399269.937933	0.728887	0.059239	-0.726476	1543394932.049579	0.695545	0.466964	1.478293
-1.478716	470795.393433	4399269.868595	0.704233	0.064656	-0.701259	1543394932.144601	0.686369	0.578831	1.478453
-1.477795	470795.422013	4399269.801734	0.718077	0.066674	-0.714975	1543394932.251143	0.733958	0.540608	1.478989
-1.485632	470795.415464	4399269.696299	0.727600	0.061940	-0.724959	1543394932.344801	0.722082	0.571130	1.484069
-1.468844	470795.491339	4399269.635517	0.762497	0.077495	-0.758549	1543394932.445947	0.724170	0.594053	1.485221
-1.506612	470795.443075	4399269.510706	0.993400	0.063992	-0.991336	1543394932.537604	0.696490	0.471474	1.363750
-1.510913	470795.502094	4399269.404179	0.998740	0.059778	-0.996949	1543394932.645812	0.764276	0.513614	1.366260
-1.526799	470795.493935	4399269.334626	0.996452	0.043944	-0.995483	1543394932.748104	0.699619	0.462425	1.366408
-1.523660	470795.513384	4399269.151201	0.745428	0.035030	-0.744604	1543394932.960928	0.654573	0.457864	1.355808
-1.548944	470795.531964	4399269.052540	0.746267	0.016437	-0.746086	1543394933.053294	0.711986	0.395697	1.350162
-1.557093	470795.525712	4399268.979879	0.869410	0.011961	-0.869327	1543394933.144430	0.662719	0.459118	1.337428
-1.533022	470795.540516	4399268.884127	0.878461	0.033322	-0.877829	1543394933.249177	0.665232	0.525988	1.338250
-1.436721	470795.587099	4399268.786525	1.010613	0.134786	-1.001584	1543394933.349584	0.679269	0.455843	1.333382
-1.398978	470795.660418	4399268.614833	1.014580	0.173913	-0.999564	1543394933.546085	0.724420	0.515675	1.318542
-1.406076	470795.659763	4399268.530612	0.897020	0.147246	-0.884852	1543394933.665806	0.663617	0.451429	1.317003
-1.436761	470795.695979	4399268.396082	0.908472	0.121664	-0.900288	1543394933.748817	0.673394	0.468176	1.337014
-1.395355	470795.712795	4399268.320603	1.016383	0.177053	-1.000843	1543394933.848605	0.681666	0.467988	1.389104
-1.328568	470795.784999	4399268.261613	1.021406	0.244416	-0.991731	1543394933.949728	0.605446	0.613470	1.390202
-1.359462	470795.817731	4399268.200083	1.038045	0.218153	-1.014863	1543394934.042673	0.624111	0.606363	1.393168
-1.392690	470795.831965	4399268.096126	1.018638	0.180832	-1.002458	1543394934.148486	0.617825	0.585262	1.396020
-1.449721	470795.835334	4399268.023200	1.010897	0.122528	-1.003444	1543394934.244593	0.661671	0.559800	1.401611
-1.465955	470795.869763	4399267.958616	0.935389	0.097899	-0.930252	1543394934.343105	0.691118	0.563015	1.403668
-1.427756	470795.894888	4399267.805879	0.955264	0.135755	-0.945569	1543394934.446321	0.591625	0.564727	1.406197
-1.471359	470795.920277	4399267.688713	0.901742	0.089585	-0.897281	1543394934.562242	0.672406	0.510163	1.409547
-1.441630	470795.954019	4399267.535593	0.937988	0.120485	-0.930217	1543394934.746449	0.587273	0.552769	1.415481
-1.384965	470795.944372	4399267.349467	0.940655	0.174632	-0.924302	1543394934.961012	0.588907	0.445993	1.409543
-1.371786	470795.993212	4399267.265090	0.944082	0.186098	-0.925558	1543394935.044816	0.586807	0.410955	1.389318
-1.331678	470796.017928	4399267.174605	0.889108	0.209838	-0.863992	1543394935.143454	0.569755	0.509502	1.406569
-1.342448	470796.043577	4399267.075882	0.887703	0.200578	-0.864746	1543394935.247057	0.548667	0.423499	1.397083
-1.331239	470796.076855	4399267.000062	0.935065	0.221763	-0.908387	1543394935.352337	0.600552	0.501037	1.389418
-1.328056	470796.067189	4399266.894191	0.923355	0.221935	-0.896287	1543394935.446283	0.578036	0.468170	1.396705
-1.359250	470796.122552	4399266.808981	0.935876	0.197270	-0.914849	1543394935.544733	0.578883	0.491821	1.376653
-1.391580	470796.122147	4399266.698141	0.972483	0.174051	-0.956781	1543394935.661119	0.542548	0.433675	1.429232
-1.327630	470796.142597	4399266.641789	0.989305	0.238052	-0.960237	1543394935.754935	0.613038	0.415129	1.430632
-1.308733	470796.192600	4399266.534783	1.024455	0.265325	-0.989500	1543394935.850462	0.550551	0.472685	1.432381
-1.297926	470796.212747	4399266.453709	1.025204	0.276274	-0.987277	1543394935.944901	0.582123	0.445497	1.434953
-1.315420	470796.300018	4399266.452343	0.967636	0.244666	-0.936193	1543394936.046064	0.712198	0.601037	1.439412
-1.328025	470796.317359	4399266.362434	0.959554	0.230798	-0.931384	1543394936.163293	0.725651	0.571790	1.441799
-1.298435	470796.292527	4399266.291962	0.956806	0.257119	-0.921612	1543394936.246719	0.782779	0.495593	1.443461
-1.559079	470796.286603	4399266.212867	0.936009	0.183858	-0.917774	1543394936.346180	0.801788	0.428910	1.446867
-1.478913	470796.364998	4399266.148426	0.893376	0.148968	-0.880868	1543394936.449863	0.836007	0.521279	1.449005
-1.483109	470796.359490	4399266.061105	0.892586	0.128038	-0.883355	1543394936.551167	0.899647	0.541460	1.452007
-1.493241	470796.414981	4399265.942059	0.942216	0.214974	-0.917364	1543394936.642141	0.786473	0.504997	1.455961
-1.449633	470796.453378	4399265.800893	0.972258	0.182262	-0.955021	1543394936.745318	0.713104	0.551512	1.452685
-1.466251	470796.467751	4399265.754179	1.017480	0.169492	-1.003263	1543394936.843677	0.766090	0.511774	1.466486
-1.444044	470796.476456	4399265.629860	1.015787	0.156895	-1.003597	1543394936.960039	0.760952	0.527339	1.469047
-1.416767	470796.513472	4399265.538738	0.919621	0.141650	-0.908647	1543394937.045132	0.741650	0.470322	1.469864
-1.442989	470796.545324	4399265.449789	0.924677	0.134740	-0.914807	1543394937.141365	0.799261	0.470903	1.470774
-1.454200	470796.576596	4399265.342312	0.915854	0.125017	-0.907281	1543394937.245325	0.767665	0.550774	1.476706
-1.411819	470796.584591	4399265.479520	0.851721	0.120413	-0.843166	1543394937.349557	1.167020	0.570301	1.479249
-1.448170	470796.650262	4399265.190668	0.836156	0.113703	-0.828389	1543394937.444473	0.766307	0.552519	1.480171
-1.451025	470796.673215	4399265.105931	0.843093	0.110210	-0.835859	1543394937.543677	0.758901	0.515620	1.477624
-1.420935	470796.715365	4399265.002282	0.823953	0.112206	-0.816277	1543394937.666172	0.745824	0.528186	1.480703
-1.486410	470796.725385	4399264.941585	0.818496	0.099676	-0.812404	1543394937.749194	0.810988	0.584950	1.375384
-1.484165	470796.733221	4399264.830044	0.795107	0.088253	-0.790194	1543394937.851520	0.860242	0.521275	1.390053
-1.472911	470796.787780	4399264.723242	0.967648	0.151870	-0.955656	1543394937.942815	0.775241	0.493913	1.392675
-1.509248	470796.787794	4399264.671276	1.013539	0.138332	-1.004054	1543394938.041779	0.737910	0.491728	1.393761
-1.503248	470796.836452	4399264.551167	0.958432	0.108238	-0.952300	1543394938.160687	0.737585	0.510389	1.398700
-1.528705	470796.906362	4399264.464550	0.927912	0.080055	-0.924452	1543394938.344836	0.893876	0.514771	1.407950
-1.472673	470796.951664	4399264.351584	0.921882	0.082488	-0.918185	1543394938.447896	0.919468	0.545923	1.405788
-1.480709	470796.978121	4399264.102187	0.871188	0.073025	-0.868122	1543394938.658868	0.739822	0.502384	1.412565
-1.433179	470797.035525	4399264.005182	0.880585	0.085511	-0.876423	1543394938.743024	0.821932	0.497886	1.416543
-1.517997	470797.039758	4399263.940259	0.832935	0.071597	-0.829852	1543394938.849284	0.836349	0.538827	1.414769
-1.463340	470797.094142	4399263.893046	0.935874	0.161107	-0.921903	1543394938.964127	0.897482	0.469419	1.425869
-1.540279	470797.120715	4399263.747661	1.012257	0.133263	-1.003447	1543394939.046665	0.888995	0.453086	1.427430
-1.506290	470797.132673	4399263.688566	0.894208	0.099625	-0.888641	1543394939.143776	0.849157	0.500471	1.430986
-1.495446	470797.171850	4399263.533214	0.874114	0.087979	-0.869676	1543394939.247550	0.894427	0.502030	1.431421
-1.548571	470797.191870	4399263.483651	0.871266	0.066821	-0.868700	1543394939.351679	0.853490	0.477819	1.438526
-1.482705	470797.228615	4399263.383124	0.875141	0.070045	-0.872334	1543394939.444434	0.806992	0.484363	1.440177
-1.501784	470797.257120	4399263.260174	0.862763	0.066803	-0.860173	1543394939.547397	0.804936	0.438952	1.440938
-1.482245	470797.266429	4399263.391838	0.829271	0.066437	-0.826605	1543394939.653989	1.147815	0.520250	1.444726
-1.502246	470797.332598	4399263.203492	0.834760	0.063966	-0.832305	1543394939.758808	0.943463	0.531989	1.444927
-1.502578	470797.388553	4399263.096544	0.894407	0.066088	-0.891962	1543394939.845417	0.955036	0.542513	1.451212
-1.538884	470797.412956	4399263.001756	0.852214	0.053711	-0.850520	1543394939.954658	0.843231	0.508390	1.452203
-1.560723	470797.451999	4399262.928916	0.845443	0.039841	-0.844503	1543394940.048751	0.910610	0.545418	1.454034
-1.554805	470797.473080	4399262.862863	0.827681	0.031037	-0.827098	1543394940.154535	0.836418	0.504653	1.455796
-1.588304	470797.522084	4399262.839068	0.851248	0.016799	-0.851083	1543394940.249037	0.842913	0.549981	1.461137
-1.529442	470797.554959	4399262.697952	0.832711	0.021067	-0.832445	1543394940.344246	0.947243	0.541868	1.464127
-1.502579	470797.617665	4399262.641399	0.816387	0.031242	-0.815789	1543394940.452831	0.832282	0.526075	1.467611
-1.483094	470797.665034	4399262.570173	0.805524	0.041795	-0.804439	1543394940.554496	0.840839	0.551508	1.376990
-1.426357	470797.728012	4399262.521941	0.802739	0.060965	-0.800421	1543394940.656833	0.832423	0.547702	1.379213
-1.438300	470797.805182	4399262.461770	0.632228	0.048173	-0.630390	1543394940.752251	0.797270	0.594662	1.378025
-1.406987	470797.865406	4399262.365277	0.641565	0.060552	-0.638701	1543394940.849654	0.729982	0.520258	1.474066
-1.562947	470797.938459	4399262.295886	0.480918	0.045483	-0.478762	1543394940.962455	0.660334	0.528824	1.476714
-1.467751	470798.044272	4399262.271053	0.478580	0.046209	-0.476344	1543394941.050950	0.701193	0.689756	1.475437
-1.473520	470798.074401	4399262.189144	0.491459	0.047561	-0.489152	1543394941.141041	0.681336	0.644822	1.478587
-1.493900	470798.098651	4399262.078444	0.552336	0.048996	-0.550158	1543394941.246426	0.847409	0.580994	1.476733
-1.473922	470798.106201	4399262.069335	0.565637	0.051620	-0.563277	1543394941.346027	0.872310	0.604742	1.479198
-1.475406	470798.110966	4399262.021340	0.539102	0.049844	-0.536793	1543394941.445806	0.798652	0.604323	1.483206
-1.489043	470798.108511	4399261.938312	0.622228	0.054707	-0.619818	1543394941.540406	0.784135	0.578166	1.486079
-1.535267	470798.089072	4399261.794481	0.685599	0.048812	-0.683859	1543394941.647072	0.709800	0.602368	1.490351
-1.541074	470798.102119	4399261.699755	0.616452	0.038266	-0.615263	1543394941.746994	0.811556	0.640453	1.490533
-1.579134	470798.117938	4399261.589980	0.709918	0.024883	-0.709481	1543394941.841849	0.821009	0.693015	1.491550
-1.604482	470797.967018	4399261.461344	0.896109	0.005649	-0.896091	1543394941.946690	0.825275	0.503476	1.412554
-1.620743	470797.902776	4399261.395392	0.872225	-0.008409	-0.872185	1543394942.047580	0.818805	0.523917	1.413796
-1.604110	470797.924959	4399261.287008	0.847636	-0.014059	-0.847519	1543394942.152686	0.748232	0.677230	1.413177
-1.519289	470797.819953	4399261.224610	0.875883	0.002882	-0.875879	1543394942.245955	0.746113	0.635427	1.421360
-1.680977	470797.865355	4399261.155860	0.688687	-0.025505	-0.688215	1543394942.442065	0.780286	0.728334	1.423379
-1.535848	470797.842039	4399261.173463	0.255089	-0.007825	-0.254969	1543394942.546002	0.756050	0.672134	1.426116
-1.614316	470797.840563	4399261.145564	0.250274	-0.008638	-0.250125	1543394942.647416	0.747504	0.592504	1.424924
-1.613655	470797.910767	4399261.193249	0.250363	-0.008389	-0.250222	1543394942.742351	0.822018	0.734784	1.423949
-1.516016	470797.879323	4399261.170950	0.250694	-0.003764	-0.250665	1543394942.846183	0.747120	0.651262	1.425314
-1.544139	470797.890548	4399261.168366	0.222293	-0.003280	-0.222269	1543394942.961758	0.733729	0.616534	1.426513
-1.563473	470797.901224	4399261.118237	0.000000	0.000000	0.000000	1543394943.142219	0.721423	0.682773	1.425545
-1.521419	470797.885879	4399261.059016	0.000000	0.000000	0.000000	1543394943.255263	0.712577	0.690560	1.425918
-1.524471	470797.801852	4399261.045741	0.497908	0.023081	-0.497373	1543394943.350480	0.653186	0.566889	1.513862
-1.559013	470797.790796	4399260.898118	0.751108	0.029192	-0.750540	1543394943.458961	0.737073	0.527809	1.507911
-1.625525	470797.741896	4399260.804995	0.752613	-0.020909	-0.752323	1543394943.544343	0.781390	0.528309	1.508719
-1.601811	470797.808091	4399260.674196	0.997506	-0.029537	-0.997068	1543394943.655980	0.766477	0.654010	1.436738
-1.619332	470797.764251	4399260.606594	0.999545	-0.036740	-0.998869	1543394943.755888	0.767861	0.596597	1.441754
-1.607492	470797.792294	4399260.507906	1.000570	-0.036797	-0.999893	1543394943.856329	0.874946	0.637812	1.445461
-1.589751	470797.807838	4399260.440293	1.001272	-0.013053	-1.001187	1543394943.940053	0.921234	0.707427	1.448647
-1.581309	470797.779602	4399260.352527	0.999805	-0.012184	-0.999731	1543394944.057445	0.920286	0.677758	1.395003
-1.587371	470797.710271	4399260.226619	0.839671	-0.011824	-0.839588	1543394944.158005	0.869837	0.541841	1.397236
-1.633086	470797.726944	4399260.204949	0.818572	-0.022438	-0.818264	1543394944.251939	0.991205	0.540992	1.398051
-1.561331	470797.728735	4399260.152825	0.936665	-0.011867	-0.936589	1543394944.345740	0.809604	0.523779	1.399649
-1.585216	470797.703995	4399260.150259	0.257887	-0.002906	-0.257870	1543394944.448023	0.763227	0.512185	1.398262
-1.589218	470797.717667	4399260.158086	0.251087	-0.002871	-0.251071	1543394944.559154	0.780106	0.502322	1.397757
-1.563338	470797.738116	4399260.159909	0.250684	-0.002735	-0.250669	1543394944.639879	0.754886	0.546611	1.460520
-1.567100	470797.802130	4399260.187658	0.349946	-0.005216	-0.349908	1543394944.743288	0.721855	0.671624	1.460115
-1.581360	470797.721519	4399260.179891	0.252614	-0.004175	-0.252580	1543394944.844364	0.721415	0.523034	1.461305
-1.572527	470797.711495	4399260.185033	0.000000	0.000000	0.000000	1543394944.947012	0.714104	0.547407	1.461110
-1.579064	470797.719949	4399260.165405	0.000000	0.000000	0.000000	1543394945.043388	0.754052	0.564000	1.459497
-1.594696	470797.785050	4399260.160456	0.000000	0.000000	0.000000	1543394945.143564	0.758381	0.682104	1.395401
-1.596794	470797.704917	4399260.298763	0.000000	0.000000	0.000000	1543394945.345733	1.086995	0.556857	1.462819
-1.575273	470797.702331	4399260.107258	0.000000	0.000000	0.000000	1543394945.442919	0.759006	0.519864	1.463702
-1.558272	470797.745078	4399260.016988	0.000000	0.000000	0.000000	1543394945.542282	0.695168	0.654633	1.466197
-1.567963	470797.684879	4399259.933662	0.000000	0.000000	0.000000	1543394945.645350	0.676751	0.518476	1.467364
-1.530131	470797.693663	4399259.831082	0.000000	0.000000	0.000000	1543394945.759106	0.710990	0.524576	1.467300
-1.554684	470797.720570	4399259.719239	0.298108	-0.030377	-0.296556	1543394945.842696	0.744469	0.616741	1.473624
-1.630664	470797.699921	4399259.657002	0.987900	-0.080228	-0.984637	1543394945.945605	0.767325	0.609963	1.477118
-1.618462	470797.698157	4399259.540824	0.996950	-0.062132	-0.995012	1543394946.042323	0.780875	0.605312	1.480301
-1.768168	470797.614317	4399259.375357	0.990041	-0.115937	-0.983230	1543394946.148156	0.908446	0.451163	1.417268
-1.665928	470797.656971	4399259.324524	1.031280	-0.115123	-1.024834	1543394946.248607	0.815485	0.648351	1.426961
-1.752965	470797.603016	4399259.238412	1.034854	-0.141907	-1.025078	1543394946.343035	0.835378	0.475144	1.349362
-1.698051	470797.651306	4399259.103638	1.034439	-0.138692	-1.025100	1543394946.448672	0.895266	0.547213	1.434349
-1.587275	470797.609805	4399259.044111	1.031488	-0.100686	-1.026562	1543394946.557714	0.773968	0.517376	1.442964
-1.611992	470797.611471	4399258.876509	0.872953	-0.070251	-0.870122	1543394946.744184	0.723859	0.464634	1.448356
-1.572933	470797.697465	4399258.820943	0.820024	-0.050798	-0.818449	1543394946.848709	0.799967	0.679033	1.454601
-1.523890	470797.683643	4399258.733189	0.853761	-0.023742	-0.853431	1543394946.961173	0.792696	0.616050	1.452820
-1.658423	470797.613869	4399258.504568	0.863955	-0.031865	-0.863367	1543394947.144591	0.794829	0.457209	1.461174
-1.628412	470797.600661	4399258.301901	0.933769	-0.031310	-0.933244	1543394947.359288	0.767852	0.482004	1.397591
-1.736025	470797.593125	4399258.201766	1.024551	-0.075890	-1.021736	1543394947.448199	0.799383	0.461883	1.401175
-1.679183	470797.580994	4399258.116556	1.026786	-0.087626	-1.023040	1543394947.542987	0.778088	0.469063	1.406384
-1.678838	470797.599979	4399258.021791	0.923711	-0.085322	-0.919762	1543394947.645910	0.768794	0.457912	1.404424
-1.663077	470797.615816	4399257.937495	0.912644	-0.084298	-0.908743	1543394947.758065	0.753136	0.488982	1.409118
-1.597378	470797.665123	4399257.815616	0.919018	-0.066254	-0.916627	1543394947.857118	0.776676	0.603481	1.413381
-1.581897	470797.627569	4399257.703348	0.971044	-0.026633	-0.970679	1543394947.940032	0.738838	0.479640	1.428578
-1.562332	470797.684416	4399257.648010	0.987786	0.017550	-0.987630	1543394948.056944	0.777534	0.629814	1.430834
-1.578142	470797.681442	4399257.566771	1.050981	-0.036570	-1.050345	1543394948.161098	0.794205	0.589139	1.444656
-1.586934	470797.680562	4399257.439800	0.996436	-0.030392	-0.995972	1543394948.256556	0.713849	0.550309	1.448058
-1.589391	470797.623560	4399257.364867	0.996237	-0.026848	-0.995875	1543394948.344282	0.668609	0.456444	1.451882
-1.667019	470797.674777	4399257.169952	0.990943	-0.075999	-0.988024	1543394948.560495	0.714355	0.551717	1.455943
-1.668815	470797.646182	4399256.956753	1.030568	-0.053278	-1.029190	1543394948.740874	0.695405	0.406945	1.465344
-1.738381	470797.682632	4399256.933534	1.069395	-0.002163	-1.069393	1543394948.856446	0.790244	0.470714	1.465143
-1.696620	470797.654143	4399256.833757	1.029752	-0.037786	-1.029058	1543394948.960140	0.706209	0.452474	1.416919
-1.660152	470797.659912	4399256.712327	0.995783	-0.052610	-0.994393	1543394949.054507	0.708464	0.466719	1.420737
-1.623097	470797.675104	4399256.618901	0.987934	-0.052166	-0.986556	1543394949.143979	0.702550	0.448173	1.429300
-1.512349	470797.697915	4399256.528061	0.968135	-0.020310	-0.967922	1543394949.254615	0.690121	0.505971	1.432624
-1.511924	470797.701589	4399256.444841	0.925108	0.002819	-0.925104	1543394949.359497	0.690792	0.498015	1.437588
-1.569407	470797.689116	4399256.344613	0.928346	0.002550	-0.928342	1543394949.455348	0.705332	0.431466	1.441399
-1.613176	470797.771993	4399256.227409	0.892223	-0.009208	-0.892175	1543394949.542486	0.719783	0.582033	1.446528
-1.637526	470797.699686	4399256.131199	0.873669	-0.024831	-0.873317	1543394949.660116	0.630048	0.466306	1.453888
-1.616058	470797.729633	4399256.096707	0.919347	0.038277	-0.918550	1543394949.757955	0.736779	0.435013	1.453245
-1.545290	470797.735205	4399255.957506	0.924218	0.034417	-0.923577	1543394949.851218	0.662675	0.474664	1.466986
-1.632347	470797.762004	4399255.836161	0.995544	0.004121	-0.995536	1543394949.943952	0.663009	0.460156	1.473726
-1.615758	470797.771447	4399255.760776	0.995562	-0.011797	-0.995493	1543394950.054106	0.678466	0.460974	1.475962
-1.631144	470797.785430	4399255.622980	0.993937	-0.024190	-0.993642	1543394950.158175	0.661852	0.485103	1.424794
-1.620453	470797.841865	4399255.609879	0.861733	-0.026328	-0.861331	1543394950.255637	0.831635	0.550909	1.428873
-1.588382	470797.851483	4399255.531084	0.918766	0.024759	-0.918433	1543394950.349321	0.786989	0.589011	1.434343
-1.522689	470797.812121	4399255.467174	0.941125	0.032075	-0.940578	1543394950.453013	0.858151	0.476182	1.440719
-1.543356	470797.873754	4399255.339707	1.029824	0.032727	-1.029304	1543394950.561670	0.774977	0.578057	1.444422
-1.517505	470797.830144	4399255.224316	0.996408	0.037347	-0.995708	1543394950.656450	0.765685	0.456024	1.451626
-1.478678	470797.883765	4399255.153913	0.995598	0.053123	-0.994180	1543394950.741584	0.789859	0.558943	1.456719
-1.485056	470797.870094	4399255.047381	0.894755	0.056212	-0.892987	1543394950.854782	0.729363	0.492778	1.460776
-1.509242	470797.943792	4399255.012822	0.946005	0.093202	-0.941403	1543394950.958643	0.954053	0.593099	1.469601
-1.556240	470797.896239	4399254.864410	0.911053	0.068054	-0.908508	1543394951.058214	0.781744	0.479332	1.450902
-1.626353	470797.911764	4399254.776052	0.908819	0.029446	-0.908342	1543394951.142416	0.786799	0.453390	1.436135
-1.652432	470797.959192	4399254.666065	0.994212	0.002294	-0.994209	1543394951.255949	0.865851	0.518413	1.438675
-1.648356	470797.986472	4399254.574675	0.887629	-0.021655	-0.887364	1543394951.356167	0.938974	0.515095	1.450874
-1.647969	470797.993019	4399254.575978	0.895291	-0.037254	-0.894516	1543394951.453215	1.034978	0.523651	1.457838
-1.642462	470798.003092	4399254.506384	0.890891	-0.046079	-0.889699	1543394951.540373	0.944704	0.481907	1.462147
-1.623529	470798.014932	4399254.287991	0.922912	0.002677	-0.922908	1543394951.654353	0.818707	0.458284	1.468826
-1.536054	470798.052678	4399254.305899	0.996939	0.012267	-0.996863	1543394951.758361	0.858570	0.510188	1.440199
-1.495744	470798.101872	4399254.155318	0.997618	0.030842	-0.997141	1543394951.852295	0.740467	0.580536	1.448261
-1.460670	470798.113950	4399254.093031	0.884632	0.047381	-0.883362	1543394951.945873	0.812756	0.565152	1.455251
-1.503214	470798.133157	4399254.007256	0.873751	0.050827	-0.872272	1543394952.059268	0.840118	0.563115	1.461838
-1.533746	470798.150738	4399253.880508	0.868010	0.044559	-0.866866	1543394952.159460	0.770557	0.563916	1.463714
-1.557158	470798.148242	4399253.780868	0.864171	0.035030	-0.863461	1543394952.253936	0.742607	0.504574	1.460263
-1.577819	470798.193466	4399253.685529	0.866903	0.021600	-0.866634	1543394952.341343	0.737657	0.547792	1.465219
-1.595920	470798.165079	4399253.579313	0.747514	0.007429	-0.747477	1543394952.452751	0.704347	0.443979	1.472035
-1.507307	470798.204464	4399253.462870	0.748586	0.019810	-0.748324	1543394952.559716	0.718236	0.471489	1.442635
-1.582121	470798.205954	4399253.407800	0.746512	0.011246	-0.746427	1543394952.656518	0.778530	0.479045	1.457734
-1.589049	470798.241085	4399253.282375	0.788007	0.005198	-0.787990	1543394952.740149	0.679926	0.482335	1.459381
-1.614919	470798.251654	4399253.244946	0.794903	-0.006360	-0.794877	1543394952.855607	0.774960	0.476877	1.472433
-1.554827	470798.278885	4399253.157912	0.775735	-0.002093	-0.775733	1543394952.955605	0.781988	0.457320	1.449969
-1.628258	470798.327009	4399253.119616	0.789802	-0.016403	-0.789631	1543394953.058012	0.893205	0.495328	1.459997
-1.570213	470798.357127	4399253.006186	0.743924	-0.010807	-0.743846	1543394953.146660	0.850355	0.498193	1.463323
-1.653768	470798.391547	4399252.936711	0.766449	-0.029881	-0.765867	1543394953.252130	0.846321	0.511152	1.470138
-1.610437	470798.404941	4399252.808840	0.771154	-0.030632	-0.770545	1543394953.358041	0.781722	0.504099	1.422925
-1.597893	470798.442000	4399252.741718	0.768739	-0.027658	-0.768241	1543394953.455147	0.704377	0.511677	1.428612
-1.559300	470798.470411	4399252.656945	0.863734	-0.014885	-0.863605	1543394953.548612	0.797520	0.532603	1.437774
-1.367854	470798.514637	4399252.595689	0.887124	0.053907	-0.885485	1543394953.655048	0.784344	0.582757	1.443060
-1.167287	470798.573278	4399252.535769	0.850259	0.136487	-0.839233	1543394953.762283	0.801064	0.700578	1.453052
-1.609044	470798.718837	4399252.367027	0.874587	0.057125	-0.872720	1543394953.940579	0.931107	0.806698	1.462232
-1.574268	470798.733746	4399252.210734	0.902785	0.139891	-0.891881	1543394954.056842	0.800586	0.778782	1.442305
-1.546441	470798.649625	4399252.018454	0.845399	0.070575	-0.842448	1543394954.254507	0.749531	0.488283	1.456052
-1.551849	470798.805532	4399251.923611	0.901425	0.053261	-0.899850	1543394954.340449	0.754701	0.738945	1.466028
-1.572623	470798.827399	4399251.910165	0.817708	0.036125	-0.816909	1543394954.454555	0.832985	0.703243	1.473292
-1.518944	470798.834313	4399251.821999	0.754504	0.035337	-0.753676	1543394954.558472	0.812751	0.715197	1.481335
-1.468875	470798.856820	4399251.724058	0.872043	0.056443	-0.870214	1543394954.656711	0.783795	0.704653	1.466884
-1.473378	470798.885127	4399251.567456	0.880645	0.079075	-0.877088	1543394954.853429	0.787375	0.635151	1.439825
-1.490359	470798.895870	4399251.508358	0.866793	0.075205	-0.863524	1543394954.959835	0.740526	0.576767	1.417999
-1.493022	470798.947665	4399251.482150	0.606295	0.052385	-0.604028	1543394955.059447	0.872284	0.777603	1.396392
-1.503689	470798.971480	4399251.507621	0.422673	0.036535	-0.421091	1543394955.139222	0.757205	0.711743	1.423398
-1.518921	470798.910487	4399251.512390	0.303832	0.026269	-0.302694	1543394955.255217	0.763934	0.606494	1.466403
-1.537351	470798.891753	4399251.528434	0.213003	0.018413	-0.212206	1543394955.361151	0.728514	0.603249	1.477240
-1.570119	470798.925511	4399251.596466	0.000000	0.000000	0.000000	1543394955.455334	0.793152	0.700855	1.527004
-1.403901	470798.863509	4399251.645907	0.000000	0.000000	0.000000	1543394955.550212	0.886425	0.659797	1.501332
-1.400201	470798.872080	4399251.583568	0.000000	0.000000	0.000000	1543394955.767649	0.778021	0.669247	1.526089
