front	position-x	position-y	speed	speed-x	speed-y	timestamp	v-x	v-y	v-z
1.221059	470908.517746	4399087.792812	0.140592	0.128425	0.057211	1543374134.230145	0.119168	0.299597	0.382586
1.214062	470908.509214	4399087.814699	0.196651	0.185428	0.065484	1543374134.327286	0.129349	0.210576	0.366408
1.257618	470908.586735	4399087.869707	0.000000	0.000000	0.000000	1543374134.427570	0.336472	0.312015	0.349385
1.637483	470908.488582	4399087.913625	0.153195	-0.152088	-0.018383	1543374134.728564	0.200342	0.192334	0.332749
1.652086	470908.454746	4399087.840436	0.219761	-0.218140	-0.026646	1543374134.827779	0.099759	0.370676	0.327284
0.888205	470908.575624	4399087.972223	0.342688	-0.340598	-0.037781	1543374134.930087	0.221224	0.314577	0.319353
0.957743	470908.496179	4399088.000522	0.000000	0.000000	0.000000	1543374135.030197	0.301640	0.347277	0.314307
1.017970	470908.574974	4399087.898617	0.000000	0.000000	0.000000	1543374135.128906	0.273959	0.269369	0.308396
1.011005	470908.516096	4399087.885932	0.000000	0.000000	0.000000	1543374135.228555	0.351585	0.381611	0.300154
1.099180	470908.551810	4399087.905632	0.000000	0.000000	0.000000	1543374135.430327	0.290513	0.442724	0.286652
1.148728	470908.534112	4399087.927589	0.000000	0.000000	0.000000	1543374135.534489	0.058251	0.474091	0.273101
1.176862	470908.470973	4399087.864368	0.000000	0.000000	0.000000	1543374135.629047	0.088404	0.394978	0.291966
1.221109	470908.417344	4399087.899728	0.000000	0.000000	0.000000	1543374135.731249	0.233457	0.371544	0.260006
1.212311	470908.535513	4399087.934823	0.000000	0.000000	0.000000	1543374135.831020	0.122559	0.370820	0.251185
1.206362	470908.528722	4399087.874896	0.000000	0.000000	0.000000	1543374135.935107	0.370659	0.308840	0.247535
1.233111	470908.487885	4399087.829283	0.000000	0.000000	0.000000	1543374136.031861	0.181374	0.271958	0.236743
1.283024	470908.454572	4399088.013384	0.000000	0.000000	0.000000	1543374136.133303	0.268483	0.300593	0.493112
1.311012	470908.552375	4399087.908019	0.000000	0.000000	0.000000	1543374136.222610	0.240666	0.329307	0.474188
1.356908	470908.519382	4399087.962122	0.000000	0.000000	0.000000	1543374136.418644	0.169258	0.391864	0.215024
1.409588	470908.463792	4399087.817685	0.000000	0.000000	0.000000	1543374136.532094	0.149627	0.291480	0.210331
1.393051	470908.498586	4399087.944079	0.000000	0.000000	0.000000	1543374136.617678	0.155068	0.249339	0.398251
1.458793	470908.480639	4399087.931990	0.000000	0.000000	0.000000	1543374136.729887	0.260102	0.270373	0.399002
1.519155	470908.525385	4399087.937685	0.000000	0.000000	0.000000	1543374136.818569	0.201665	0.246491	0.396314
1.463875	470908.504098	4399087.952047	0.000000	0.000000	0.000000	1543374136.931995	0.196029	0.301518	0.375408
1.435403	470908.537270	4399087.951328	0.000000	0.000000	0.000000	1543374137.018045	0.248567	0.366264	0.369001
1.403301	470908.460828	4399087.943074	0.000000	0.000000	0.000000	1543374137.128875	0.293247	0.212611	0.382707
1.341696	470908.482546	4399087.952768	0.000000	0.000000	0.000000	1543374137.230493	0.245063	0.461990	0.353490
1.285728	470908.451694	4399088.012297	0.000000	0.000000	0.000000	1543374137.330504	0.431139	0.373794	0.360237
1.317677	470908.461292	4399087.982497	0.000000	0.000000	0.000000	1543374137.430998	0.382199	0.296620	0.489287
1.285377	470908.490508	4399087.983475	0.000000	0.000000	0.000000	1543374137.528662	0.309475	0.402348	0.357412
1.226979	470908.481643	4399087.980920	0.000000	0.000000	0.000000	1543374137.635580	0.348044	0.465455	0.489019
1.179898	470908.452360	4399087.909179	0.000000	0.000000	0.000000	1543374137.728945	0.363584	0.306098	0.315383
1.164482	470908.444730	4399087.936532	0.000000	0.000000	0.000000	1543374137.830328	0.245619	0.411053	0.296197
1.187021	470908.444014	4399087.895173	0.000000	0.000000	0.000000	1543374137.935668	0.445649	0.336915	0.290795
1.119834	470908.422291	4399087.942212	0.000000	0.000000	0.000000	1543374138.030783	0.408038	0.334135	0.451226
1.060055	470908.489821	4399087.937143	0.000000	0.000000	0.000000	1543374138.135743	0.445854	0.392544	0.416444
1.073328	470908.494241	4399087.989899	0.000000	0.000000	0.000000	1543374138.232590	0.442172	0.269821	0.286083
1.075311	470908.421773	4399087.940893	0.000000	0.000000	0.000000	1543374138.337429	0.343831	0.386529	0.499759
1.076735	470908.522698	4399087.949012	0.000000	0.000000	0.000000	1543374138.431205	0.370570	0.447147	0.470444
0.776264	470908.456170	4399088.018601	0.000000	0.000000	0.000000	1543374138.531403	0.348034	0.400457	0.468169
2.281519	470908.474168	4399087.961959	0.000000	0.000000	0.000000	1543374138.631444	0.456381	0.495989	0.327821
0.629842	470908.490617	4399087.954196	0.000000	0.000000	0.000000	1543374138.743329	0.310433	0.442216	0.453249
1.498619	470908.480023	4399087.970447	0.000000	0.000000	0.000000	1543374138.833494	0.353883	0.402899	0.435295
1.067900	470908.487132	4399088.051859	0.000000	0.000000	0.000000	1543374138.938483	0.412268	0.511892	0.459960
1.083563	470908.471035	4399088.030785	0.000000	0.000000	0.000000	1543374139.029282	0.244068	0.436846	0.497800
1.534117	470908.464400	4399088.039155	0.000000	0.000000	0.000000	1543374139.143910	0.434071	0.427711	0.441195
0.869493	470908.484088	4399088.092601	0.000000	0.000000	0.000000	1543374139.235467	0.392890	0.394855	0.497436
1.720378	470908.505571	4399088.105313	0.000000	0.000000	0.000000	1543374139.340855	0.357232	0.402436	0.469238
0.897234	470908.513428	4399088.065413	0.000000	0.000000	0.000000	1543374139.429415	0.404658	0.395819	0.396172
0.741142	470908.517491	4399088.057343	0.000000	0.000000	0.000000	1543374139.541341	0.436500	0.364358	0.528224
1.304724	470908.521654	4399088.152339	0.000000	0.000000	0.000000	1543374139.629824	0.309204	0.462082	0.475970
1.540592	470908.485257	4399088.116698	0.000000	0.000000	0.000000	1543374139.743098	0.374139	0.381653	0.519969
0.688240	470908.480667	4399088.120547	0.000000	0.000000	0.000000	1543374139.828727	0.289007	0.368475	0.492364
0.897688	470908.477751	4399088.185378	0.000000	0.000000	0.000000	1543374139.937619	0.517588	0.417194	0.510107
0.625136	470908.527615	4399088.143814	0.000000	0.000000	0.000000	1543374140.026741	0.454506	0.359793	0.497161
1.501959	470908.470766	4399088.141798	0.000000	0.000000	0.000000	1543374140.145890	0.374487	0.486878	0.512652
1.041475	470908.426223	4399088.191690	0.000000	0.000000	0.000000	1543374140.229147	0.474998	0.577323	0.477627
0.966261	470908.473432	4399088.187317	0.000000	0.000000	0.000000	1543374140.343796	0.336624	0.438686	0.349627
0.944429	470908.479727	4399088.222590	0.000000	0.000000	0.000000	1543374140.430640	0.463583	0.415409	0.403533
0.983301	470908.409782	4399088.208926	0.000000	0.000000	0.000000	1543374140.538035	0.479159	0.534533	0.482601
1.109224	470908.493966	4399088.205833	0.000000	0.000000	0.000000	1543374140.630898	0.323892	0.340952	0.446383
-0.647156	470908.475976	4399088.264161	0.000000	0.000000	0.000000	1543374140.739535	0.271878	0.357875	0.438148
1.573040	470908.512259	4399088.207987	0.000000	0.000000	0.000000	1543374140.829919	0.298204	0.497738	0.504444
1.005487	470908.460610	4399088.218998	0.000000	0.000000	0.000000	1543374140.940013	0.355464	0.421719	0.526249
1.171494	470908.462540	4399088.147752	0.000000	0.000000	0.000000	1543374141.028182	0.410545	0.474131	0.504410
0.917112	470908.456852	4399088.180098	0.000000	0.000000	0.000000	1543374141.228312	0.399108	0.408668	0.512458
0.921686	470908.459522	4399088.180814	0.000000	0.000000	0.000000	1543374141.333301	0.363498	0.454819	0.617465
1.083721	470908.471912	4399088.162259	0.000000	0.000000	0.000000	1543374141.430227	0.413679	0.368963	0.565241
1.107982	470908.472694	4399088.192955	0.000000	0.000000	0.000000	1543374141.531919	0.399734	0.360552	0.481062
1.236844	470908.450987	4399088.183781	0.000000	0.000000	0.000000	1543374141.630990	0.384081	0.443395	0.482569
2.252868	470908.406105	4399088.185939	0.000000	0.000000	0.000000	1543374141.729938	0.423891	0.385511	0.457221
1.776487	470908.414161	4399088.193489	0.000000	0.000000	0.000000	1543374141.828827	0.353205	0.441952	0.475096
2.224604	470908.419013	4399088.157832	0.000000	0.000000	0.000000	1543374141.930443	0.337213	0.399909	0.454465
2.241956	470908.459959	4399088.145164	0.000000	0.000000	0.000000	1543374142.029188	0.311134	0.377752	0.477836
1.917351	470908.416024	4399088.221296	0.000000	0.000000	0.000000	1543374142.132468	0.339891	0.390889	0.467416
1.307305	470908.406847	4399088.165486	0.000000	0.000000	0.000000	1543374142.230939	0.261765	0.409265	0.487182
1.347571	470908.419009	4399088.158884	0.000000	0.000000	0.000000	1543374142.344689	0.271040	0.340235	0.485925
1.140329	470908.427447	4399088.174074	0.000000	0.000000	0.000000	1543374142.427252	0.298415	0.332540	0.489721
1.046618	470908.423487	4399088.160999	0.000000	0.000000	0.000000	1543374142.528739	0.331848	0.327816	0.489029
1.059365	470908.438531	4399088.159481	0.000000	0.000000	0.000000	1543374142.727234	0.313421	0.327251	0.492644
1.144368	470908.419178	4399088.185793	0.000000	0.000000	0.000000	1543374142.931942	0.282116	0.374322	0.501136
0.905159	470908.417026	4399088.209698	0.000000	0.000000	0.000000	1543374143.035774	0.454882	0.512503	0.399356
0.944168	470908.423905	4399088.134769	0.000000	0.000000	0.000000	1543374143.129544	0.366199	0.289169	0.403554
0.960931	470908.413119	4399088.146302	0.000000	0.000000	0.000000	1543374143.228595	0.359058	0.448132	0.399101
0.884976	470908.442562	4399088.126935	0.000000	0.000000	0.000000	1543374143.338178	0.369199	0.364983	0.396810
0.905059	470908.434613	4399088.140059	0.000000	0.000000	0.000000	1543374143.430594	0.341233	0.361970	0.401997
0.841656	470908.376289	4399088.204369	0.000000	0.000000	0.000000	1543374143.537262	0.416757	0.539568	0.407572
0.847744	470908.419973	4399088.156102	0.000000	0.000000	0.000000	1543374143.634307	0.402026	0.402924	0.410569
0.979426	470908.400079	4399088.216969	0.000000	0.000000	0.000000	1543374143.737909	0.427121	0.531118	0.406577
0.774467	470908.429569	4399088.117410	0.000000	0.000000	0.000000	1543374143.827541	0.376956	0.316093	0.402898
0.907965	470908.414939	4399088.167767	0.000000	0.000000	0.000000	1543374143.937600	0.323830	0.320673	0.400784
0.846972	470908.397080	4399088.150689	0.000000	0.000000	0.000000	1543374144.141053	0.354833	0.405625	0.409989
0.891250	470908.428858	4399088.147153	0.000000	0.000000	0.000000	1543374144.234793	0.352933	0.356219	0.399682
0.857095	470908.374702	4399088.243844	0.000000	0.000000	0.000000	1543374144.342220	0.463684	0.566868	0.405158
0.811636	470908.438398	4399088.191288	0.000000	0.000000	0.000000	1543374144.429184	0.464595	0.385698	0.407220
0.836500	470908.433394	4399088.222685	0.000000	0.000000	0.000000	1543374145.837715	0.484092	0.347783	0.427934
0.839573	470908.441047	4399088.228829	0.000000	0.000000	0.000000	1543374145.938192	0.482807	0.315754	0.422541
0.737992	470908.414887	4399088.170177	0.000000	0.000000	0.000000	1543374146.042095	0.409982	0.352696	0.418301
0.860633	470908.429864	4399088.208093	0.000000	0.000000	0.000000	1543374146.139911	0.427870	0.345700	0.428766
0.834498	470908.398115	4399088.192523	0.000000	0.000000	0.000000	1543374146.339309	0.395633	0.306967	0.436781
0.967646	470908.409258	4399088.179977	0.000000	0.000000	0.000000	1543374146.441891	0.326764	0.377588	0.445557
1.066008	470908.399808	4399088.196058	0.000000	0.000000	0.000000	1543374146.537203	0.304284	0.370165	0.450734
0.976740	470908.355259	4399088.261059	0.000000	0.000000	0.000000	1543374146.627181	0.362056	0.459054	0.457769
