front	position-x	position-y	speed	speed-x	speed-y	timestamp	v-x	v-y	v-z
-1.508093	470937.049470	4398733.503641	0.000000	0.000000	0.000000	1543370760.846943	3.302449	1.977254	2.062147
-1.507668	470936.972013	4398733.516406	0.000000	0.000000	0.000000	1543370760.950515	3.275858	2.130321	2.060911
-1.505985	470937.024420	4398733.571632	0.000000	0.000000	0.000000	1543370761.049917	3.359902	1.934213	2.060798
-1.505906	470937.012262	4398733.647256	0.000000	0.000000	0.000000	1543370761.146687	3.334569	2.134850	2.061377
-1.506915	470936.961106	4398733.714304	0.000000	0.000000	0.000000	1543370761.249453	3.383174	2.043592	2.061471
-1.508624	470936.955484	4398733.818189	0.485932	-0.076644	0.479850	1543370761.345446	3.305496	2.134711	2.061110
-1.512007	470937.010178	4398733.937100	0.992633	-0.031669	0.992127	1543370761.450210	3.236827	2.002881	2.059968
-1.513462	470936.935024	4398734.060023	1.236417	-0.084734	1.233510	1543370761.558326	3.229045	2.037556	2.062339
-1.517609	470937.012803	4398734.250053	1.475841	0.058678	1.474674	1543370761.648852	3.229038	1.847786	2.062825
-1.511138	470936.860672	4398734.509129	1.979900	-0.182106	1.971507	1543370761.748737	3.192634	1.949686	2.055407
1.643292	470936.849940	4398734.774771	2.235475	-0.161999	2.229597	1543370761.849406	3.193523	1.984384	2.057013
1.629017	470936.833073	4398735.353908	3.011846	-0.175417	3.006733	1543370762.049752	3.188901	1.846906	2.064544
1.615604	470936.835403	4398735.697215	3.293179	-0.147709	3.289864	1543370762.147271	3.168245	1.865280	2.070015
1.647334	470936.805704	4398736.073593	3.571762	-0.272597	3.561345	1543370762.250041	3.204258	1.886579	2.075704
1.647742	470936.708019	4398736.459316	4.153480	-0.319316	4.141188	1543370762.345546	3.221763	1.959244	1.891493
1.614632	470936.729053	4398736.907115	4.207490	-0.185176	4.203413	1543370762.449353	3.167582	1.895663	1.903724
1.638191	470936.652586	4398737.345361	4.508861	-0.303269	4.498651	1543370762.554121	3.187772	1.865427	1.926311
1.643109	470936.672338	4398737.852958	5.132207	-0.370654	5.118805	1543370762.649237	3.188471	1.770071	1.928733
1.653760	470936.551027	4398738.350098	5.194843	-0.430151	5.177003	1543370762.749639	3.209985	1.857271	1.937397
1.644168	470936.575978	4398738.883124	5.515703	-0.404517	5.500850	1543370762.853036	3.199060	1.797218	1.951667
1.654316	470936.494673	4398739.487666	5.890232	-0.491276	5.869709	1543370762.958945	3.174042	1.898989	1.963026
1.640491	470936.470601	4398740.087168	5.967656	-0.416191	5.953126	1543370763.053601	3.160652	1.832049	1.972399
1.646241	470936.431696	4398740.699391	6.300553	-0.475006	6.282621	1543370763.147944	3.128866	1.817254	1.823383
1.654913	470936.341352	4398741.351790	6.462685	-0.542711	6.439857	1543370763.249949	3.175523	1.714025	1.970783
1.644039	470936.313243	4398742.012087	6.790470	-0.497243	6.772240	1543370763.335470	3.172836	1.766415	2.001878
1.651590	470936.200874	4398742.687713	6.895704	-0.556211	6.873235	1543370763.451030	3.195155	2.062013	2.011521
1.631113	470936.260652	4398743.413407	7.043169	-0.425162	7.030325	1543370763.536577	3.193541	1.797889	2.014503
1.648204	470936.167262	4398744.102965	7.415858	-0.572814	7.393703	1543370763.647483	3.192921	1.726541	2.028949
1.644270	470936.137685	4398744.847919	7.491290	-0.549994	7.471073	1543370763.735128	3.217109	1.758636	2.031571
1.652030	470936.033320	4398745.570288	7.665961	-0.621752	7.640705	1543370763.847987	3.172503	1.762802	2.034343
1.647363	470935.942538	4398746.358880	7.754167	-0.593517	7.731419	1543370763.941206	3.235188	1.954553	2.043310
1.647744	470935.957270	4398747.066305	7.977929	-0.613527	7.954303	1543370764.053519	3.198346	1.794967	1.878994
1.650813	470935.888294	4398747.436319	8.193182	-0.655048	8.166954	1543370764.136322	2.306790	1.681266	1.914084
1.659599	470935.753513	4398748.741943	8.435788	-0.747763	8.402581	1543370764.248863	3.182363	1.740064	2.039731
1.647368	470935.721013	4398749.563181	8.613541	-0.659315	8.588270	1543370764.338316	3.124043	1.743472	2.040813
1.636162	470935.767322	4398749.953758	8.662060	-0.566184	8.643537	1543370764.450989	2.274370	1.849754	2.029531
1.659501	470935.607013	4398750.760156	8.815768	-0.779832	8.781209	1543370764.551238	2.193410	1.724425	2.028698
1.665676	470935.526267	4398751.717943	8.920629	-0.844760	8.880541	1543370764.649598	2.369226	1.695689	2.029701
1.654020	470935.512241	4398752.354865	8.971344	-0.746268	8.940251	1543370764.754896	2.061250	1.780654	1.781410
1.656922	470935.433815	4398753.173933	9.068061	-0.779821	9.034468	1543370764.850636	1.886353	1.806969	1.809609
1.656306	470935.343409	4398754.041525	9.385213	-0.801464	9.350929	1543370764.946892	1.588481	1.716027	1.835757
1.648123	470935.160294	4398755.929601	9.557230	-0.739046	9.528612	1543370765.146641	1.670972	1.736401	1.898861
1.665897	470935.120654	4398756.815909	9.626748	-0.913202	9.583337	1543370765.251177	1.575746	1.783426	1.918771
1.645376	470935.039004	4398757.788990	9.713498	-0.724487	9.686442	1543370765.346046	1.602582	1.788034	1.947955
1.654976	470934.947358	4398758.736391	9.858621	-0.828245	9.823768	1543370765.450186	1.587207	1.810193	1.972746
1.655262	470934.871002	4398759.756235	9.960243	-0.840080	9.924752	1543370765.547267	1.669612	1.836807	2.048178
1.651329	470934.738018	4398760.929305	10.072379	-0.810358	10.039728	1543370765.650563	2.025937	1.789580	1.775399
1.651275	470934.685427	4398761.963903	10.281941	-0.826727	10.248651	1543370765.753696	2.124215	1.751635	1.797443
1.655496	470934.570250	4398762.949774	10.392029	-0.879150	10.354774	1543370765.849319	2.098185	1.692057	1.851676
1.658979	470934.501323	4398763.875264	10.391630	-0.915220	10.351249	1543370765.951733	1.918680	1.710412	1.842953
1.646415	470934.442154	4398764.710176	10.459467	-0.790979	10.429516	1543370766.052986	1.562040	1.734836	1.835764
1.649153	470934.321648	4398766.711883	10.650560	-0.833825	10.617870	1543370766.250814	1.526688	1.751902	1.910471
1.644272	470934.205660	4398767.763119	10.607967	-0.779603	10.579281	1543370766.348802	1.452966	1.793687	1.928521
1.648627	470934.153198	4398768.821108	10.681544	-0.830907	10.649178	1543370766.449116	1.461376	1.809499	1.972702
1.644628	470934.054585	4398769.881058	10.793938	-0.796769	10.764490	1543370766.547811	1.481932	1.722149	1.980880
1.655166	470934.018847	4398770.932226	10.802246	-0.909787	10.763865	1543370766.651608	1.447227	1.825419	2.012229
1.645168	470933.879372	4398772.009599	10.882966	-0.809141	10.852845	1543370766.747304	1.452846	1.595279	1.996199
1.645930	470933.792598	4398774.140059	10.945056	-0.822118	10.914136	1543370766.953137	1.468256	1.621885	2.045539
1.654218	470933.732218	4398775.244229	11.004412	-0.916505	10.966180	1543370767.050668	1.563776	1.727789	1.804152
1.647791	470933.576118	4398776.304196	11.095542	-0.853839	11.062640	1543370767.147739	1.449119	1.653178	1.813307
1.638693	470933.589663	4398777.400188	11.073582	-0.751908	11.048025	1543370767.254779	1.547492	1.754550	1.832230
1.644498	470933.485603	4398778.463961	11.212514	-0.825602	11.182077	1543370767.347409	1.539744	1.678540	1.481432
1.640191	470933.311770	4398779.559416	11.025223	-0.765089	10.998645	1543370767.449790	1.565261	1.701939	1.872091
1.641901	470933.314354	4398780.613788	10.985042	-0.780276	10.957295	1543370767.548792	1.535348	1.705841	1.863179
1.644962	470933.119216	4398781.726546	11.065465	-0.819858	11.035051	1543370767.654348	1.533632	1.705243	1.873194
1.644619	470933.098396	4398782.763207	10.880108	-0.802331	10.850485	1543370767.745998	1.522667	1.734772	1.833518
1.652151	470932.977681	4398783.870775	11.213535	-0.910758	11.176488	1543370767.851865	1.555987	1.545532	1.499263
1.665244	470932.859805	4398784.955825	10.960578	-1.032547	10.911834	1543370767.946925	1.491371	1.554829	1.504763
1.630559	470932.763925	4398787.547588	10.989039	-0.655633	10.969463	1543370768.149458	2.302786	1.572016	1.929028
1.648020	470932.543714	4398788.524643	10.967275	-0.844241	10.934732	1543370768.251315	2.139745	1.670784	1.970966
1.622458	470932.569581	4398789.680676	11.013390	-0.569457	10.998658	1543370768.346884	2.242930	1.591494	1.967955
1.625828	470932.525975	4398790.495911	11.019316	-0.605422	11.002672	1543370768.449246	1.696359	1.593626	1.554759
1.645394	470932.470960	4398791.503423	11.031783	-0.820767	11.001208	1543370768.550203	1.496236	1.603413	1.563388
1.645689	470932.317046	4398792.578682	10.948297	-0.819172	10.917608	1543370768.648550	1.512471	1.611597	1.567047
1.671826	470932.099108	4398793.654247	10.875920	-1.095586	10.820598	1543370768.747160	1.432781	1.702203	1.568400
1.644357	470932.049772	4398795.162062	10.843687	-0.798566	10.814242	1543370768.849273	2.288257	1.726224	1.968023
1.672010	470931.700446	4398796.272258	10.829031	-1.092351	10.773796	1543370768.953310	2.421824	1.905895	2.000112
1.659420	470931.759160	4398797.366168	10.803358	-0.956435	10.760938	1543370769.050735	2.456902	1.428991	2.031654
1.661501	470931.732699	4398797.650137	10.830902	-0.980588	10.786422	1543370769.144315	0.840813	1.433391	2.043507
1.639800	470931.593122	4398799.568045	10.894887	-0.752209	10.868889	1543370769.252676	2.442564	1.636065	2.039446
1.658786	470931.590848	4398799.837318	10.915929	-0.958014	10.873809	1543370769.351152	0.789516	1.648664	2.019646
1.669777	470931.355229	4398801.661581	11.258410	-1.112062	11.203353	1543370769.454241	2.206889	1.650783	1.605331
1.643989	470931.434793	4398802.745544	10.885862	-0.797681	10.856597	1543370769.554471	2.237491	1.651807	1.612466
1.647587	470931.409744	4398803.504531	10.950210	-0.840350	10.917917	1543370769.654244	1.530106	1.656498	1.619367
1.663322	470931.142285	4398804.595515	10.986372	-1.014543	10.939427	1543370769.753119	1.548525	1.661959	1.612459
1.654921	470931.143822	4398805.667126	10.928260	-0.919174	10.889536	1543370769.849833	1.526997	1.766286	1.621859
1.647384	470931.016706	4398806.742787	10.916335	-0.836160	10.884264	1543370769.950387	1.509180	1.655014	1.618948
1.643124	470930.951886	4398807.828663	10.931180	-0.790982	10.902525	1543370770.051275	1.482503	1.446699	1.614434
1.643692	470930.871959	4398809.306920	10.921990	-0.795973	10.892947	1543370770.148832	2.260679	1.767589	1.621315
1.641272	470930.871948	4398809.591027	10.848813	-0.764737	10.821826	1543370770.248641	0.701079	1.664025	2.028885
1.650523	470930.755546	4398811.459271	10.890130	-0.867513	10.855522	1543370770.350526	2.225763	1.756758	2.026389
1.657334	470930.570233	4398812.529777	10.916862	-0.943499	10.876014	1543370770.449111	2.224026	1.667661	1.994562
1.648569	470930.566367	4398813.525027	10.936089	-0.850163	10.902993	1543370770.546957	2.113254	1.661658	1.623252
1.655170	470930.451957	4398814.312388	10.965417	-0.923566	10.926454	1543370770.650538	1.485630	1.663403	1.626611
1.669823	470930.305833	4398815.380270	11.089931	-1.095613	11.035679	1543370770.752226	1.499083	1.645263	1.622041
1.650016	470930.265834	4398817.585298	10.915626	-0.863237	10.881439	1543370770.945097	1.509984	1.653648	1.613995
1.666120	470930.043618	4398818.664565	10.885652	-1.034735	10.836362	1543370771.050852	1.538891	1.652585	1.604935
1.657815	470929.941978	4398819.718671	10.886274	-0.945793	10.845111	1543370771.149964	1.486580	1.653033	1.599883
1.635090	470930.072149	4398820.828110	10.898728	-0.700840	10.876171	1543370771.252106	1.510480	1.638129	1.607691
1.647614	470929.887691	4398821.901543	10.868239	-0.832939	10.836274	1543370771.356021	1.516352	1.638696	1.599504
1.662935	470929.755134	4398822.991334	10.804750	-0.993194	10.759005	1543370771.451893	1.570498	1.738208	1.594328
1.635178	470929.742981	4398824.020219	10.791231	-0.695626	10.768786	1543370771.548877	1.450640	1.616471	1.593610
1.662648	470929.445868	4398824.597554	10.741095	-0.983765	10.695950	1543370771.649979	0.645921	1.493123	1.913550
1.636069	470929.467797	4398826.556803	10.645019	-0.695754	10.622257	1543370771.756286	2.185334	1.605098	1.901959
1.654762	470929.341082	4398827.306837	10.638299	-0.891565	10.600873	1543370771.850926	1.579029	1.604775	1.539178
1.643608	470929.263372	4398828.542145	10.656309	-0.776068	10.628012	1543370771.955319	1.854282	1.819616	1.857145
1.635553	470929.219617	4398829.647165	10.676428	-0.691416	10.654016	1543370772.053599	1.919822	1.794109	1.866511
1.649179	470929.082690	4398830.846401	10.686286	-0.836193	10.653520	1543370772.146101	2.192512	1.704545	1.877788
1.644031	470929.070033	4398831.914145	10.722747	-0.785284	10.693954	1543370772.251190	2.153339	1.579244	1.885182
1.642425	470929.034473	4398832.758265	10.752088	-0.770193	10.724467	1543370772.347139	1.672789	1.685270	1.849408
1.638443	470928.879456	4398833.705298	10.588931	-0.716573	10.564657	1543370772.452447	1.506254	1.567829	1.821682
1.638002	470928.874724	4398834.824469	10.731992	-0.721469	10.707714	1543370772.548660	1.547987	1.855235	1.834132
1.641536	470928.800050	4398835.864074	10.747299	-0.759822	10.720407	1543370772.652026	1.474412	1.665718	1.831701
1.650346	470928.621563	4398836.871677	10.634474	-0.844903	10.600858	1543370772.749791	1.508707	1.663318	1.486973
1.658340	470928.510773	4398838.268525	10.696709	-0.934751	10.655788	1543370772.853144	2.222401	1.659893	1.877016
1.660468	470928.364380	4398839.342282	10.674492	-0.955280	10.631661	1543370772.947367	2.268131	1.531093	1.865961
1.632838	470928.406946	4398840.525280	10.725155	-0.665617	10.704480	1543370773.050092	2.404011	1.503199	1.850880
1.644260	470928.280253	4398841.194494	10.753104	-0.787807	10.724207	1543370773.145820	1.580180	1.810631	1.459212
1.640446	470928.154218	4398843.275068	10.597363	-0.738280	10.571615	1543370773.346883	1.485209	1.697744	1.826349
1.668226	470927.996205	4398844.300427	10.603415	-1.029854	10.553285	1543370773.453817	1.431115	1.692401	1.818844
1.656485	470927.848129	4398845.890536	10.609328	-0.909157	10.570302	1543370773.546736	2.495776	1.598294	1.801919
1.652629	470927.884483	4398846.488165	10.694264	-0.874665	10.658436	1543370773.649217	1.496830	1.875620	1.804556
1.656839	470927.754637	4398847.923923	10.660373	-0.916189	10.620930	1543370773.754769	2.268541	1.778302	1.800993
1.654681	470927.676055	4398848.690245	10.778592	-0.903071	10.740694	1543370773.850360	1.585069	1.469678	1.466506
1.656771	470927.588765	4398849.735236	10.766697	-0.924387	10.726941	1543370773.950106	1.553637	1.742188	1.791555
1.647842	470927.592209	4398850.817826	10.756548	-0.828543	10.724590	1543370774.051183	1.604242	1.638787	1.775143
1.652444	470927.411794	4398852.155584	10.643283	-0.868213	10.607812	1543370774.147209	2.242603	1.832530	1.762558
1.652293	470927.308932	4398852.856116	10.712486	-0.872436	10.676901	1543370774.250670	1.438704	1.721158	2.075713
1.659650	470927.238434	4398853.980606	10.689132	-0.948178	10.646995	1543370774.352612	1.704316	1.605309	1.729189
1.666352	470927.012277	4398855.394359	10.825921	-1.032131	10.776608	1543370774.451874	2.255992	1.611362	1.684501
1.639435	470927.078507	4398856.466436	10.751642	-0.737786	10.726298	1543370774.548102	2.271062	1.709764	1.682044
1.649691	470926.994734	4398857.174681	10.617011	-0.836202	10.584030	1543370774.649961	1.527516	1.723942	1.685639
1.655102	470926.870556	4398858.255325	10.774544	-0.907171	10.736286	1543370774.748523	1.587313	1.697564	1.724196
1.644890	470926.783959	4398859.258554	10.882527	-0.806805	10.852578	1543370774.850817	1.324083	1.749724	1.708436
1.642789	470926.774498	4398860.340332	10.736085	-0.772019	10.708292	1543370774.954146	1.507495	1.682134	2.029495
1.660643	470926.489440	4398861.592214	10.705047	-0.959211	10.661986	1543370775.052855	1.932676	1.553334	1.686088
1.649724	470926.529119	4398862.820051	10.617901	-0.836644	10.584888	1543370775.144712	2.289948	1.660090	1.678280
1.659372	470926.343418	4398863.918096	10.502784	-0.928526	10.461659	1543370775.248867	2.332249	1.660437	1.950334
1.661102	470926.387534	4398864.567690	10.640419	-0.959884	10.597034	1543370775.352279	1.411031	1.811511	1.970972
1.654700	470926.176958	4398865.674262	10.553592	-0.885476	10.516379	1543370775.451092	1.597617	1.708825	1.609189
1.654164	470926.123703	4398866.710789	10.514963	-0.876035	10.478407	1543370775.547917	1.602764	1.698887	1.956876
1.663468	470926.067984	4398867.770605	10.697436	-0.989573	10.651567	1543370775.650015	1.488833	1.891212	1.983279
1.649485	470925.940599	4398868.822901	10.655787	-0.838938	10.622710	1543370775.748258	1.501122	1.701432	1.943638
1.658429	470925.792685	4398870.309464	10.669923	-0.933445	10.629014	1543370775.852109	2.373719	1.775982	1.925666
1.648550	470925.735403	4398871.375734	10.686781	-0.830489	10.654463	1543370775.944798	2.365633	1.782944	1.913562
1.649734	470925.680981	4398872.445733	10.707300	-0.843966	10.673986	1543370776.049224	2.352708	1.595366	1.955318
1.677769	470925.481125	4398874.094852	10.702187	-1.142563	10.641023	1543370776.250810	1.469103	1.702489	1.897294
1.659567	470925.403987	4398875.133483	10.690129	-0.949033	10.647920	1543370776.350024	1.526479	1.685278	1.895483
1.655785	470925.310531	4398876.276199	10.730547	-0.911426	10.691770	1543370776.453063	1.657741	1.672832	1.888155
1.641640	470925.299807	4398877.331656	10.544979	-0.747056	10.518483	1543370776.553082	1.435436	1.827244	1.878029
1.652751	470925.134575	4398878.414502	10.545456	-0.862735	10.510106	1543370776.652119	1.501938	1.715967	1.870589
1.665088	470925.043195	4398879.457888	10.688377	-1.005517	10.640974	1543370776.748582	1.467058	1.797956	1.866855
1.646969	470924.990860	4398880.522752	10.604993	-0.807457	10.574209	1543370776.849968	1.671516	1.704089	1.853350
1.644434	470924.870749	4398881.612826	10.629088	-0.781608	10.600311	1543370776.949990	1.544655	1.696842	1.832302
1.658251	470924.740914	4398882.983652	10.708734	-0.934342	10.667895	1543370777.053977	2.123657	1.630768	1.825646
1.646441	470924.742376	4398884.093539	10.726984	-0.811227	10.696265	1543370777.149544	2.257154	1.816915	1.828882
1.656041	470924.542829	4398885.780985	10.686485	-0.908632	10.647786	1543370777.355154	1.564146	1.862830	1.809760
1.647499	470924.419980	4398887.349865	10.813557	-0.828766	10.781752	1543370777.453082	2.352235	1.771779	1.804503
1.650193	470924.397895	4398887.948234	10.829274	-0.858534	10.795189	1543370777.556050	1.589720	1.676641	1.783254
1.637973	470924.322306	4398889.087656	10.977161	-0.737480	10.952360	1543370777.650882	1.586156	1.662726	1.780661
1.640990	470924.199108	4398890.291286	10.956563	-0.768721	10.929563	1543370777.756755	1.830435	1.586404	1.800576
1.645057	470924.106095	4398891.544082	10.863425	-0.806243	10.833466	1543370777.850751	2.221615	1.764309	1.774927
1.648118	470924.031049	4398892.590417	10.809894	-0.835205	10.777580	1543370777.954785	2.182277	1.646362	1.784575
1.659720	470923.996553	4398893.348647	10.810445	-0.959749	10.767757	1543370778.054571	1.526168	1.801581	2.065062
1.645880	470923.860444	4398894.450934	10.810801	-0.812150	10.780252	1543370778.148207	1.630063	1.632821	2.033560
1.635269	470923.814728	4398895.462470	10.776247	-0.695189	10.753799	1543370778.250822	1.536736	1.693436	2.042308
1.650397	470923.672123	4398896.540380	10.761330	-0.854697	10.727335	1543370778.361569	1.565803	1.715789	2.074048
1.637392	470923.635677	4398897.862989	10.740901	-0.714936	10.717081	1543370778.453293	2.067828	1.772078	1.725218
1.636586	470923.546614	4398899.057892	10.720316	-0.704411	10.697148	1543370778.556915	2.327955	1.646592	1.717898
1.648735	470923.476713	4398900.089790	10.695565	-0.831852	10.663167	1543370778.652358	2.264313	1.761907	1.710395
1.645425	470923.413112	4398901.140853	10.683111	-0.796713	10.653361	1543370778.747869	2.233107	1.753797	1.706039
1.647573	470923.281093	4398902.079690	10.679899	-0.818945	10.648454	1543370778.850183	2.033372	1.747904	1.696188
1.646847	470923.238609	4398902.921349	10.731291	-0.815470	10.700262	1543370778.958622	1.538079	1.591309	2.047368
1.652454	470923.194628	4398904.012203	10.731023	-0.875193	10.695274	1543370779.058820	1.567381	1.817565	1.979800
1.645840	470923.124881	4398905.413778	10.753365	-0.806932	10.723046	1543370779.164881	2.205715	1.714921	1.681226
1.649690	470923.008846	4398906.109307	10.637468	-0.838389	10.604378	1543370779.254550	1.560112	1.626185	1.875549
1.638914	470922.911752	4398908.225999	10.625505	-0.723520	10.600843	1543370779.450219	1.531899	1.761884	1.864543
1.652328	470922.762084	4398909.311413	10.693275	-0.870010	10.657824	1543370779.555254	1.552695	1.604250	1.875371
1.650779	470922.574500	4398910.670872	10.690324	-0.854606	10.656110	1543370779.651483	2.318260	1.636234	1.639877
1.652121	470922.511707	4398911.650161	10.753637	-0.873305	10.718118	1543370779.758632	2.029080	1.749920	1.922214
1.641688	470922.498107	4398912.901834	10.798536	-0.765081	10.771399	1543370779.851686	2.315646	1.741763	1.844785
1.648065	470922.352151	4398915.031468	10.778097	-0.831247	10.745995	1543370780.054926	2.288992	1.678438	1.867814
1.655800	470922.242188	4398916.028321	10.755976	-0.913068	10.717151	1543370780.166723	2.190585	1.764719	1.853878
1.640862	470922.165702	4398917.143946	10.742000	-0.753236	10.715559	1543370780.254777	2.228067	1.755841	1.845217
1.658697	470922.018761	4398918.262272	10.757062	-0.943685	10.715589	1543370780.358328	2.313981	1.692582	1.841860
1.653632	470921.949577	4398919.321743	10.786877	-0.892761	10.749869	1543370780.450289	2.263101	1.683694	1.803555
1.658167	470921.907566	4398920.502194	10.760119	-0.938818	10.719085	1543370780.551730	2.478418	1.729389	1.796186
1.655307	470921.694279	4398922.208423	10.609174	-0.896213	10.571252	1543370780.759396	1.624390	1.817409	1.835377
1.649775	470921.629355	4398923.220314	10.589101	-0.835601	10.556080	1543370780.849995	1.568694	1.821130	1.821730
1.662216	470921.468125	4398924.224573	10.516286	-0.959326	10.472438	1543370780.958620	1.646939	1.726666	1.997982
1.650848	470921.408266	4398925.659203	10.651953	-0.852251	10.617805	1543370781.056057	2.235926	1.687564	2.083278
1.650405	470921.314731	4398926.751204	10.705671	-0.851332	10.671768	1543370781.159063	2.262041	1.625975	1.741920
1.640161	470921.304403	4398927.437637	10.769112	-0.746818	10.743186	1543370781.252306	1.507845	1.728913	1.734036
1.646569	470921.178076	4398928.829813	10.777275	-0.815569	10.746371	1543370781.357368	2.221889	1.819604	1.997308
1.655269	470921.113017	4398929.897727	10.613562	-0.895620	10.575706	1543370781.456849	2.256429	1.803638	1.984405
1.659186	470920.972550	4398930.933763	10.659783	-0.941569	10.618117	1543370781.559928	2.196426	1.779729	1.969905
1.643292	470920.850074	4398933.058311	10.578891	-0.766862	10.551060	1543370781.759166	2.164940	1.753438	1.957666
1.654263	470920.796532	4398933.757102	10.531586	-0.877308	10.494982	1543370781.851002	1.456288	1.701458	1.685895
1.649580	470920.663459	4398935.202826	10.524365	-0.828380	10.491714	1543370781.961408	2.237216	1.672000	1.937660
1.657179	470920.497589	4398936.726367	10.526318	-0.907467	10.487129	1543370782.055317	3.189608	1.812711	1.926898
1.650614	470920.442688	4398936.995211	10.601862	-0.845237	10.568115	1543370782.149848	1.594890	1.686651	1.914731
1.649735	470920.298879	4398939.335141	10.619120	-0.836961	10.586085	1543370782.355141	2.047248	1.706339	1.895987
1.645985	470920.189386	4398940.948060	10.628466	-0.798161	10.598454	1543370782.449160	3.150030	1.767850	1.884677
1.666941	470919.958274	4398943.059252	10.432159	-1.001114	10.384012	1543370782.650910	3.387717	1.760054	1.846919
1.656618	470919.966894	4398943.369481	10.552131	-0.905120	10.513241	1543370782.760955	1.634705	1.847323	1.905293
1.653279	470919.919504	4398944.397904	10.684007	-0.880580	10.647656	1543370782.850262	1.565170	1.774765	1.888049
1.650854	470919.733002	4398946.267350	10.507548	-0.840801	10.473854	1543370782.956290	3.311923	1.837312	2.069286
1.646786	470919.725845	4398946.485431	10.691616	-0.811979	10.660738	1543370783.053577	1.524814	1.703442	2.040170
1.652210	470919.548789	4398948.386039	10.495510	-0.853477	10.460751	1543370783.156496	3.334009	1.809353	2.047387
1.655171	470919.484142	4398949.479882	10.497105	-0.884752	10.459753	1543370783.254566	3.190557	1.836945	1.776711
1.647756	470919.413366	4398950.538171	10.515669	-0.809205	10.484488	1543370783.360229	3.198320	1.837768	1.786042
1.652277	470919.308222	4398951.552440	10.421144	-0.848195	10.386569	1543370783.450513	3.347368	1.758620	2.022240
1.656841	470919.239967	4398951.778093	10.597235	-0.910578	10.558042	1543370783.555930	1.456522	1.778651	2.068622
1.652521	470919.182049	4398952.847022	10.611233	-0.866675	10.575781	1543370783.651553	1.459885	1.710695	2.060374
1.652724	470919.120605	4398953.888084	10.545856	-0.863384	10.510454	1543370783.761911	1.508630	1.756472	2.023175
1.646721	470919.023905	4398954.976094	10.488793	-0.795995	10.458546	1543370783.854779	1.615402	1.746262	1.981539
1.650263	470918.853413	4398956.861073	10.539800	-0.836461	10.506556	1543370783.965619	3.268171	1.711787	1.986334
1.659378	470918.767855	4398957.969129	10.565292	-0.934218	10.523908	1543370784.053730	3.229772	1.754984	2.023720
1.646981	470918.719830	4398959.036858	10.680132	-0.813350	10.649117	1543370784.162250	3.226427	1.759758	2.036815
1.649360	470918.710537	4398959.213785	10.635317	-0.834126	10.602556	1543370784.252979	1.476832	1.779409	1.944020
1.649098	470918.598109	4398960.301136	10.659822	-0.833092	10.627218	1543370784.357790	1.515869	1.784926	1.932139
1.651505	470918.431576	4398961.973425	10.902599	-0.878328	10.867162	1543370784.451165	2.739000	1.772451	2.056145
1.650115	470918.430084	4398962.465299	10.738584	-0.850740	10.704832	1543370784.556688	1.586961	1.768519	1.918130
1.649908	470918.296423	4398964.091587	10.706825	-0.846017	10.673348	1543370784.656964	2.722158	1.762587	2.055965
1.651904	470918.244772	4398964.559801	10.783808	-0.873448	10.748377	1543370784.762848	1.690503	1.738359	2.072710
1.645336	470918.162826	4398966.172781	10.556166	-0.786397	10.526834	1543370784.858079	2.829455	1.779362	2.055481
1.644847	470918.154649	4398966.641885	10.642459	-0.787334	10.613296	1543370784.958740	1.453159	1.828573	2.004890
1.642178	470918.693731	4398968.371025	10.940078	-0.780597	10.912194	1543370785.059339	3.821801	3.274264	1.975044
1.654245	470917.921122	4398969.188762	10.722989	-0.893227	10.685721	1543370785.160130	2.281267	1.820593	1.994853
1.652749	470917.751749	4398970.692598	10.560814	-0.864934	10.525335	1543370785.259813	3.279639	1.836728	2.050132
1.647196	470917.762581	4398971.757582	10.566931	-0.807070	10.536065	1543370785.359619	3.189139	1.957140	1.865601
1.660722	470917.551926	4398972.838556	10.580756	-0.949753	10.538044	1543370785.459926	3.223433	1.957581	1.864004
1.651177	470917.384980	4398974.941714	10.412883	-0.836246	10.379250	1543370785.655496	3.254590	1.959497	2.032561
1.657480	470917.363909	4398975.562279	10.324616	-0.893554	10.285876	1543370785.760027	2.469314	1.829381	1.994140
1.654968	470917.221449	4398977.006640	10.271892	-0.863706	10.235516	1543370785.857059	3.341467	1.808869	1.966325
1.650451	470917.259327	4398977.206713	10.303115	-0.819939	10.270437	1543370785.960138	1.487277	1.858167	1.990030
1.652256	470917.065429	4398979.136135	10.514554	-0.855425	10.479699	1543370786.060663	3.167659	1.849819	2.032599
1.650736	470916.951214	4398980.230537	10.567012	-0.843871	10.533263	1543370786.157445	3.246059	2.112439	2.056372
1.654470	470916.870604	4398981.281486	10.029514	-0.838061	9.994439	1543370786.258018	3.214812	2.100357	2.039616
1.643730	470916.853337	4398982.339394	10.107549	-0.737060	10.080639	1543370786.360194	3.225144	1.785097	2.029446
1.651497	470916.753660	4398983.367506	10.189014	-0.820911	10.155890	1543370786.449574	3.209677	1.967080	1.980549
1.650283	470916.703445	4398983.664134	10.283904	-0.816563	10.251434	1543370786.555853	1.709070	1.784573	1.939767
1.646377	470916.652866	4398984.676483	10.543778	-0.796276	10.513667	1543370786.651879	1.620208	1.786343	1.832223
1.656991	470916.350150	4398987.552210	10.491311	-0.903249	10.452356	1543370786.852413	3.286183	1.748159	1.880051
1.645658	470916.316214	4398988.633799	10.335523	-0.773586	10.306532	1543370786.955897	3.164020	1.870904	1.917318
1.643349	470916.216606	4398989.697837	10.290357	-0.745977	10.263283	1543370787.056159	3.264803	1.836452	2.034351
1.645402	470916.114121	4398990.793733	10.642314	-0.793071	10.612722	1543370787.159384	3.240660	2.030936	1.943728
1.645684	470916.054893	4398991.831528	10.629052	-0.795167	10.599267	1543370787.250379	3.266009	1.808184	2.054073
1.647103	470915.969577	4398992.847207	10.591558	-0.807355	10.560742	1543370787.363015	3.211384	1.888514	2.051848
1.653472	470915.875652	4398993.911067	10.514288	-0.867992	10.478399	1543370787.452090	3.167303	1.941831	1.900413
1.654120	470915.724225	4398996.017611	10.499225	-0.873774	10.462803	1543370787.651103	3.271906	2.064680	2.002002
1.657331	470915.634882	4398997.061791	10.495713	-0.907065	10.456444	1543370787.759809	3.238065	2.051732	2.007572
1.652924	470915.530264	4398998.140687	10.434217	-0.856347	10.399017	1543370787.851862	3.253004	1.807465	1.994008
1.648282	470915.449845	4398999.179441	10.407739	-0.805888	10.376492	1543370787.956738	3.214452	1.784858	1.996544
1.664326	470915.317392	4399000.240513	10.611715	-0.990112	10.565424	1543370788.053168	3.223961	1.731177	2.020519
1.652416	470915.284718	4399001.273341	10.666785	-0.870080	10.631240	1543370788.157496	3.116340	1.858737	2.033754
1.649830	470915.228275	4399002.351107	10.673347	-0.842708	10.640027	1543370788.254451	3.153456	1.989822	2.033154
1.644637	470915.086823	4399003.392173	10.495065	-0.774493	10.466449	1543370788.360038	3.120359	1.756786	2.015569
1.653193	470915.012439	4399004.479579	10.476533	-0.861832	10.441024	1543370788.451213	3.238553	1.897831	1.986390
1.639090	470914.969783	4399005.518979	10.450173	-0.713878	10.425761	1543370788.555315	3.265978	2.004587	1.954452
1.632095	470914.869679	4399007.655829	10.603574	-0.650970	10.583573	1543370788.758321	3.258488	1.941184	1.931664
1.640334	470914.733963	4399008.735264	10.581010	-0.734839	10.555462	1543370788.861298	3.212534	1.886288	1.973520
1.656139	470914.570186	4399010.788396	10.432260	-0.888678	10.394340	1543370789.058577	3.276925	2.088107	2.002631
1.641425	470914.492051	4399011.849783	10.441617	-0.737864	10.415514	1543370789.161927	3.334734	1.940189	1.984596
1.645542	470914.378321	4399012.878585	10.404169	-0.776631	10.375142	1543370789.258386	3.262872	1.929972	1.979096
1.654390	470914.332765	4399014.026882	10.678009	-0.890839	10.640784	1543370789.357392	3.298943	1.973891	1.990233
1.652794	470914.265217	4399015.064124	10.664012	-0.873120	10.628208	1543370789.457691	3.265588	2.050246	1.988446
1.655614	470914.166325	4399016.137130	10.670918	-0.903438	10.632605	1543370789.558028	3.280153	2.043556	1.983038
1.654800	470914.034353	4399017.216657	10.661169	-0.894298	10.623594	1543370789.658107	3.320502	2.035036	1.985964
1.653808	470914.040366	4399018.281962	10.501240	-0.870719	10.465079	1543370789.757258	3.318450	2.024590	1.981251
1.658304	470913.858744	4399019.287037	10.475405	-0.915314	10.435340	1543370789.857908	3.226738	2.014655	1.960648
1.651765	470913.787035	4399020.321517	10.663079	-0.863014	10.628098	1543370789.958372	3.239438	1.882377	1.941333
1.654627	470913.710881	4399021.409401	10.745076	-0.899655	10.707347	1543370790.059790	3.230051	1.904644	1.938819
1.651745	470913.619248	4399022.502822	10.730378	-0.867892	10.695222	1543370790.160814	3.280297	1.993116	1.965175
1.653893	470913.508729	4399023.545433	10.642609	-0.883455	10.605877	1543370790.260012	3.237585	1.807793	1.984514
1.647168	470913.403113	4399024.627118	10.673545	-0.815149	10.642373	1543370790.358141	3.316676	2.058470	1.993169
1.645401	470913.351562	4399025.693011	10.673833	-0.796050	10.644107	1543370790.460043	3.332374	1.833800	2.003309
1.653864	470913.279315	4399026.731006	10.469273	-0.868034	10.433226	1543370790.553870	3.253964	2.046128	2.004065
1.654393	470913.154632	4399027.792365	10.697985	-0.892988	10.660650	1543370790.660179	3.270420	2.037507	1.997169
1.664209	470913.120525	4399028.836963	10.414247	-0.970836	10.368896	1543370790.758597	3.267361	2.031616	1.997401
1.654816	470912.993463	4399029.884800	10.676543	-0.896462	10.638841	1543370790.859027	3.262408	1.804302	1.994607
1.650986	470912.882648	4399030.945618	10.681510	-0.855665	10.647182	1543370790.957483	3.270391	2.061378	1.977289
1.653076	470912.883214	4399031.979475	10.645473	-0.874520	10.609491	1543370791.062314	3.219570	1.951965	1.947156
1.650941	470912.729104	4399033.038803	10.514975	-0.841862	10.481219	1543370791.160401	3.240378	2.051913	1.934471
1.654978	470912.718811	4399034.090064	10.485367	-0.881450	10.448252	1543370791.258426	3.227517	1.964224	1.946990
1.654510	470912.620109	4399035.175013	10.457466	-0.874485	10.420838	1543370791.358278	3.413318	1.952355	1.982584
1.651736	470912.492794	4399036.252167	10.426349	-0.843107	10.392205	1543370791.459234	3.442500	1.817826	1.989852
1.648758	470912.434030	4399037.213718	10.688703	-0.832553	10.656229	1543370791.557763	3.246797	1.908100	1.977154
1.656239	470912.272763	4399039.324630	10.765123	-0.918276	10.725886	1543370791.758367	3.365469	1.941908	1.985980
1.657007	470912.197762	4399040.444710	10.751984	-0.925929	10.712041	1543370791.857303	3.466243	1.975717	1.984739
1.661869	470912.094078	4399041.510826	10.742534	-0.977031	10.698011	1543370791.960110	3.421818	1.936028	1.994881
1.659618	470911.935767	4399042.498104	10.614324	-0.941914	10.572449	1543370792.059432	3.298573	1.969379	2.005308
1.656085	470911.887174	4399043.563317	10.525277	-0.896837	10.486999	1543370792.159324	3.355336	1.939387	1.992256
1.657882	470911.798130	4399044.693377	10.484001	-0.911695	10.444285	1543370792.258284	3.441127	1.922156	1.981208
1.665561	470911.732725	4399045.680394	10.503893	-0.993495	10.456803	1543370792.363235	3.351343	1.982883	1.982590
1.654997	470911.559010	4399046.724632	10.429596	-0.877612	10.392607	1543370792.457529	3.395423	1.878824	2.009418
1.664237	470911.448373	4399047.784457	10.475020	-0.977034	10.429355	1543370792.553127	3.338569	1.999354	2.037571
1.663056	470911.390021	4399048.895917	10.717885	-0.987557	10.672291	1543370792.656476	3.313213	1.959170	2.056968
1.654940	470911.291437	4399049.954952	10.693037	-0.899266	10.655156	1543370792.758101	3.367497	2.073987	2.054209
1.655903	470911.213744	4399050.982623	10.706471	-0.910008	10.667727	1543370792.859780	3.276235	1.937548	2.032320
1.649487	470911.143659	4399052.045798	10.703480	-0.841654	10.670338	1543370792.957561	3.393286	1.902079	1.990767
1.651785	470911.023624	4399053.124564	10.719279	-0.866992	10.684159	1543370793.058958	3.418817	1.936257	1.964268
1.663566	470910.871320	4399054.139629	10.692438	-0.989871	10.646520	1543370793.163182	3.302604	1.866344	1.993918
1.657677	470910.800942	4399055.211000	10.700120	-0.928911	10.659723	1543370793.259551	3.258582	1.858729	2.013853
1.648107	470910.758807	4399056.284915	10.693764	-0.826573	10.661771	1543370793.356937	3.372616	1.857421	2.007323
1.651863	470910.647645	4399057.331841	10.692487	-0.865934	10.657366	1543370793.465694	3.354667	1.932337	2.001012
1.651662	470910.613961	4399058.382172	10.715284	-0.865786	10.680249	1543370793.555492	3.301347	1.891089	2.000726
1.654603	470910.492468	4399059.458511	10.618703	-0.888708	10.581449	1543370793.658465	3.328179	1.926659	2.002089
1.658855	470910.372692	4399060.496554	10.665951	-0.937474	10.624672	1543370793.757350	3.321559	1.967605	2.004383
1.652999	470910.316157	4399061.582985	10.726772	-0.880664	10.690559	1543370793.859885	3.283787	1.937626	2.016851
1.653516	470910.219083	4399062.572029	10.610081	-0.876385	10.573825	1543370793.959378	3.321746	1.843845	2.017826
1.650086	470910.133120	4399063.648869	10.569472	-0.837266	10.536258	1543370794.058011	3.328285	2.001039	2.025300
1.651603	470910.073453	4399064.719255	10.660840	-0.860331	10.626069	1543370794.159528	3.339757	1.971673	2.015954
1.659804	470909.957267	4399065.806523	10.627066	-0.944088	10.585048	1543370794.260139	3.288697	1.929479	2.008291
1.657172	470909.874312	4399066.801842	10.556735	-0.910655	10.517384	1543370794.359271	3.297177	1.899898	2.009556
1.655334	470909.807353	4399067.930107	10.541776	-0.890315	10.504112	1543370794.460668	3.342476	1.918272	2.020668
1.652586	470909.702809	4399068.971749	10.595444	-0.865896	10.560002	1543370794.561054	3.343277	2.035029	2.029670
1.657947	470909.480447	4399071.048477	10.483601	-0.912421	10.443820	1543370794.757174	3.341108	1.909744	1.984783
1.648365	470909.398944	4399072.102266	10.511048	-0.814887	10.479413	1543370794.859155	3.309865	1.987112	1.937999
1.650666	470909.314894	4399073.200308	10.450122	-0.833806	10.416804	1543370794.956461	3.440562	2.105718	1.939472
1.661695	470909.243849	4399074.265164	10.536456	-0.956054	10.492991	1543370795.061080	3.334135	1.907235	1.989378
1.653599	470909.154415	4399075.330885	10.582026	-0.875958	10.545709	1543370795.160825	3.327993	2.105206	2.032101
1.644969	470909.108862	4399076.399526	10.612257	-0.786905	10.583042	1543370795.257295	3.324674	2.026913	2.036168
1.653543	470908.977314	4399077.430640	10.557473	-0.872221	10.521381	1543370795.370361	3.315560	2.025043	2.021299
1.653460	470908.897555	4399078.507369	10.613605	-0.876467	10.577354	1543370795.460591	3.331139	1.946523	2.024372
1.645879	470908.880689	4399079.579037	10.711736	-0.804128	10.681511	1543370795.568125	3.297649	1.945565	2.045605
1.649221	470908.737189	4399080.618643	10.691968	-0.837382	10.659126	1543370795.658076	3.270059	2.059296	2.052989
1.656315	470908.675415	4399081.663022	10.681880	-0.911820	10.642892	1543370795.773746	3.322811	2.020995	2.026001
1.655402	470908.549204	4399082.693993	10.516094	-0.888495	10.478493	1543370795.859459	3.327947	1.897027	1.994905
1.644893	470908.474288	4399083.774690	10.624381	-0.787217	10.595177	1543370795.971166	3.320894	1.912162	2.010046
1.643057	470908.392883	4399084.847096	10.644667	-0.768563	10.616885	1543370796.061377	3.291486	2.094317	2.041538
1.648459	470908.362318	4399085.889395	10.579579	-0.820077	10.547747	1543370796.171162	3.300638	1.981208	2.035636
1.649307	470908.143421	4399087.952077	10.613547	-0.832422	10.580853	1543370796.360279	3.288971	2.015851	1.985001
1.651167	470908.036916	4399089.016264	10.608019	-0.851562	10.573784	1543370796.459097	3.314497	1.897434	1.986575
1.644815	470907.934819	4399090.094321	10.644058	-0.787193	10.614909	1543370796.556298	3.340922	2.015268	2.010097
1.642770	470907.831208	4399092.203876	10.595024	-0.761964	10.567590	1543370796.760612	3.340709	1.978230	2.024304
1.647056	470907.742181	4399093.223660	10.563115	-0.804832	10.532410	1543370796.861450	3.288723	1.937102	2.009956
1.646514	470907.700428	4399094.266598	10.543339	-0.797850	10.513107	1543370796.957936	3.275435	1.855160	2.004078
1.639214	470907.631172	4399095.324856	10.526835	-0.720333	10.502160	1543370797.057338	3.312986	1.940206	1.994728
1.648618	470907.515109	4399096.425101	10.600617	-0.823762	10.568562	1543370797.157909	3.353581	1.936272	1.997043
1.642992	470907.464876	4399097.508567	10.633962	-0.767415	10.606236	1543370797.259333	3.382990	1.827505	1.984500
1.647565	470907.350625	4399098.481982	10.663182	-0.817628	10.631789	1543370797.362492	3.313079	1.900289	1.992896
1.641774	470907.293387	4399099.566027	10.712902	-0.759972	10.685912	1543370797.457124	3.314107	1.898016	2.008216
1.645139	470907.254511	4399100.620579	10.660668	-0.791597	10.631238	1543370797.560747	3.352015	1.977739	2.023576
1.639313	470907.132782	4399101.704069	10.735388	-0.735192	10.710184	1543370797.661105	3.281988	2.094714	2.043561
1.640976	470907.087597	4399102.778499	10.741366	-0.753146	10.714930	1543370797.756986	3.274323	2.094922	2.062636
1.641887	470906.977557	4399103.859116	10.776373	-0.765408	10.749157	1543370797.857316	3.354646	2.054488	2.052026
1.637065	470906.915386	4399104.854540	10.622946	-0.703757	10.599608	1543370797.963353	3.277449	1.977592	2.036245
1.642084	470906.845030	4399106.011992	10.562559	-0.752097	10.535748	1543370798.058969	3.515238	2.102087	2.026125
1.640634	470906.789640	4399106.978217	10.563135	-0.737174	10.537381	1543370798.159637	3.377943	2.018463	2.019935
1.645308	470906.702008	4399108.022120	10.572653	-0.786808	10.543336	1543370798.258056	3.343964	2.095747	2.024233
1.646284	470906.605517	4399109.088893	10.674500	-0.805012	10.644102	1543370798.359001	3.368062	2.094774	2.017122
1.647298	470906.553817	4399110.137973	10.635673	-0.812789	10.604570	1543370798.459359	3.354417	1.942071	2.011064
1.647461	470906.446508	4399111.172842	10.612285	-0.812751	10.581117	1543370798.563751	3.315591	1.976047	2.008474
1.647364	470906.339815	4399112.236454	10.637191	-0.813562	10.606033	1543370798.658812	3.315316	1.937940	2.012702
1.655682	470906.249682	4399113.300041	10.669104	-0.904034	10.630733	1543370798.757029	3.311876	1.978323	2.013533
1.650857	470906.033031	4399116.467588	10.664977	-0.852988	10.630811	1543370799.059328	3.260128	1.975156	2.031140
1.651675	470905.936331	4399117.552314	10.679569	-0.862760	10.644663	1543370799.160565	3.300590	2.015943	2.025198
1.653342	470905.863319	4399118.614461	10.692349	-0.881541	10.655948	1543370799.265152	3.288349	2.092260	2.032995
1.649883	470905.633994	4399120.763540	10.681208	-0.844288	10.647788	1543370799.459433	3.325809	2.088939	2.058172
1.658578	470905.582278	4399121.845101	10.674983	-0.935656	10.633899	1543370799.555988	3.349385	2.088832	2.053270
1.659998	470905.441629	4399122.856581	10.690159	-0.952569	10.647635	1543370799.658595	3.248623	2.087105	2.060656
1.648697	470905.386227	4399124.067634	10.542812	-0.821250	10.510777	1543370799.757190	3.547885	2.098557	2.070623
1.651185	470905.327927	4399124.976432	10.555476	-0.847645	10.521386	1543370799.862080	3.238008	1.906362	2.073531
1.650780	470905.229957	4399126.036915	10.922635	-0.872903	10.887699	1543370799.961278	3.280263	2.082340	2.037665
1.657694	470905.055640	4399128.146999	10.767430	-0.934039	10.726841	1543370800.159387	3.332809	2.005234	2.020252
1.657605	470904.925404	4399129.178472	10.652266	-0.923323	10.612174	1543370800.258712	3.262773	2.076777	2.057676
1.653063	470904.860679	4399130.234074	10.699996	-0.879358	10.663800	1543370800.359630	3.244458	1.999500	2.064415
1.649956	470904.656520	4399132.365852	10.771444	-0.851909	10.737702	1543370800.556731	3.358637	2.069980	2.036793
1.653575	470904.636557	4399133.379784	10.708228	-0.884727	10.671617	1543370800.659276	3.265891	1.931005	2.031502
1.652839	470904.547731	4399134.472963	10.726177	-0.878913	10.690107	1543370800.765964	3.295837	2.064068	2.047506
1.651554	470904.412160	4399135.554910	10.627494	-0.857349	10.592855	1543370800.857959	3.314386	2.061397	2.048228
1.645494	470904.347343	4399136.591474	11.012044	-0.822447	10.981288	1543370800.959751	3.299259	2.059705	2.035825
1.650521	470904.177479	4399138.688693	10.775181	-0.857538	10.741003	1543370801.158605	3.290768	1.795014	2.022498
1.653135	470904.098736	4399139.736783	10.722498	-0.881427	10.686209	1543370801.259962	3.310302	1.978632	1.989992
1.649532	470903.973575	4399140.822881	10.354318	-0.814525	10.322231	1543370801.355996	3.433859	1.931268	1.944638
1.646826	470903.977589	4399141.830496	10.721852	-0.814756	10.690850	1543370801.461028	3.317342	2.081595	2.039382
1.648339	470903.941236	4399142.863651	10.559121	-0.818180	10.527374	1543370801.553579	3.344836	1.976727	2.020071
1.645828	470903.836896	4399143.950885	10.689370	-0.801721	10.659263	1543370801.662253	3.319849	1.978836	2.038263
1.648515	470903.700721	4399145.040289	10.442941	-0.810709	10.411425	1543370801.761660	3.326313	1.901844	1.956720
1.654769	470903.607170	4399146.075952	10.410913	-0.872886	10.374255	1543370801.859736	3.311916	2.018604	2.001004
1.648397	470903.527017	4399147.128822	10.360221	-0.803465	10.329019	1543370801.960724	3.358888	1.983976	2.000711
1.659563	470903.438138	4399148.126770	10.331892	-0.915346	10.291265	1543370802.059488	3.309059	2.090047	1.993986
1.653775	470903.370111	4399149.103401	10.062069	-0.834170	10.027432	1543370802.170848	3.315280	1.975975	1.991213
1.653746	470903.304765	4399149.984240	9.782779	-0.810558	9.749142	1543370802.260056	3.357568	2.037387	1.994567
1.656961	470903.220285	4399150.807196	8.982177	-0.772801	8.948871	1543370802.374515	3.253341	2.154324	1.985554
1.646208	470903.159077	4399151.591630	8.205061	-0.618658	8.181705	1543370802.460190	3.320476	1.965061	1.968432
1.647720	470903.127318	4399152.284240	7.158945	-0.549996	7.137787	1543370802.572069	3.394504	2.047142	1.973011
1.649161	470902.996770	4399152.942885	6.633525	-0.519384	6.613161	1543370802.657231	3.315894	2.123058	1.975947
1.639510	470903.022084	4399153.492806	5.854476	-0.448924	5.837239	1543370802.767238	3.273918	2.009480	1.968653
1.695840	470902.925439	4399153.950137	5.328763	-0.433925	5.311066	1543370802.858701	3.354886	2.015124	1.955122
1.654180	470902.984614	4399154.342582	4.245318	-0.343049	4.231435	1543370802.969573	3.471787	1.944902	2.071099
1.704456	470902.988733	4399154.663617	3.418678	-0.291544	3.406224	1543370803.060408	3.331215	2.098344	2.073318
1.657156	470902.945296	4399154.862367	3.415048	-0.296080	3.402189	1543370803.170669	3.301971	2.000646	2.048371
1.666481	470902.926750	4399155.115301	3.415676	-0.305732	3.401966	1543370803.257989	3.364305	2.009698	2.009128
1.736107	470902.934500	4399155.225797	4.568741	-0.422952	4.549121	1543370803.372697	3.508705	2.174152	2.035333
1.708263	470902.887379	4399155.298221	3.863767	-0.368175	3.846185	1543370803.459796	3.407081	2.041405	1.999339
1.630473	470902.852122	4399155.541871	3.387713	-0.292884	3.375029	1543370803.568628	3.666238	1.897753	2.003555
1.654051	470902.857583	4399155.572029	2.724487	-0.232700	2.714531	1543370803.659666	3.650846	1.961115	1.975081
1.675060	470902.856720	4399155.420400	2.070488	-0.175337	2.063050	1543370803.773629	3.318940	2.005953	2.039997
1.645517	470902.798104	4399155.490084	1.425819	-0.115812	1.421108	1543370803.860489	3.360586	2.047583	1.993565
1.670629	470902.871803	4399155.633479	1.039018	-0.086277	1.035430	1543370803.973701	3.616673	2.068617	2.062892
1.703854	470902.870804	4399155.593072	0.693789	-0.068913	0.690358	1543370804.059805	3.324363	2.079437	2.055893
1.670540	470902.820245	4399155.720910	0.387681	-0.041301	0.385475	1543370804.172668	3.615389	2.036646	2.046461
1.657258	470902.838001	4399155.721869	0.000000	0.000000	0.000000	1543370804.378200	3.494778	2.046269	2.040586
1.648202	470902.818617	4399155.711766	0.263382	0.020840	-0.262557	1543370804.463326	3.427967	2.023334	2.050365
1.682355	470902.813359	4399155.890567	0.373399	0.031265	-0.372088	1543370804.571921	3.722475	2.086091	2.060003
1.673946	470902.835157	4399155.772958	0.390724	0.033469	-0.389288	1543370804.657890	3.379486	2.091434	2.067575
1.657482	470902.822915	4399155.907145	0.353111	0.030631	-0.351780	1543370804.772153	3.549356	2.066801	2.069206
1.644678	470902.820532	4399155.939489	0.454888	0.038332	-0.453270	1543370804.973777	3.462324	2.028705	2.030398
1.651648	470902.814989	4399155.899524	0.533638	0.045453	-0.531699	1543370805.060810	3.357053	2.052187	2.035279
1.640075	470902.784533	4399156.050656	0.500122	0.041411	-0.498405	1543370805.171962	3.729614	2.075894	2.038524
1.670520	470902.867772	4399155.927711	0.499685	0.041865	-0.497928	1543370805.260777	3.384124	2.084028	2.065499
1.657979	470902.855550	4399155.941616	0.383243	0.032583	-0.381855	1543370805.372604	3.424424	2.051562	2.036072
1.660444	470902.855041	4399155.940787	0.371093	0.031773	-0.369731	1543370805.459483	3.470642	2.067868	2.124964
1.669293	470902.873197	4399155.938210	0.333123	0.028791	-0.331876	1543370805.576468	3.428325	2.062261	2.128783
1.659848	470902.852785	4399155.957729	0.286424	0.024898	-0.285340	1543370805.660309	3.448679	2.083690	2.126581
1.648932	470902.853150	4399156.078107	0.253154	0.022178	-0.252181	1543370805.771575	3.628207	2.141649	2.124767
1.636719	470902.839129	4399155.937388	0.000000	0.000000	0.000000	1543370805.859911	3.350540	2.062408	2.071877
1.632014	470902.856720	4399156.044480	0.000000	0.000000	0.000000	1543370805.967995	3.569563	2.030578	2.057390
1.633189	470902.835975	4399156.066165	0.000000	0.000000	0.000000	1543370806.060646	3.609013	2.078394	2.067215
1.638269	470902.843460	4399156.099781	0.000000	0.000000	0.000000	1543370806.172573	3.678954	2.025527	2.061601
1.648731	470902.858372	4399155.937532	0.000000	0.000000	0.000000	1543370806.272722	3.340066	2.035233	2.061602
1.653501	470902.844060	4399155.951191	0.000000	0.000000	0.000000	1543370806.371280	3.376335	2.075136	2.062076
1.645026	470902.832944	4399155.961174	0.000000	0.000000	0.000000	1543370806.458086	3.415197	2.075461	2.063150
1.634129	470902.820343	4399155.956302	0.000000	0.000000	0.000000	1543370806.571497	3.409908	2.051563	2.064269
1.635778	470902.817077	4399156.100174	0.000000	0.000000	0.000000	1543370806.768597	3.679861	2.058320	2.064754
