front	position-x	position-y	speed	speed-x	speed-y	timestamp	v-x	v-y	v-z
0.037765	470773.770272	4399211.057590	0.000000	0.000000	0.000000	1543474301.048378	4.058779	2.045774	1.970428
0.034135	470773.821046	4399211.151383	0.000000	0.000000	0.000000	1543474301.154376	3.863843	2.040063	1.969839
0.037543	470773.879191	4399211.070172	0.000000	0.000000	0.000000	1543474301.251708	3.824685	1.870389	1.970910
0.038215	470773.786093	4399211.081333	0.000000	0.000000	0.000000	1543474301.371024	3.998339	1.903474	1.970428
0.038413	470773.972848	4399211.063906	0.000000	0.000000	0.000000	1543474301.453544	3.603825	2.041528	1.970647
0.035676	470773.831856	4399211.089148	0.000000	0.000000	0.000000	1543474301.553761	3.889813	1.915802	1.970973
0.032699	470773.820612	4399211.148942	0.000000	0.000000	0.000000	1543474301.660648	3.845660	2.041744	1.971631
0.036675	470773.744662	4399211.054125	0.261875	0.017465	-0.261291	1543474301.763416	4.045939	2.042362	1.970520
0.036954	470773.953695	4399211.092395	0.000000	0.000000	0.000000	1543474301.860095	3.582226	1.919215	1.970991
0.039197	470773.867838	4399211.075655	0.000000	0.000000	0.000000	1543474301.958909	3.787888	1.881308	1.970888
0.039838	470773.786403	4399211.086961	0.000000	0.000000	0.000000	1543474302.061203	3.921845	1.911255	1.972537
0.047786	470773.947828	4399211.064430	0.000000	0.000000	0.000000	1543474302.168698	3.665606	2.043754	1.979448
0.050150	470773.782989	4399211.144951	0.000000	0.000000	0.000000	1543474302.256764	3.999055	1.852716	1.982335
0.045649	470773.836325	4399211.095971	0.000000	0.000000	0.000000	1543474302.357022	3.956342	1.929001	1.996284
0.045869	470773.782218	4399211.147064	0.000000	0.000000	0.000000	1543474302.453945	4.017360	1.855664	2.010414
0.041735	470773.762440	4399211.139987	0.000000	0.000000	0.000000	1543474302.571029	4.048108	1.798418	2.022899
0.041306	470773.928792	4399211.207199	0.000000	0.000000	0.000000	1543474302.657549	3.770123	1.679688	2.033329
0.044292	470773.833064	4399211.153240	0.000000	0.000000	0.000000	1543474302.751841	3.930970	1.771944	2.035046
0.043684	470773.735440	4399211.111531	0.000000	0.000000	0.000000	1543474302.856892	4.080633	1.865455	1.688706
0.040793	470773.714388	4399211.113082	0.000000	0.000000	0.000000	1543474302.972461	4.106126	1.849437	1.685752
0.038474	470774.145792	4399211.169941	0.000000	0.000000	0.000000	1543474303.068026	3.322203	1.749092	1.683772
0.036481	470773.899117	4399211.095306	0.000000	0.000000	0.000000	1543474303.159721	3.816635	1.826292	1.684171
0.037729	470774.153373	4399211.128635	0.000000	0.000000	0.000000	1543474303.258303	3.308934	1.779661	1.678617
0.041268	470773.787548	4399211.131480	0.000000	0.000000	0.000000	1543474303.373792	4.117882	1.785122	1.667874
0.040617	470773.838817	4399211.116980	0.000000	0.000000	0.000000	1543474303.457670	4.044066	1.873947	1.680993
0.038417	470773.778388	4399211.159734	0.000000	0.000000	0.000000	1543474303.560207	4.125534	1.745219	1.662803
0.037040	470773.903890	4399211.094800	0.000000	0.000000	0.000000	1543474303.653171	3.987316	1.875165	1.889600
0.041062	470773.982317	4399211.092648	0.000000	0.000000	0.000000	1543474303.772402	3.928928	1.808991	1.894887
0.041940	470773.933952	4399211.144577	0.000000	0.000000	0.000000	1543474303.859294	4.100516	1.803984	1.899079
0.041668	470774.115367	4399211.117721	0.000000	0.000000	0.000000	1543474303.957333	3.889931	1.834911	1.903715
0.041075	470774.155421	4399211.116504	0.000000	0.000000	0.000000	1543474304.058485	3.909924	1.847116	1.910700
0.040372	470774.156780	4399211.189835	0.000000	0.000000	0.000000	1543474304.177311	4.064998	1.676840	1.923002
0.041900	470774.336052	4399211.134710	0.000000	0.000000	0.000000	1543474304.261013	3.999072	1.865704	1.924116
0.041164	470774.431661	4399211.122140	0.000000	0.000000	0.000000	1543474304.364665	3.854967	1.854511	1.911345
0.038022	470774.468697	4399211.170711	0.000000	0.000000	0.000000	1543474304.458199	4.015109	1.742839	1.897141
0.035115	470774.637972	4399211.173625	0.272034	0.272031	0.001287	1543474304.573494	3.926176	1.723540	1.891397
0.036140	470774.813711	4399211.178396	0.421864	0.421711	0.011368	1543474304.662293	3.887002	1.728818	1.888038
0.035899	470774.874643	4399211.122537	0.545041	0.465213	-0.283983	1543474304.773558	4.028891	1.863616	1.881444
0.033773	470774.928127	4399211.160311	0.529489	0.496111	-0.185019	1543474304.868020	4.052323	1.805146	1.876773
0.035761	470775.314915	4399211.112181	1.265416	1.252774	-0.178427	1543474304.973004	3.691560	1.890859	1.874946
0.038430	470775.273066	4399211.146802	1.330928	1.325086	-0.124563	1543474305.060143	4.004244	1.840127	1.863491
0.043691	470775.454127	4399211.159382	1.339818	1.339417	0.032745	1543474305.167882	4.006939	1.878920	1.838658
0.040779	470775.683676	4399211.150777	1.423602	1.418788	-0.116973	1543474305.259235	3.902360	1.815348	1.816810
0.037364	470775.800552	4399211.161205	1.114306	1.114305	0.001595	1543474305.371248	3.958642	1.810670	1.908259
0.033968	470776.006303	4399211.123172	1.696619	1.694519	-0.084383	1543474305.457345	3.960682	1.867121	1.906120
0.030524	470776.262582	4399211.201307	1.696933	1.695600	-0.067244	1543474305.561450	3.850152	1.877746	1.900186
0.032070	470776.295693	4399211.131163	0.911672	0.911556	-0.014574	1543474305.658107	4.132401	1.966200	1.895875
0.026495	470776.673455	4399211.238865	1.198867	1.197509	0.057038	1543474305.769606	3.864462	1.836332	1.881920
0.027189	470776.854036	4399211.231753	2.168498	2.166376	0.095894	1543474305.859452	3.895643	1.801226	1.851316
0.028889	470777.112029	4399211.259034	2.163644	2.157299	0.165579	1543474305.964658	3.881297	1.737858	1.839593
0.027815	470777.208389	4399211.192426	2.126894	2.126431	0.044362	1543474306.059860	4.218415	1.937081	1.833888
0.027980	470777.575372	4399211.255722	2.131942	2.131914	-0.010992	1543474306.172398	3.896291	1.819542	1.821228
0.027181	470777.825442	4399211.268358	1.919395	1.918097	0.070589	1543474306.258100	4.012747	1.797242	2.066407
0.029117	470778.161673	4399211.209672	2.116425	2.115535	0.061358	1543474306.358247	3.920990	1.945490	2.046721
0.029207	470778.292570	4399211.206476	2.043189	2.043066	0.022357	1543474306.455886	4.219004	1.969576	2.034011
0.086679	470778.697668	4399211.287163	2.292791	2.284240	0.197829	1543474306.573865	4.028807	2.066716	2.018838
0.117661	470778.971248	4399211.344496	3.472985	3.448977	0.407660	1543474306.656478	4.030344	2.046491	1.980561
0.069930	470779.249538	4399211.309021	2.593073	2.586656	0.182306	1543474306.761086	4.184100	2.100219	2.080182
0.055160	470779.583316	4399211.302069	3.507605	3.502266	0.193451	1543474306.855695	4.105199	2.026220	2.066063
0.131023	470779.969786	4399211.436272	2.683120	2.660318	0.349062	1543474306.973788	3.904459	2.071136	2.063338
0.075665	470780.183388	4399211.438053	4.223683	4.211549	0.319930	1543474307.058648	4.238180	1.890996	2.063302
0.088828	470780.541562	4399211.462248	2.835027	2.823881	0.251142	1543474307.158012	4.091807	1.888615	1.891852
0.080146	470780.763270	4399211.370193	4.221873	4.208321	0.337999	1543474307.253552	4.272542	2.075557	1.907881
0.068405	470781.201057	4399211.445690	2.666531	2.660308	0.182064	1543474307.371854	4.108774	2.004604	1.905467
0.074442	470781.499406	4399211.471046	2.755350	2.747663	0.205665	1543474307.456756	4.206777	2.033469	1.899646
0.075589	470781.981172	4399211.574080	4.557771	4.544754	0.344230	1543474307.556812	3.913150	1.830315	1.972024
0.096009	470782.166477	4399211.511394	5.012055	4.988976	0.480425	1543474307.657932	4.238056	2.134360	2.060414
0.090045	470782.499083	4399211.576826	4.975567	4.955405	0.447468	1543474307.777141	4.302714	1.955059	1.964713
0.083759	470782.877463	4399211.588375	3.110960	3.099980	0.261144	1543474307.859401	4.258970	1.992090	2.044604
0.085676	470783.092344	4399211.612170	2.946292	2.935392	0.253205	1543474307.958822	4.431035	1.932699	2.101894
0.097885	470783.549158	4399211.609705	3.001454	2.986989	0.294309	1543474308.059686	4.282036	2.086233	1.950365
0.074677	470783.927333	4399211.613387	3.168847	3.159923	0.237642	1543474308.174258	4.206491	2.026455	1.974945
0.035530	470784.123826	4399211.630617	3.238731	3.236641	0.116327	1543474308.264832	4.453891	2.008158	1.953443
0.035296	470784.463598	4399211.644336	3.273156	3.271106	0.115837	1543474308.362391	4.462600	2.058879	2.080024
0.050920	470784.905162	4399211.666659	3.288436	3.284165	0.167544	1543474308.458550	4.253314	1.943074	2.044712
0.043301	470785.164330	4399211.689452	3.275597	3.272513	0.142106	1543474308.557981	4.491912	2.012657	2.022637
0.024639	470785.472595	4399211.684662	3.242825	3.241835	0.080103	1543474308.658350	4.595891	1.902415	2.016546
0.020601	470785.959734	4399211.691140	3.331759	3.331056	0.068446	1543474308.762113	4.329162	1.880627	2.037388
0.033990	470786.297418	4399211.683523	3.258777	3.256912	0.110213	1543474308.852960	4.276548	1.977838	2.049348
-0.003596	470786.569001	4399211.702993	3.347985	3.347965	-0.011544	1543474308.962059	4.491431	2.089266	2.065887
0.033438	470786.906806	4399211.696599	3.477682	3.475760	0.115599	1543474309.058984	4.428188	1.979043	2.071191
-0.001574	470787.254210	4399211.754620	3.479021	3.479017	-0.004940	1543474309.155188	4.358277	1.936121	2.082831
0.011527	470787.547842	4399211.826366	3.574621	3.574388	0.040864	1543474309.256023	4.454261	1.819803	2.076467
0.034366	470787.915860	4399211.737067	3.480568	3.478526	0.119210	1543474309.364159	4.404406	2.038191	2.073906
0.015940	470788.232602	4399211.701131	3.280909	3.280487	0.052625	1543474309.461032	4.551291	1.988621	2.074519
0.011395	470788.590784	4399211.707389	3.467681	3.467457	0.039442	1543474309.564316	4.511349	1.997812	2.073390
-3.077550	470788.983593	4399211.719622	3.438749	3.437274	0.100680	1543474309.658358	4.456703	1.986506	2.067302
-3.078924	470789.297552	4399211.781044	3.466528	3.463660	0.140966	1543474309.767767	4.525255	1.930150	2.066170
-3.106917	470789.643450	4399211.739760	3.433587	3.429659	0.164192	1543474309.856013	4.532659	2.008559	2.068905
-3.092423	470790.014360	4399211.735631	3.465455	3.462956	0.131576	1543474309.964827	4.482063	2.014198	2.076995
-3.078490	470790.344525	4399211.722716	3.583716	3.579778	0.167964	1543474310.063553	4.549235	2.027129	1.980424
-3.094470	470790.711255	4399211.732177	3.558192	3.556463	0.110915	1543474310.167023	4.526881	2.024209	1.997678
-3.068631	470791.091109	4399211.723362	3.562165	3.560632	0.104481	1543474310.256306	4.459652	2.059370	2.009943
-3.088027	470791.378183	4399211.777602	3.452910	3.451252	0.106985	1543474310.367097	4.417191	2.056213	2.015277
-3.090377	470791.644289	4399211.788500	3.242085	3.241342	0.069409	1543474310.458173	4.535040	2.010166	2.010256
-3.080143	470792.010877	4399211.799482	3.209477	3.205460	0.160532	1543474310.561083	4.558470	1.964939	2.006940
-3.109236	470792.362539	4399211.802394	3.742026	3.738335	0.166170	1543474310.662942	4.501530	2.013580	1.999939
-3.071878	470792.724978	4399211.762311	3.791881	3.786418	0.203472	1543474310.763321	4.469803	2.024284	1.997490
-3.093695	470792.979796	4399211.815047	3.818007	3.812885	0.197704	1543474310.864513	4.572767	2.096609	1.996136
-3.091141	470793.289398	4399211.827573	3.776683	3.769767	0.228441	1543474310.967370	4.613364	2.042331	1.998718
-3.107670	470793.663562	4399211.873862	3.270570	3.256355	0.304601	1543474311.067005	4.546882	2.025391	1.998099
-3.119639	470793.975755	4399211.849993	3.344863	3.337287	0.224993	1543474311.165937	4.541583	2.034697	1.998387
-3.098429	470794.275427	4399211.853207	3.279478	3.273154	0.203577	1543474311.262635	4.603258	2.051609	2.000995
-3.096451	470794.625520	4399211.897758	3.304850	3.301297	0.153216	1543474311.364351	4.640383	1.982245	1.997062
-3.115360	470794.938264	4399211.926604	3.410539	3.407909	0.133915	1543474311.460344	4.667516	2.023558	2.071500
-3.095932	470795.272718	4399211.925941	3.360651	3.356403	0.168911	1543474311.559628	4.644191	2.037857	2.071441
-3.072966	470795.621535	4399211.923972	3.309980	3.307199	0.135656	1543474311.665098	4.598513	2.052315	2.067527
-3.099421	470795.900684	4399211.932371	3.289833	3.286700	0.143547	1543474311.765974	4.723633	2.057886	2.068429
-3.085872	470796.218819	4399211.948760	3.335370	3.330491	0.180352	1543474311.862406	4.654153	2.035655	2.070285
-3.095181	470796.552831	4399211.999148	3.189962	3.187153	0.133833	1543474311.968202	4.600287	2.015337	2.072825
-3.083062	470796.825782	4399212.000340	3.481578	3.478473	0.147018	1543474312.063890	4.655450	2.017729	2.072444
-3.084471	470797.160018	4399211.986702	3.503095	3.494184	0.249703	1543474312.166208	4.640900	2.088879	2.061088
-3.098246	470797.444766	4399211.995399	3.067340	3.061552	0.188340	1543474312.263886	4.684472	2.081262	2.061654
-3.082963	470797.756022	4399212.005820	3.115971	3.104545	0.266600	1543474312.368139	4.700127	2.027467	2.061526
-3.075082	470798.043175	4399212.032617	3.120579	3.110842	0.246319	1543474312.467601	4.702875	2.027989	2.055166
-3.104243	470798.360368	4399212.043561	3.205913	3.198860	0.212535	1543474312.567606	4.708044	1.956142	1.894671
-3.088330	470798.628451	4399212.060200	3.164157	3.157979	0.197623	1543474312.666160	4.761392	2.077578	2.152845
-3.084640	470798.941168	4399212.037283	2.982528	2.974607	0.217219	1543474312.767294	4.718251	1.993559	2.033589
-3.081615	470799.228640	4399212.055302	3.060997	3.053843	0.209149	1543474312.873224	4.719262	2.036031	2.069026
-3.082174	470799.501570	4399212.069272	2.761092	2.755245	0.179594	1543474312.963836	4.715500	2.023600	2.069744
-3.082378	470799.775546	4399212.080254	2.586328	2.581123	0.163995	1543474313.069679	4.759499	2.004571	1.931739
-3.079670	470800.047546	4399212.093615	2.469478	2.461505	0.198268	1543474313.164401	4.764290	2.030750	1.955055
-3.097431	470800.333205	4399212.139761	2.513774	2.508018	0.170015	1543474313.259160	4.766257	1.969469	1.942707
-3.097497	470800.599847	4399212.149657	2.484109	2.478621	0.165030	1543474313.369362	4.796595	2.041156	2.038537
-3.091466	470800.873624	4399212.168078	3.042481	3.036645	0.188352	1543474313.461393	4.785949	1.967296	1.969082
-3.099484	470801.105055	4399212.182536	2.313787	2.310307	0.126841	1543474313.566430	4.870203	1.968994	1.993086
-3.086535	470801.380219	4399212.224538	2.308771	2.305323	0.126135	1543474313.659376	4.824099	1.931268	1.983272
-3.082167	470801.616535	4399212.219762	2.830164	2.825688	0.159103	1543474313.769729	4.868241	1.949919	1.971423
-3.070851	470801.868919	4399212.218780	2.778487	2.773288	0.169885	1543474313.859851	4.882589	1.969924	1.963716
-3.085600	470802.128506	4399212.336233	2.778689	2.773752	0.165569	1543474313.969123	4.860693	1.759664	1.968563
-3.092616	470802.389542	4399212.351990	2.782975	2.778637	0.155328	1543474314.063396	4.879974	1.748976	1.997355
-3.091746	470802.643465	4399212.399695	2.866260	2.862088	0.154605	1543474314.167960	4.896353	1.892789	2.074007
-3.089486	470802.972025	4399212.398748	2.636648	2.632845	0.141550	1543474314.258852	4.715059	1.833058	2.061254
-3.097674	470803.203500	4399212.383776	2.638068	2.634441	0.138291	1543474314.367644	4.739687	1.763789	1.989604
-3.096330	470803.417028	4399212.401128	2.716034	2.712696	0.134620	1543474314.459561	4.847385	1.836574	2.072800
-3.066815	470803.690693	4399212.430233	2.442656	2.438691	0.139112	1543474314.565221	4.800140	1.810609	2.069890
-3.079572	470803.926560	4399212.382924	2.461536	2.457063	0.148330	1543474314.662509	4.826034	1.835868	1.992001
-3.085910	470804.157479	4399212.401479	2.447061	2.442861	0.143303	1543474314.772025	4.818980	1.821993	1.994617
-3.089640	470804.409032	4399212.423908	2.492099	2.488198	0.139383	1543474314.864201	4.813425	1.792555	1.978868
-3.078173	470804.633037	4399212.453268	2.571297	2.566862	0.150956	1543474314.970859	4.815738	1.848018	2.063383
-3.084518	470804.859913	4399212.438711	2.655788	2.651290	0.154495	1543474315.071555	4.745122	1.779151	1.972560
-3.086296	470805.109791	4399212.490693	2.547531	2.543347	0.145958	1543474315.174621	4.770255	1.854351	2.062034
-3.071099	470805.367198	4399212.477774	2.549838	2.544914	0.158385	1543474315.264575	4.730147	1.861220	2.060039
-3.094408	470805.616828	4399212.527007	2.479412	2.475423	0.140588	1543474315.372888	4.698754	1.825523	2.062884
-3.090009	470805.921236	4399212.517185	2.253648	2.249493	0.136782	1543474315.460557	4.768996	1.863751	2.063646
-3.076314	470806.150508	4399212.483700	2.047218	2.043279	0.126929	1543474315.568252	4.708180	1.803216	2.002851
-3.082229	470806.349933	4399212.480144	2.119308	2.115371	0.129109	1543474315.669354	4.673816	1.991924	2.090928
-3.075748	470806.560598	4399212.447811	2.060719	2.058197	0.101910	1543474315.768228	4.657747	2.087430	2.065107
-3.061937	470806.868255	4399212.604905	2.072938	2.069963	0.111012	1543474315.868242	4.721504	1.794970	2.062692
-3.079593	470807.114138	4399212.471890	1.999989	1.998797	0.069033	1543474315.975202	4.643112	2.133836	2.070280
-3.070101	470807.380766	4399212.669890	1.996049	1.995036	0.063573	1543474316.069303	4.658199	1.679154	2.071703
-3.088936	470807.622092	4399212.705950	1.939844	1.939274	0.047018	1543474316.173975	4.580302	1.743219	2.069148
-3.067011	470807.913450	4399212.552396	1.865598	1.865303	-0.033179	1543474316.270587	4.578529	1.927989	2.068507
-3.084674	470808.167946	4399212.680406	1.897690	1.897480	-0.028220	1543474316.377017	4.543146	1.729616	2.069171
-3.082680	470808.733948	4399212.650072	1.906971	1.905091	-0.084670	1543474316.570400	4.527562	1.903796	2.067226
-3.062509	470809.015294	4399212.577962	1.913724	1.908292	-0.144085	1543474316.667984	4.521255	1.914551	2.074367
-3.072547	470809.298941	4399212.631625	1.958858	1.951886	-0.165126	1543474316.779539	4.502760	1.868077	2.071861
-3.069793	470809.596071	4399212.617241	2.004929	1.999016	-0.153868	1543474316.862637	4.580821	1.856349	2.087143
-3.076128	470809.802702	4399212.748239	2.040883	2.033640	-0.171784	1543474316.964279	4.449952	1.738435	2.060666
-3.064235	470810.100901	4399212.730406	2.234897	2.229888	-0.149545	1543474317.064742	4.490041	1.712976	2.063317
-3.040036	470810.397472	4399212.722277	2.354593	2.354589	-0.004844	1543474317.167427	4.479152	1.830812	2.070697
-3.072507	470810.651754	4399212.684288	2.342560	2.341927	0.054470	1543474317.279932	4.421192	1.851307	2.078045
-3.057867	470810.927012	4399212.752627	2.486863	2.484113	0.116922	1543474317.374872	4.399535	1.768149	2.065583
-3.034513	470811.213171	4399212.762167	2.557722	2.551557	0.177469	1543474317.478839	4.455951	1.842295	2.077186
-3.031001	470811.448906	4399212.849058	2.476895	2.468349	0.205584	1543474317.565141	4.407818	1.697673	2.085468
-3.057373	470811.756814	4399212.818452	2.517542	2.514856	0.116256	1543474317.673618	4.357739	1.725668	2.045723
-3.069769	470812.034816	4399212.820251	2.456672	2.453071	0.132980	1543474317.776005	4.401402	1.723686	2.051537
-3.080728	470812.342009	4399212.797868	2.616859	2.615774	0.075342	1543474317.875574	4.372741	1.766268	2.074013
-3.055371	470812.627851	4399212.858664	2.650133	2.650121	-0.007697	1543474317.972730	4.437912	1.732550	2.041355
-3.040776	470812.926595	4399212.901952	2.629762	2.629652	-0.024068	1543474318.073225	4.437696	1.713707	2.056874
-3.078514	470813.155927	4399212.854588	2.653592	2.653236	0.043423	1543474318.162834	4.426259	1.755800	2.072660
-3.074682	470813.465125	4399212.858645	2.572329	2.570962	0.083825	1543474318.275591	4.418930	1.755810	2.433072
-3.095384	470813.651666	4399212.861451	2.585956	2.584138	0.096926	1543474318.373630	4.359719	1.829909	2.045950
-3.085107	470813.853626	4399212.857113	2.718806	2.716115	0.120953	1543474318.470442	4.159333	1.783922	1.974458
-3.083904	470814.040113	4399212.750670	2.690235	2.687026	0.131376	1543474318.576850	3.969463	2.000960	2.009932
-3.059107	470814.120561	4399212.746995	2.554614	2.554574	0.014256	1543474318.674782	3.455430	2.074238	2.037946
-3.067703	470814.400694	4399212.741706	2.664626	2.663527	0.076509	1543474318.778243	3.386372	2.028163	2.039063
-3.088707	470814.810536	4399212.765758	2.618569	2.618125	0.048217	1543474318.876382	3.619586	1.979393	2.027618
-3.052249	470815.001749	4399212.754828	2.587915	2.587695	0.033735	1543474318.975105	3.353534	2.047195	2.007816
-3.111327	470815.245694	4399212.843001	2.594189	2.593778	0.046187	1543474319.078010	3.355513	1.941727	1.999298
-3.087395	470815.527627	4399212.821455	2.522072	2.522009	0.017896	1543474319.166974	3.316047	2.032595	1.995218
-3.105627	470815.846478	4399212.880945	2.574362	2.574338	-0.011150	1543474319.272456	3.371557	2.040318	1.980282
-3.128534	470816.332954	4399212.924449	2.593536	2.593531	0.004683	1543474319.372070	3.672974	2.053492	1.983222
-3.130258	470816.909234	4399212.953747	2.799698	2.799653	0.015861	1543474319.474370	4.335584	2.058321	1.976439
3.125506	470817.257727	4399212.965809	2.955929	2.955923	-0.005825	1543474319.560499	4.334711	2.105307	1.974458
-3.121789	470817.506344	4399212.828947	2.924281	2.919494	-0.167240	1543474319.675543	4.208539	1.791292	1.970122
-3.107649	470817.813977	4399212.867526	2.978103	2.978075	-0.012931	1543474319.773669	4.209381	1.828389	1.967411
3.132574	470818.112779	4399212.824293	2.912325	2.912285	-0.015233	1543474319.881985	4.232798	1.730406	1.970698
3.122208	470818.481628	4399212.812802	2.883309	2.883182	-0.027040	1543474319.971688	4.468725	1.700212	1.981372
-3.123441	470818.742063	4399212.867118	3.157340	3.157125	-0.036897	1543474320.071658	4.445146	1.757413	1.988038
3.123335	470819.044395	4399212.856006	3.035373	3.034987	-0.048370	1543474320.166329	4.560196	1.715684	1.983341
0.021581	470819.345784	4399212.905687	3.056971	3.056252	0.066309	1543474320.277547	4.443356	1.779451	1.975715
-0.006599	470819.676935	4399212.892742	3.008148	3.008100	-0.016971	1543474320.374850	4.375297	1.704358	1.971522
0.010389	470819.929806	4399212.923696	2.768530	2.768384	0.028476	1543474320.472743	4.283450	1.721623	1.962697
0.003117	470820.236651	4399212.928440	2.658608	2.658593	0.009014	1543474320.563799	4.300107	1.723195	1.960265
-0.024293	470820.554296	4399212.900808	2.606691	2.605952	-0.062040	1543474320.664307	4.383257	1.684479	1.958344
0.062175	470820.833682	4399213.021072	2.790802	2.785661	0.169321	1543474320.779224	4.408370	1.830211	1.945816
-0.008131	470821.174944	4399212.974812	2.808383	2.808320	-0.018817	1543474320.866956	4.477520	1.684427	1.937429
0.011912	470821.464189	4399213.072307	2.865305	2.865111	0.033321	1543474320.974480	4.397955	1.810799	1.941526
0.052162	470821.685019	4399213.023214	2.779618	2.775940	0.142929	1543474321.069592	4.442235	1.832823	1.932257
0.015848	470821.919972	4399213.014254	2.749170	2.748791	0.045596	1543474321.164946	4.350067	1.802927	1.920483
0.019780	470822.238961	4399213.045917	2.747140	2.746601	0.054411	1543474321.271103	4.307588	1.833763	1.908786
0.042287	470822.533288	4399213.106515	2.783305	2.780861	0.116598	1543474321.372687	4.375306	1.754469	1.882913
0.018313	470822.798248	4399213.109428	2.722934	2.722455	0.051107	1543474321.477043	4.370338	1.752824	1.878912
0.023474	470823.048756	4399213.116284	2.819335	2.818563	0.065956	1543474321.560777	4.333191	1.817131	1.879431
0.035590	470823.313013	4399213.113463	2.806019	2.804265	0.099190	1543474321.671487	4.343162	1.905759	1.871871
0.027782	470823.587708	4399213.107290	2.809078	2.807983	0.078436	1543474321.766049	4.315062	1.777184	1.874368
0.021162	470823.852434	4399213.188204	2.909182	2.908521	0.061977	1543474321.872488	4.490797	1.742826	1.855604
0.045720	470824.133168	4399213.134201	2.925347	2.922351	0.132380	1543474321.971089	4.380809	1.876404	2.082429
0.023474	470824.440390	4399213.173342	2.943987	2.943145	0.070398	1543474322.067127	4.344052	1.731550	2.065475
0.012191	470824.720561	4399213.184936	3.025985	3.025752	0.037516	1543474322.169674	4.393838	1.695377	2.063039
0.039008	470824.992134	4399213.247055	3.044950	3.042698	0.117084	1543474322.273251	4.403089	1.756114	2.061721
-0.005376	470825.283126	4399213.197490	3.039029	3.038997	-0.013977	1543474322.370806	4.433540	1.670782	2.056923
0.043257	470825.509614	4399213.267223	2.870022	2.867464	0.121162	1543474322.471376	4.448294	1.737395	2.058523
0.075281	470825.805453	4399213.294463	2.925444	2.917268	0.218557	1543474322.574808	4.340109	1.891923	2.049820
0.065028	470826.062789	4399213.279849	2.959240	2.952903	0.193564	1543474322.670215	4.353225	1.923227	2.028947
0.046002	470826.335128	4399213.308875	3.082977	3.079628	0.143670	1543474322.771255	4.434336	1.776305	2.013140
0.028593	470826.547375	4399213.282922	2.795757	2.794580	0.081114	1543474322.882645	4.427752	1.797376	2.001635
0.032491	470826.807331	4399213.231793	2.776129	2.774684	0.089567	1543474322.970390	4.404109	1.709538	2.003184
0.044774	470827.098284	4399213.320938	2.808783	2.806015	0.124659	1543474323.084894	4.406370	1.740166	1.999365
0.030357	470827.331229	4399213.318707	2.652697	2.651457	0.081104	1543474323.172382	4.396880	1.684801	1.994666
0.030669	470827.590643	4399213.374843	2.491378	2.490209	0.076332	1543474323.280332	4.389551	1.785404	1.999691
0.014524	470827.865079	4399213.313280	2.335403	2.335149	0.034505	1543474323.371470	4.469882	1.634425	2.004919
0.026323	470828.089390	4399213.348990	2.263655	2.262891	0.058792	1543474323.487062	4.434453	1.689543	2.010388
0.060200	470828.333892	4399213.393897	2.392585	2.388337	0.142513	1543474323.570933	4.368549	1.794223	2.008529
-0.064859	470828.615482	4399213.205860	2.353520	2.348920	-0.147069	1543474323.680979	4.513157	1.591347	1.968431
-0.007417	470828.860835	4399213.317133	2.370173	2.370083	-0.020695	1543474323.784875	4.465698	1.712288	1.962129
-0.026186	470829.152093	4399213.378437	2.371261	2.370450	-0.062028	1543474323.879324	4.489965	1.809367	1.955171
-0.000207	470829.389046	4399213.381698	2.401966	2.401965	-0.002226	1543474323.983347	4.371845	1.744878	1.951788
0.065756	470829.291827	4399213.341175	2.147175	2.142707	0.138441	1543474324.081731	3.602170	1.736309	1.964370
0.124607	470829.288454	4399213.407846	1.870512	1.856172	0.231176	1543474324.184690	2.996345	1.911569	1.887684
0.249735	470829.423303	4399213.474026	1.600513	1.551376	0.393539	1543474324.280829	2.701432	1.992109	1.913885
0.343369	470829.348699	4399213.478281	1.352272	1.273134	0.455818	1543474324.379966	2.000402	1.777426	1.961875
0.540619	470829.407468	4399213.671054	1.225440	1.050993	0.630173	1543474324.481775	1.789337	1.376826	1.418914
0.756161	470829.349111	4399213.817910	1.250270	0.909471	0.857927	1543474324.580677	1.449002	0.863518	1.203571
0.839934	470829.494941	4399213.993376	1.303303	0.869982	0.970428	1543474324.681206	0.456123	0.365220	0.718489
1.669454	470827.751163	4399212.464900	1.558881	1.251341	0.929654	1543474325.684710	1.000000	1.000000	2.000000
1.669364	470827.757561	4399212.408951	1.580180	1.260453	0.953010	1543474325.775360	1.000000	1.000000	2.000000
1.669100	470827.767312	4399212.349409	1.607352	1.270936	0.984024	1543474325.881084	1.000000	1.000000	2.000000
1.668714	470827.582394	4399212.245892	1.633054	1.243150	1.058983	1543474325.966739	1.000000	1.000000	2.000000
1.668526	470827.590871	4399212.188184	1.623499	1.183141	1.111722	1543474326.081661	1.000000	1.000000	2.000000
1.668386	470827.577423	4399212.330973	1.612538	1.104493	1.174893	1543474326.172612	1.000000	1.000000	2.000000
1.668354	470827.585449	4399212.217080	1.610496	0.971018	1.284843	1543474326.282314	1.000000	1.000000	2.000000
