front	position-x	position-y	speed	speed-x	speed-y	timestamp	v-x	v-y	v-z
-1.459321	470937.257958	4398734.776723	0.000000	0.000000	0.000000	1543308912.301844	3.175997	1.959594	2.020134
-1.459755	470937.140723	4398734.756041	0.000000	0.000000	0.000000	1543308912.394572	3.151606	1.721288	2.020092
-1.458575	470937.140462	4398734.765836	0.000000	0.000000	0.000000	1543308912.495883	3.152266	1.722581	2.021719
-1.459666	470937.241521	4398734.791644	0.000000	0.000000	0.000000	1543308912.597995	3.185778	1.996309	2.020759
-1.460089	470937.144324	4398734.753689	0.000000	0.000000	0.000000	1543308912.697944	3.167950	1.714792	2.020860
-1.460441	470937.178036	4398734.476728	0.000000	0.000000	0.000000	1543308912.796370	2.592296	1.720780	2.019574
-1.458155	470937.140564	4398734.760882	0.000000	0.000000	0.000000	1543308912.900824	3.150661	1.722377	2.021856
-1.458809	470937.163385	4398734.785739	0.000000	0.000000	0.000000	1543308912.996707	3.191805	1.837708	2.019439
-1.458434	470937.242885	4398734.787445	0.000000	0.000000	0.000000	1543308913.098632	3.172718	1.992530	2.021222
-1.457879	470937.164208	4398734.778907	0.000000	0.000000	0.000000	1543308913.197739	3.191505	1.833398	2.017959
-1.457116	470937.166003	4398734.776631	0.000000	0.000000	0.000000	1543308913.299730	3.175492	1.833638	2.016893
-1.458487	470937.146918	4398734.769607	0.000000	0.000000	0.000000	1543308913.397776	3.150774	1.814328	2.024683
-1.456822	470937.155687	4398734.785305	0.000000	0.000000	0.000000	1543308913.495805	3.176764	1.756763	2.030237
-1.458495	470937.156946	4398734.785961	0.000000	0.000000	0.000000	1543308913.596504	3.164608	1.756879	2.028542
-1.456128	470937.150129	4398734.769831	0.000000	0.000000	0.000000	1543308913.698678	3.170534	1.767682	2.037611
-1.456465	470937.145494	4398734.788653	0.000000	0.000000	0.000000	1543308913.799914	3.172992	1.719202	2.035430
-1.457600	470937.151457	4398734.807717	0.000000	0.000000	0.000000	1543308913.902612	3.175025	1.769771	2.042102
-1.455847	470937.145328	4398734.813004	0.000000	0.000000	0.000000	1543308913.998035	3.140820	1.717053	2.048482
-1.456272	470937.099676	4398734.902706	0.000000	0.000000	0.000000	1543308914.096980	3.300828	1.740077	2.054429
-1.454377	470937.106281	4398734.928051	0.000000	0.000000	0.000000	1543308914.197734	3.300805	1.758594	2.057617
-1.455995	470937.239383	4398734.948966	0.000000	0.000000	0.000000	1543308914.299087	3.259011	2.000345	2.070332
-1.456081	470937.219287	4398734.979953	0.000000	0.000000	0.000000	1543308914.402446	3.228546	2.054644	2.070269
-1.455276	470937.242001	4398735.054113	0.000000	0.000000	0.000000	1543308914.494434	3.267826	2.009952	1.891973
-1.456742	470937.187214	4398735.118988	0.826401	0.005391	0.826384	1543308914.607151	3.225452	1.928163	1.896857
-1.456795	470937.233485	4398735.213511	0.897377	-0.044587	0.896269	1543308914.699409	3.293591	2.026313	1.905023
-1.454609	470937.083720	4398735.290937	0.887187	-0.191444	0.866285	1543308914.797080	3.319260	1.780688	1.910201
-1.453907	470937.186931	4398735.445081	1.560648	-0.087969	1.558167	1543308914.896645	3.378787	1.954211	1.921583
-1.450635	470937.175572	4398735.607390	1.624260	-0.221426	1.609096	1543308915.002877	3.343672	2.077746	1.917985
-1.449721	470937.058025	4398735.793073	1.937863	-0.086245	1.935943	1543308915.098156	3.317097	1.759331	1.927384
-1.447929	470937.181082	4398736.049676	2.309892	-0.120158	2.306764	1543308915.196647	3.309656	2.038765	1.927600
1.648969	470937.077393	4398736.251514	2.383078	-0.185883	2.375817	1543308915.298830	3.310465	2.098244	1.934909
1.700028	470937.100018	4398736.533329	2.696523	-0.347035	2.674099	1543308915.398122	3.310921	2.110536	1.933521
1.653592	470937.039427	4398736.857181	3.070198	-0.254636	3.059621	1543308915.500337	3.235551	1.969589	1.936322
1.663220	470936.968732	4398737.153969	3.131934	-0.288922	3.118579	1543308915.593838	3.245830	2.032409	1.939267
1.654585	470936.934765	4398737.483794	3.447955	-0.288641	3.435852	1543308915.697271	3.221027	1.839054	1.935310
1.658242	470936.877133	4398737.854344	3.510945	-0.306485	3.497542	1543308915.796883	3.265491	1.743861	1.924519
1.646776	470936.902490	4398737.740364	3.888679	-0.295346	3.877447	1543308915.900414	2.207659	1.774890	1.927961
1.661254	470936.824344	4398738.163616	4.211588	-0.380099	4.194401	1543308915.996085	2.267658	1.781518	1.928289
1.668599	470936.735450	4398739.072719	4.342023	-0.423795	4.321292	1543308916.101085	3.258990	1.729556	1.935227
1.680947	470936.709409	4398739.486839	4.659891	-0.511951	4.631683	1543308916.203764	3.176097	1.737332	1.926550
1.665816	470936.685765	4398739.918184	4.722777	-0.448398	4.701442	1543308916.297109	3.165904	1.865698	1.920013
1.675795	470936.549090	4398740.858406	5.174122	-0.541726	5.145685	1543308916.497750	3.233046	1.755012	1.924570
1.663985	470936.531318	4398741.400557	5.240064	-0.487766	5.217313	1543308916.602668	3.173445	1.812256	1.924587
1.660525	470936.451501	4398741.930492	5.318969	-0.476583	5.297575	1543308916.697784	3.113156	1.838616	1.927010
1.647699	470936.457294	4398742.463417	5.483426	-0.421500	5.467202	1543308916.802728	3.099043	1.896127	1.911617
1.661219	470936.357667	4398743.018786	5.569689	-0.502497	5.546975	1543308916.897827	3.141419	1.810064	1.913991
1.667664	470936.328060	4398743.574181	5.639368	-0.545159	5.612956	1543308916.998824	3.129492	1.854141	1.783729
1.656822	470936.266872	4398744.128961	5.822120	-0.500214	5.800592	1543308917.096649	3.107548	1.819559	1.937962
1.661573	470936.226266	4398744.724402	5.907896	-0.535012	5.883621	1543308917.198173	3.129848	1.790292	1.939984
1.663123	470936.176165	4398745.321031	6.029040	-0.555592	6.003386	1543308917.309233	3.140819	1.807882	1.958482
1.666318	470936.097232	4398745.903108	6.249769	-0.596255	6.221262	1543308917.397984	3.089390	1.840965	1.966828
1.680190	470935.944300	4398746.531776	6.325694	-0.690664	6.287876	1543308917.496214	3.155172	1.940666	1.983345
1.669580	470936.001387	4398747.133614	6.469796	-0.638581	6.438204	1543308917.598263	3.130421	1.816376	1.998686
1.676359	470935.898640	4398747.737372	6.440792	-0.678624	6.404941	1543308917.697915	3.127038	1.786519	2.016061
1.669815	470935.891321	4398748.370023	6.557051	-0.648538	6.524899	1543308917.799330	3.140773	1.849024	2.027131
1.636701	470935.832820	4398748.538262	6.408629	-0.423242	6.394638	1543308917.896645	2.248040	1.881625	1.924005
1.652867	470935.752709	4398749.591128	6.521577	-0.533899	6.499686	1543308917.997340	3.133971	1.795917	2.018347
1.642260	470935.698537	4398750.197727	6.337114	-0.452968	6.320905	1543308918.100010	3.111961	1.786042	2.015564
1.652969	470935.631150	4398750.794557	6.583098	-0.540411	6.560879	1543308918.202051	3.133632	1.820913	1.997017
1.653832	470935.506223	4398751.999488	6.208850	-0.515545	6.187409	1543308918.401325	3.202240	1.906029	1.948202
1.647733	470935.393291	4398753.234191	6.137494	-0.472100	6.119310	1543308918.601932	3.183495	2.004931	1.925280
1.654112	470935.360971	4398753.828182	6.267331	-0.521709	6.245579	1543308918.699582	3.205548	1.886736	1.945503
1.654665	470935.353508	4398754.474371	6.388994	-0.535570	6.366507	1543308918.798512	3.195361	2.020648	1.797827
1.652185	470935.267204	4398755.115708	6.592616	-0.535757	6.570810	1543308918.904864	3.185462	1.899934	1.799102
1.658731	470935.207173	4398755.711636	6.625725	-0.581467	6.600161	1543308918.996908	3.259897	1.697456	1.963552
1.637542	470935.202813	4398756.373489	6.431019	-0.429115	6.416686	1543308919.103018	3.154450	1.758823	2.010455
1.634195	470935.135367	4398757.024048	6.442443	-0.407979	6.429512	1543308919.196805	3.166235	1.788224	2.019337
1.663163	470935.046063	4398757.647046	6.453662	-0.593843	6.426282	1543308919.299825	3.106430	1.705218	2.020709
1.652652	470935.047979	4398758.320932	6.661236	-0.544666	6.638931	1543308919.395608	3.154628	1.795412	2.047268
1.647050	470935.004499	4398758.982510	6.774669	-0.516202	6.754974	1543308919.505737	3.170493	1.809185	2.059314
1.659549	470934.935341	4398759.650104	6.547034	-0.579991	6.521294	1543308919.598699	3.134845	1.835445	2.049219
1.654987	470934.815097	4398760.970252	7.025269	-0.590294	7.000426	1543308919.800074	3.179427	1.781793	2.058793
1.675860	470934.748813	4398761.143206	6.567656	-0.687554	6.531568	1543308919.900991	2.174276	1.657246	2.029155
1.669543	470934.656262	4398762.279891	7.132680	-0.703025	7.097949	1543308919.998241	3.186848	1.720223	2.021923
1.646173	470934.586239	4398762.985586	6.813526	-0.513575	6.794143	1543308920.102247	3.166137	1.907125	2.037856
1.646334	470934.569160	4398763.700563	7.127177	-0.537928	7.106848	1543308920.196182	3.195378	1.827945	2.066128
1.666502	470934.415345	4398764.007517	7.099304	-0.677672	7.066886	1543308920.297047	2.393148	1.941015	1.901536
1.653799	470934.504227	4398764.292819	7.228597	-0.600042	7.203649	1543308920.396788	1.516345	1.784112	1.915735
1.643512	470934.418515	4398765.782017	7.340853	-0.533819	7.321418	1543308920.504532	3.097673	1.778484	1.901183
1.650972	470934.318834	4398766.485654	7.313676	-0.585799	7.290178	1543308920.602007	3.126391	1.775124	2.034209
1.673536	470934.208652	4398767.221439	7.422724	-0.760654	7.383646	1543308920.696405	3.171872	1.766640	2.029547
1.637706	470934.221900	4398767.932548	7.015058	-0.470525	6.999260	1543308920.800496	3.177382	1.777579	2.027453
1.668146	470934.108405	4398768.653214	7.463877	-0.724471	7.428634	1543308920.898804	3.152903	1.642551	2.036489
1.646408	470934.085793	4398769.381779	7.568580	-0.572517	7.546895	1543308920.998296	3.142405	1.811309	1.883056
1.647102	470934.088700	4398769.664574	7.422397	-0.565782	7.400802	1543308921.101254	2.256201	1.824459	1.892473
1.649276	470934.003535	4398770.414714	7.510367	-0.588810	7.487250	1543308921.196093	2.263573	1.692094	1.923188
1.648495	470933.975317	4398770.721324	7.224457	-0.560771	7.202660	1543308921.297464	1.446779	1.751822	1.821932
1.640818	470933.910899	4398771.857896	7.540305	-0.527935	7.521801	1543308921.398946	2.218144	1.772857	1.814892
1.653919	470933.883499	4398772.409382	7.741807	-0.642189	7.715126	1543308921.500829	1.851335	1.682513	1.889205
1.654082	470933.709473	4398774.537544	7.659971	-0.636954	7.633443	1543308921.700828	3.143430	1.846787	2.046334
1.639116	470933.711042	4398775.272089	7.318059	-0.500105	7.300951	1543308921.809268	3.107350	1.835934	2.028194
1.650723	470933.569066	4398776.041094	7.677796	-0.612538	7.653323	1543308921.899597	3.181902	1.839594	1.998468
1.635963	470933.591859	4398776.779827	7.762786	-0.505881	7.746285	1543308922.006081	3.150812	1.810877	1.979566
1.639351	470933.473500	4398777.522750	7.852550	-0.537543	7.834129	1543308922.096170	3.147970	1.806718	1.976491
1.650164	470933.468061	4398778.296250	7.763399	-0.615174	7.738987	1543308922.207721	3.155324	1.785788	1.979414
1.647277	470933.367953	4398779.047119	7.845097	-0.599783	7.822136	1543308922.304384	3.128701	1.786218	2.019815
1.646343	470933.288751	4398779.429120	7.461344	-0.563488	7.440036	1543308922.408181	2.434619	1.769426	1.909028
1.632898	470933.265687	4398780.204927	7.471362	-0.464271	7.456923	1543308922.497145	2.421220	1.726810	1.900031
1.639288	470933.182447	4398781.708205	7.688131	-0.526079	7.670111	1543308922.698274	2.390105	1.833145	1.872417
1.645777	470933.117551	4398782.861737	7.603645	-0.569341	7.582299	1543308922.811543	3.152087	1.848210	1.979098
1.649662	470933.012192	4398783.624232	7.880543	-0.620786	7.856054	1543308922.898312	3.171014	1.921138	1.917928
1.643598	470933.079667	4398783.675334	7.601227	-0.553316	7.581061	1543308923.005967	1.712673	1.798827	1.901396
1.654907	470932.883413	4398785.165776	7.664983	-0.643574	7.637917	1543308923.096826	3.156659	1.824114	1.915783
1.649468	470932.862596	4398785.921817	7.639512	-0.600706	7.615859	1543308923.207278	3.157069	1.796109	1.915308
1.646921	470932.808299	4398786.695381	7.901836	-0.601113	7.878939	1543308923.307857	3.148215	1.905297	1.914563
1.630080	470932.804670	4398787.465513	7.738663	-0.459226	7.725025	1543308923.412240	3.151805	1.796866	1.901347
1.627221	470932.738928	4398788.231277	7.504769	-0.423408	7.492815	1543308923.496813	3.169826	1.883018	1.900356
1.619907	470932.709043	4398788.994082	7.506299	-0.368779	7.497234	1543308923.607179	3.124620	1.837118	1.894688
1.639463	470932.608684	4398789.784917	7.645699	-0.524240	7.627706	1543308923.701619	3.143158	1.821537	1.887312
1.646666	470932.580209	4398790.547367	7.635522	-0.578315	7.613589	1543308923.806257	3.095595	1.827038	1.894762
1.645570	470932.554379	4398791.336206	7.953452	-0.593931	7.931245	1543308923.896896	3.133048	1.921287	1.880546
1.653199	470932.441475	4398792.121757	7.671826	-0.630625	7.645863	1543308924.002035	3.134578	1.834691	2.063560
1.646504	470932.285499	4398792.884354	7.681317	-0.581029	7.659311	1543308924.102992	3.141999	1.962055	2.020312
1.662029	470932.345506	4398793.674371	7.705044	-0.701238	7.673068	1543308924.195356	3.145526	2.033113	1.991192
1.651863	470932.255271	4398794.457510	7.805692	-0.632350	7.780036	1543308924.307327	3.149902	2.064493	1.998177
1.642081	470932.133420	4398795.205179	7.817225	-0.557097	7.797348	1543308924.397893	3.210583	1.926832	2.020006
1.656490	470932.118030	4398795.939367	7.830351	-0.669613	7.801668	1543308924.500252	3.170976	2.124580	2.001913
1.653515	470931.983816	4398796.717511	7.649886	-0.632367	7.623704	1543308924.597699	3.220071	1.933885	2.010635
1.649005	470932.019932	4398797.542269	7.575316	-0.592272	7.552127	1543308924.701568	3.181450	1.870040	2.044767
1.651010	470931.944437	4398798.325586	7.673415	-0.615037	7.648727	1543308924.797500	3.147050	1.914438	2.041743
1.649469	470931.839411	4398799.101616	7.677704	-0.603552	7.653944	1543308924.896323	3.173203	1.881508	2.029513
1.638196	470931.779127	4398799.890642	7.710413	-0.519865	7.692868	1543308924.998615	3.198430	1.890589	2.019844
1.648458	470931.669919	4398801.508001	7.809741	-0.606087	7.786188	1543308925.229543	3.238012	2.072441	2.052661
1.646848	470931.598983	4398802.262343	7.771227	-0.590639	7.748749	1543308925.308086	3.252398	2.049652	2.029980
1.642810	470931.508577	4398803.805106	7.829804	-0.563743	7.809483	1543308925.500476	3.187270	2.089335	1.917873
1.648977	470931.414472	4398804.578798	7.743906	-0.604579	7.720269	1543308925.609169	3.137076	1.915591	1.935386
1.649013	470931.370827	4398805.369995	7.694899	-0.601204	7.671377	1543308925.696469	3.286163	1.908450	1.964951
1.647529	470931.315757	4398806.183917	7.679760	-0.588716	7.657162	1543308925.810606	3.312334	2.028543	1.990982
1.646081	470931.276677	4398806.949750	7.891953	-0.593649	7.869593	1543308925.900086	3.268292	1.927657	2.022731
1.656468	470931.243115	4398807.796160	7.938941	-0.678865	7.909863	1543308926.011589	3.351162	1.930034	2.011168
1.655549	470931.130338	4398808.517867	7.895371	-0.668328	7.867033	1543308926.098118	3.272652	2.090204	1.954569
1.659003	470931.101713	4398809.273097	7.674753	-0.675779	7.644943	1543308926.211550	3.220641	1.935312	2.063988
1.650115	470930.965538	4398810.861052	7.854421	-0.622256	7.829734	1543308926.406976	3.285745	2.062166	1.959844
1.655610	470930.927372	4398811.678967	7.867080	-0.666199	7.838821	1543308926.497120	3.422729	1.935663	1.957999
1.650279	470930.833942	4398812.424646	7.761073	-0.616390	7.736557	1543308926.611604	3.243806	1.902079	2.041314
1.654040	470930.750678	4398813.169993	7.762795	-0.645300	7.735928	1543308926.703604	3.184646	2.036070	1.982746
1.651500	470930.745524	4398813.997038	7.766316	-0.626146	7.741034	1543308926.816341	3.286325	1.905056	1.968641
1.650596	470930.618198	4398814.746265	7.812890	-0.622908	7.788019	1543308926.896968	3.212348	1.880246	1.981330
1.650420	470930.578365	4398815.520984	7.613038	-0.605614	7.588912	1543308927.015011	3.400149	1.911588	2.010636
1.642465	470930.543278	4398816.330846	7.936180	-0.568688	7.915779	1543308927.098930	3.349809	1.968673	2.044740
1.648303	470930.479971	4398817.085824	7.869875	-0.609150	7.846265	1543308927.221298	3.322747	1.890430	2.069802
1.652699	470930.287750	4398818.662479	7.955732	-0.650892	7.929061	1543308927.411635	3.354070	2.062255	2.007480
1.641915	470930.272384	4398819.440844	7.908275	-0.562404	7.888252	1543308927.498102	3.389459	1.905958	2.032852
1.647910	470930.224881	4398820.166778	7.881659	-0.606905	7.858258	1543308927.614217	3.505873	1.870617	2.030386
1.642070	470930.133964	4398820.992224	7.648078	-0.544926	7.628641	1543308927.700441	3.497226	1.942888	2.028458
1.655364	470930.092272	4398821.847883	7.957955	-0.671866	7.929542	1543308927.810688	3.642870	2.116652	1.989772
1.644323	470929.998713	4398822.537234	7.928584	-0.662064	7.900893	1543308927.900531	3.283693	1.912727	2.041833
1.717075	470929.992637	4398823.402207	7.879457	-0.804798	7.838248	1543308928.008630	3.491139	2.098663	1.973905
1.680740	470929.836746	4398824.172860	7.852333	-0.741586	7.817236	1543308928.097255	3.435961	1.861988	2.078425
1.691158	470929.861160	4398824.900453	7.939649	-0.715650	7.907331	1543308928.209583	3.323618	1.985859	2.048486
1.675978	470929.757052	4398825.642900	8.046004	-0.748916	8.011074	1543308928.298288	3.330210	2.061831	1.965617
1.677881	470929.730626	4398826.389764	7.874359	-0.766452	7.836969	1543308928.407325	3.430256	2.011688	2.071116
1.701122	470929.687897	4398827.178269	7.622675	-0.825128	7.577885	1543308928.496043	3.441299	2.011990	2.021520
1.645229	470929.517515	4398827.949522	7.930395	-0.768848	7.893037	1543308928.610970	3.426527	2.054528	2.028019
1.662834	470929.523308	4398828.763095	7.936180	-0.756301	7.900061	1543308928.702578	3.470872	1.973582	1.963087
1.551803	470929.496427	4398829.587275	7.771276	-0.698223	7.739846	1543308928.807135	3.367661	1.812456	2.025350
1.663634	470929.341193	4398830.409813	7.616124	-0.690488	7.584759	1543308928.898804	3.439005	1.856722	2.041582
1.680456	470929.348114	4398831.129879	7.670008	-0.709223	7.637147	1543308929.007824	3.328497	2.065511	2.016800
1.677777	470929.265365	4398831.916864	7.812541	-0.645957	7.785790	1543308929.097079	3.377170	2.049683	2.077917
1.664839	470929.215229	4398832.685288	7.853990	-0.618053	7.829634	1543308929.204475	3.370867	1.983678	2.060152
1.675044	470929.193219	4398833.477517	7.825383	-0.684341	7.795403	1543308929.298304	3.413333	2.025870	2.065042
1.633334	470928.991086	4398835.045961	7.772001	-0.563314	7.751560	1543308929.497277	3.357721	1.995196	2.066985
1.619570	470928.895395	4398835.962979	7.727835	-0.496028	7.711899	1543308929.614330	3.640056	2.001864	2.049197
1.676170	470928.914505	4398836.781596	7.819729	-0.599086	7.796747	1543308929.697329	3.721202	2.079736	2.051454
1.657099	470928.897142	4398837.370268	7.906311	-0.626059	7.881485	1543308929.811701	3.530803	1.992548	2.076137
1.681890	470928.836585	4398838.190123	7.573674	-0.611026	7.548985	1543308929.896783	3.558092	2.039217	1.978131
1.655851	470928.691247	4398838.911179	7.849651	-0.642411	7.823319	1543308930.010791	3.417012	1.856066	1.976175
1.644963	470928.688399	4398839.743786	7.709441	-0.589762	7.686850	1543308930.099128	3.465927	1.932181	2.073964
1.657504	470928.637351	4398840.510815	7.717469	-0.613268	7.693064	1543308930.217077	3.366973	1.928548	1.979224
1.707937	470928.498230	4398841.373484	7.753877	-0.669291	7.724937	1543308930.298939	3.514312	1.910305	1.992480
1.681225	470928.512055	4398842.084098	7.846487	-0.746656	7.810881	1543308930.407621	3.345370	2.036540	1.984263
1.643382	470928.457604	4398842.900370	7.925521	-0.695276	7.894965	1543308930.503743	3.437199	1.941108	2.066360
1.612142	470928.258314	4398844.444128	7.880886	-0.568349	7.860365	1543308930.701056	3.388235	1.902938	2.056583
1.638428	470928.196121	4398845.228239	7.825493	-0.551358	7.806046	1543308930.807740	3.369739	1.837851	2.070861
1.691275	470928.113777	4398846.006595	7.802627	-0.582356	7.780865	1543308930.902345	3.330683	1.808940	1.976004
1.631658	470928.118281	4398846.801291	7.774105	-0.543787	7.755064	1543308931.006561	3.330091	1.888048	2.075785
1.663147	470928.053470	4398847.526173	7.719938	-0.594510	7.697012	1543308931.094685	3.392871	1.931002	1.980687
1.661171	470927.960768	4398848.384441	7.679825	-0.629294	7.653999	1543308931.207271	3.281954	2.009016	2.000837
1.662964	470927.944580	4398849.177971	8.154197	-0.645443	8.128612	1543308931.300367	3.248236	1.967288	2.021755
1.676805	470927.879559	4398850.001474	7.904829	-0.604578	7.881675	1543308931.409146	3.347161	2.055508	2.026670
1.674442	470927.807894	4398850.740863	7.906977	-0.678339	7.877826	1543308931.506591	3.262652	1.958157	2.016236
1.659008	470927.707213	4398851.485642	7.799013	-0.637360	7.772925	1543308931.617577	3.230050	1.983578	1.980207
1.681074	470927.600482	4398852.227362	7.755718	-0.701920	7.723889	1543308931.700201	3.440676	1.821670	2.046238
1.696567	470927.545129	4398853.033597	7.741060	-0.687158	7.710501	1543308931.812482	3.426282	1.854624	2.037396
1.634499	470927.461394	4398853.897890	7.719151	-0.657835	7.691070	1543308931.900984	3.330118	1.982201	2.061006
1.680095	470927.439171	4398854.708974	8.004573	-0.746186	7.969717	1543308932.011028	3.361835	2.034787	1.982057
1.642033	470927.354085	4398855.485886	7.990618	-0.684231	7.961269	1543308932.102517	3.343288	2.030679	1.992426
1.647670	470927.278000	4398856.234293	7.990578	-0.697749	7.960055	1543308932.208718	3.324700	2.023040	1.982970
1.658964	470927.253115	4398857.004950	7.839549	-0.686761	7.809411	1543308932.301216	3.266974	2.017491	1.975288
1.628495	470927.187566	4398857.854903	7.797343	-0.606387	7.773728	1543308932.407850	3.380511	1.960405	1.990015
1.644406	470927.085595	4398858.583817	7.772714	-0.597406	7.749722	1543308932.498347	3.291237	2.070669	2.001944
1.662818	470927.071689	4398859.352671	7.721367	-0.626552	7.695904	1543308932.611855	3.249900	2.069471	1.999621
1.660766	470926.929065	4398860.910692	7.931779	-0.655677	7.904632	1543308932.808361	3.244859	2.008940	2.069343
1.656368	470926.831496	4398861.693044	7.919404	-0.662841	7.891616	1543308932.901261	3.253012	2.019574	2.060213
1.664223	470926.766654	4398862.482754	7.919493	-0.689875	7.889388	1543308933.020955	3.248658	2.008504	2.070462
1.652125	470926.710314	4398863.287023	7.931367	-0.673443	7.902725	1543308933.097551	3.270626	2.010849	2.072417
1.658496	470926.657718	4398864.090244	7.862756	-0.731290	7.828674	1543308933.209399	3.326710	2.014444	1.973354
1.645246	470926.593884	4398864.880006	7.835086	-0.675212	7.805937	1543308933.301435	3.330763	1.925191	1.976305
1.660889	470926.541846	4398865.649804	7.825579	-0.684914	7.795549	1543308933.409168	3.289873	2.017648	1.981237
1.651251	470926.436986	4398866.430656	7.715796	-0.650437	7.688332	1543308933.499838	3.315402	2.013669	1.997109
1.641439	470926.352969	4398867.201612	7.636674	-0.605397	7.612639	1543308933.605715	3.300065	2.037993	1.996665
1.671491	470926.351710	4398867.971026	7.707057	-0.634524	7.680892	1543308933.694055	3.255596	2.068425	1.997656
1.680131	470926.287784	4398868.762109	7.707584	-0.711679	7.674657	1543308933.815373	3.265826	2.101454	1.996674
1.679626	470926.235279	4398869.589523	7.741389	-0.761387	7.703856	1543308933.899620	3.343924	2.013340	2.003141
1.662318	470926.220497	4398870.337497	7.709924	-0.739187	7.674408	1543308934.010829	3.249759	1.945475	1.999870
1.670520	470926.077252	4398871.141726	7.581454	-0.735852	7.545659	1543308934.095800	3.291010	2.075134	1.992404
1.662112	470925.996857	4398871.929721	7.983309	-0.759726	7.947077	1543308934.210366	3.312900	2.023653	1.978511
1.672742	470925.976785	4398872.666287	7.982215	-0.696754	7.951747	1543308934.303030	3.231325	2.019392	2.069145
1.689828	470925.930529	4398873.469380	7.976846	-0.784864	7.938139	1543308934.411296	3.284557	2.024817	1.975716
1.687038	470925.881901	4398874.271709	7.968201	-0.835975	7.924227	1543308934.501818	3.275211	2.028722	1.982770
1.675255	470925.817014	4398875.097866	7.960790	-0.833687	7.917016	1543308934.608078	3.353439	2.031234	1.994105
1.688158	470925.674717	4398875.827868	7.727020	-0.840933	7.681125	1543308934.699306	3.278131	1.912261	2.008097
1.671149	470925.659273	4398876.623244	7.712494	-0.815782	7.669228	1543308934.811543	3.254721	2.030146	2.006885
1.667745	470925.605396	4398877.425001	7.718444	-0.792458	7.677655	1543308934.898068	3.262117	2.088016	2.002686
1.677025	470925.548144	4398878.219932	7.729893	-0.802963	7.688075	1543308935.015997	3.269107	2.089571	2.003784
1.675262	470925.458139	4398879.057197	7.758497	-0.785347	7.718647	1543308935.102618	3.370769	2.123347	2.016234
1.678818	470925.430455	4398879.810759	7.789061	-0.755800	7.752306	1543308935.207135	3.269982	2.124995	2.022855
1.687473	470925.342897	4398880.596895	7.828558	-0.814908	7.786028	1543308935.299603	3.274620	2.041046	2.012879
1.675726	470925.256641	4398881.414155	7.835933	-0.817526	7.793169	1543308935.410533	3.343644	2.025397	1.994761
1.648960	470925.199281	4398882.187509	7.906455	-0.752666	7.870548	1543308935.502892	3.302522	2.045436	1.985439
1.663581	470925.135731	4398882.997436	7.816173	-0.736712	7.781376	1543308935.607391	3.348439	2.103197	1.998405
1.654874	470925.101209	4398883.737795	7.828884	-0.710954	7.796536	1543308935.697870	3.260317	1.934348	2.012820
1.660429	470924.992927	4398884.527763	7.827530	-0.675579	7.798322	1543308935.811622	3.238550	2.054303	2.019147
1.623809	470924.944085	4398885.326855	7.841905	-0.668542	7.813355	1543308935.906962	3.271246	1.913364	2.018956
1.641245	470924.893499	4398886.141162	7.909157	-0.632703	7.883809	1543308936.020114	3.291984	1.948153	2.014198
1.681051	470924.818321	4398886.928146	7.903227	-0.650790	7.876387	1543308936.109767	3.293080	2.042337	2.008406
1.662577	470924.775466	4398887.742278	7.906040	-0.659492	7.878486	1543308936.206783	3.352028	2.036297	2.018705
1.648561	470924.736059	4398888.511558	7.889240	-0.648831	7.862514	1543308936.308979	3.335835	1.999234	2.013104
1.600924	470924.609864	4398889.327008	7.907958	-0.637920	7.882186	1543308936.407420	3.434720	1.960482	2.012193
1.669482	470924.561830	4398890.115398	7.939443	-0.690741	7.909338	1543308936.510421	3.292287	2.081194	2.015420
1.637182	470924.376935	4398891.699266	7.917152	-0.714327	7.884861	1543308936.709827	3.318617	2.082300	2.018882
1.623761	470924.290245	4398892.485528	7.992942	-0.671581	7.964679	1543308936.812187	3.290247	2.084726	2.049065
1.638325	470924.218735	4398893.316720	7.969173	-0.620604	7.944972	1543308936.910266	3.369796	2.089014	2.053430
1.663296	470924.201747	4398894.079541	7.959161	-0.659110	7.931823	1543308937.015610	3.302512	2.093133	2.037240
1.644278	470924.118145	4398894.854590	7.850306	-0.637590	7.824371	1543308937.109368	3.314940	1.980990	2.005351
1.627113	470924.090835	4398895.607778	7.824211	-0.571145	7.803338	1543308937.210366	3.423850	1.890062	1.964943
1.628198	470924.013183	4398896.393976	7.867906	-0.532076	7.849894	1543308937.311059	3.391501	1.848771	2.058163
1.643049	470924.000779	4398897.200598	7.801053	-0.590214	7.778694	1543308937.412480	3.360727	1.897181	1.963220
1.642571	470923.927370	4398897.999183	7.885712	-0.585454	7.863949	1543308937.506928	3.362852	1.934002	1.972644
1.671350	470923.898683	4398898.765760	7.920750	-0.663265	7.892931	1543308937.611423	3.357993	1.970290	1.984077
1.660604	470923.789311	4398899.556654	7.760317	-0.665931	7.731692	1543308937.712394	3.293036	1.952325	1.997323
1.657493	470923.711877	4398900.355740	7.657794	-0.659497	7.629343	1543308937.811228	3.279262	1.967525	2.013476
1.670562	470923.589880	4398901.915938	7.793993	-0.704921	7.762049	1543308938.013552	3.266054	2.029746	2.017720
1.694932	470923.570749	4398902.707802	7.821658	-0.718979	7.788543	1543308938.112753	3.351305	2.069215	2.017506
1.647975	470923.424143	4398903.473312	7.800519	-0.678108	7.770989	1543308938.218978	3.352587	1.921879	2.008574
1.652431	470923.408180	4398904.302732	7.907419	-0.670723	7.878922	1543308938.308336	3.296520	1.954634	2.008619
1.651365	470923.326088	4398905.086049	7.917120	-0.658980	7.889647	1543308938.415991	3.291026	1.926006	2.008575
1.670382	470923.231772	4398906.024857	7.823122	-0.622679	7.798301	1543308938.511970	3.738144	1.836677	1.996965
1.697844	470923.263647	4398906.661900	7.980150	-0.651153	7.953540	1543308938.609160	3.343182	2.012020	1.992225
1.693949	470923.182254	4398907.483041	7.830092	-0.588482	7.807947	1543308938.710856	3.365351	2.034279	1.991189
1.667910	470923.058959	4398909.008962	8.018156	-0.611104	7.994834	1543308938.911342	3.288692	1.940274	2.012576
1.675813	470922.977203	4398909.800707	8.007550	-0.618478	7.983630	1543308939.011943	3.374300	1.950875	2.009728
1.675385	470922.918591	4398910.607684	7.996589	-0.626265	7.972028	1543308939.110910	3.366580	1.998072	2.007107
1.694697	470922.888284	4398911.413336	7.998061	-0.609151	7.974830	1543308939.208031	3.360124	2.047726	1.999970
1.675507	470922.818129	4398912.196563	7.898824	-0.633965	7.873342	1543308939.309121	3.386243	1.979208	1.996528
1.676631	470922.766433	4398912.980183	7.894683	-0.705289	7.863115	1543308939.413770	3.323403	2.015773	1.999392
1.685040	470922.619700	4398913.768213	7.915458	-0.730255	7.881701	1543308939.509359	3.334227	1.883329	1.996380
1.684860	470922.503125	4398916.097288	7.818211	-0.671280	7.789339	1543308939.810772	3.250043	2.039780	1.987675
1.684003	470922.353950	4398916.925188	7.835248	-0.695842	7.804288	1543308939.910178	3.367727	1.839947	1.985417
1.692894	470922.356234	4398917.786272	7.852519	-0.658638	7.824849	1543308940.011354	3.467026	2.024855	1.986760
1.712052	470922.283539	4398918.583756	7.938639	-0.689058	7.908678	1543308940.109995	3.477699	2.101042	1.987897
1.669176	470922.144618	4398920.133563	7.826761	-0.738688	7.791825	1543308940.310203	3.457676	1.961388	2.008275
1.658918	470922.043097	4398920.859903	7.826170	-0.731990	7.791863	1543308940.408338	3.297162	2.010886	2.027299
1.676605	470921.998503	4398921.687672	7.903184	-0.772822	7.865307	1543308940.511726	3.342283	2.052174	2.047751
1.676750	470921.935181	4398922.485464	7.871845	-0.792682	7.831832	1543308940.608640	3.377724	2.107501	2.051369
1.677512	470921.865945	4398923.244350	7.948224	-0.817126	7.906110	1543308940.711196	3.285276	2.019114	2.040691
1.691784	470921.759596	4398924.834923	7.880265	-0.832285	7.836191	1543308940.911965	3.370785	2.015790	2.005878
1.687417	470921.620525	4398925.624074	7.944230	-0.871022	7.896335	1543308941.009323	3.325351	1.891259	2.006373
1.689561	470921.626038	4398926.418688	7.927176	-0.893269	7.876687	1543308941.112607	3.356021	2.009386	2.015890
1.700445	470921.570528	4398927.220576	7.936446	-0.941561	7.880396	1543308941.210807	3.369235	2.009391	2.011322
1.696966	470921.416110	4398927.991479	7.918891	-0.958373	7.860684	1543308941.309086	3.362564	1.871685	1.990435
1.655661	470921.415159	4398928.811006	7.945814	-0.872221	7.897796	1543308941.415232	3.480932	1.967937	1.963831
1.677047	470921.347550	4398929.549814	7.922788	-0.858697	7.876116	1543308941.514672	3.392150	2.109799	1.965873
1.723762	470921.176855	4398930.356173	7.850127	-0.880525	7.800588	1543308941.611424	3.386086	1.829799	1.985988
1.692919	470921.185572	4398931.151210	7.920090	-0.913602	7.867220	1543308941.709131	3.331625	1.904078	2.010612
1.707801	470921.098776	4398932.742821	7.959700	-0.946222	7.903258	1543308941.910966	3.372322	2.050804	2.006580
1.699623	470921.008239	4398933.535318	7.978264	-0.976828	7.918239	1543308942.011789	3.365952	1.996497	2.002053
1.698993	470920.889142	4398934.316963	7.966937	-0.991780	7.904964	1543308942.110040	3.356159	1.917247	2.000266
1.682568	470920.886882	4398935.113071	7.975513	-0.957083	7.917879	1543308942.223755	3.362328	1.990005	1.993376
1.665024	470920.758428	4398935.904318	7.973205	-0.880616	7.924425	1543308942.310838	3.355450	1.825046	1.980589
1.680941	470920.687889	4398936.685817	7.964462	-0.877906	7.915929	1543308942.421915	3.343542	1.832311	1.981777
1.675319	470920.686404	4398937.489618	7.991919	-0.863172	7.945168	1543308942.515798	3.337947	1.938368	1.983492
1.670766	470920.622904	4398938.280857	7.990201	-0.840001	7.945924	1543308942.619167	3.364526	2.000134	1.991607
1.688920	470920.508304	4398939.867732	7.976581	-0.876956	7.928227	1543308942.820809	3.358740	1.973880	1.997561
1.678156	470920.436137	4398940.643565	7.973936	-0.868655	7.926481	1543308942.911430	3.327065	2.016698	1.998484
1.657266	470920.360760	4398941.426702	7.978619	-0.802877	7.938120	1543308943.020797	3.336759	1.966002	2.001726
1.678836	470920.226256	4398942.187200	8.052565	-0.779955	8.014704	1543308943.111748	3.342291	1.858702	2.010462
1.684737	470920.221414	4398943.013318	8.079277	-0.833236	8.036195	1543308943.219109	3.363661	1.999970	2.015233
1.670225	470920.155848	4398943.786896	8.043357	-0.818302	8.001623	1543308943.315398	3.327877	1.954310	2.013738
1.678994	470920.026584	4398944.546884	7.947201	-0.824895	7.904274	1543308943.416021	3.358521	1.858603	2.017181
1.673359	470920.027489	4398945.409977	7.989766	-0.825306	7.947026	1543308943.511255	3.469248	2.000813	2.009843
1.689645	470919.970885	4398946.160012	8.001364	-0.872321	7.953671	1543308943.621461	3.371509	2.037265	2.014394
1.671926	470919.863996	4398946.931482	7.962942	-0.845526	7.917925	1543308943.709962	3.369771	1.949623	2.023574
1.677620	470919.839070	4398947.870558	7.799374	-0.829292	7.755160	1543308943.825332	3.643622	2.031942	2.019825
1.688566	470919.701276	4398948.535617	7.798659	-0.861690	7.750907	1543308943.911756	3.352625	1.839955	2.015185
1.737942	470919.593493	4398949.323834	7.801038	-0.746203	7.765267	1543308944.010979	3.402643	1.827621	1.995883
1.732016	470919.549988	4398950.108458	7.812291	-0.914280	7.758607	1543308944.109207	3.390869	1.847587	1.980681
1.696783	470919.625081	4398950.908847	8.062057	-0.970056	8.003484	1543308944.217014	3.371926	2.063530	1.975582
1.669298	470919.551597	4398951.660762	8.016443	-0.901934	7.965543	1543308944.310248	3.308112	1.992607	1.968374
1.698839	470919.490106	4398952.485121	7.825451	-0.922299	7.770911	1543308944.419559	3.375259	2.061080	1.974907
1.699551	470919.358329	4398953.247708	8.021408	-0.888250	7.972076	1543308944.516521	3.381653	1.939158	1.994836
1.702117	470919.277923	4398954.802967	8.095080	-0.896026	8.045338	1543308944.710135	3.338157	2.012136	2.020471
1.703872	470919.217897	4398955.611495	8.052683	-0.953890	7.995986	1543308944.817664	3.366642	2.060150	2.021410
1.699965	470919.131017	4398956.403214	8.041707	-0.983024	7.981399	1543308944.911268	3.336890	2.031759	2.017437
1.710062	470919.062395	4398957.209489	8.054424	-1.034474	7.987716	1543308945.013724	3.381649	2.012926	2.014237
1.693134	470918.927795	4398958.757412	8.000502	-0.995893	7.938276	1543308945.220488	3.405463	2.017593	2.000953
1.700482	470918.893865	4398959.548571	7.836459	-0.988620	7.773849	1543308945.318959	3.383864	2.051957	1.981314
1.701709	470918.720898	4398960.330593	8.020302	-1.024318	7.954622	1543308945.419789	3.399342	1.843634	1.967268
1.699992	470918.687579	4398961.144556	7.843657	-1.004861	7.779024	1543308945.510875	3.407236	1.880682	2.068800
1.713653	470918.635170	4398961.923597	7.989044	-1.061716	7.918181	1543308945.615134	3.398098	1.912701	1.974020
1.645791	470918.501207	4398963.605034	8.035603	-0.862907	7.989137	1543308945.818972	3.561590	1.979019	1.998942
1.653869	470918.447034	4398964.253758	7.847065	-0.776231	7.808578	1543308945.914263	3.272513	1.965178	2.008756
1.707138	470918.427141	4398965.068413	8.003438	-0.785417	7.964806	1543308946.020867	3.263939	2.026362	2.013046
1.667691	470918.345152	4398965.775769	7.932520	-0.774411	7.894629	1543308946.117765	3.340896	1.991526	2.011774
1.680680	470918.286991	4398966.591735	7.985044	-0.785192	7.946345	1543308946.219750	3.356477	2.049491	2.015683
1.695370	470918.236556	4398967.380492	7.976491	-0.860168	7.929976	1543308946.312210	3.337417	2.049087	2.014793
1.667196	470918.024142	4398969.001047	7.839941	-0.741023	7.804842	1543308946.512209	3.308499	1.841241	1.972816
1.636221	470918.007715	4398969.759352	7.858909	-0.720663	7.825797	1543308946.610984	3.311607	1.908528	2.068334
1.665394	470917.898845	4398970.568262	7.972787	-0.738861	7.938477	1543308946.713922	3.340530	1.825201	2.072850
1.651263	470917.883639	4398971.330177	8.083463	-0.736468	8.049844	1543308946.823631	3.398259	1.896348	1.987757
1.664880	470917.711073	4398972.950012	8.092499	-0.721038	8.060313	1543308947.017803	3.274601	2.038450	2.016762
1.659670	470917.587104	4398974.532108	8.151153	-0.685001	8.122319	1543308947.215248	3.277327	2.089066	2.063017
1.649301	470917.579744	4398975.328439	8.075511	-0.663023	8.048247	1543308947.314481	3.278044	1.970169	2.050189
1.646399	470917.465392	4398976.129551	7.854115	-0.627568	7.829003	1543308947.423532	3.362474	2.083435	2.018992
1.661006	470917.407818	4398976.842626	7.938611	-0.591366	7.916554	1543308947.516016	3.326039	2.021069	1.988344
1.681292	470917.330547	4398977.649185	7.765724	-0.658949	7.737716	1543308947.611660	3.327951	1.884011	2.070925
1.644199	470917.279324	4398978.462143	7.854099	-0.685207	7.824152	1543308947.709426	3.390117	1.822985	2.054097
1.616628	470917.211590	4398979.213283	7.893440	-0.619760	7.869071	1543308947.817359	3.325025	1.956338	2.054170
1.673340	470917.190868	4398980.053008	7.860526	-0.650441	7.833568	1543308947.911777	3.470604	1.977979	2.053645
1.712469	470917.029824	4398980.754921	7.861595	-0.798645	7.820924	1543308948.019505	3.458772	1.817799	2.067193
1.690053	470917.011596	4398982.363349	8.020287	-0.857444	7.974320	1543308948.227160	3.340419	1.958827	1.981499
1.679133	470916.844169	4398983.940606	7.965897	-0.883924	7.916703	1543308948.425069	3.291445	2.006078	1.995162
1.672962	470916.789667	4398984.721243	7.910234	-0.852255	7.864188	1543308948.508153	3.340413	2.004646	1.996540
1.663171	470916.635050	4398986.309831	7.936237	-0.756340	7.900114	1543308948.713267	3.313029	1.998038	1.993300
1.692642	470916.648241	4398987.105139	7.981455	-0.837682	7.937375	1543308948.820389	3.281769	2.060138	2.002509
1.680026	470916.535756	4398987.891312	7.985243	-0.849427	7.939936	1543308948.913197	3.273289	2.047258	2.013765
1.663008	470916.452149	4398988.661413	7.945726	-0.736485	7.911520	1543308949.024421	3.249077	2.044849	2.020751
1.686296	470916.361487	4398990.296591	7.816655	-0.785568	7.777080	1543308949.222170	3.382335	2.098058	2.027486
1.682597	470916.299006	4398991.023649	7.988084	-0.833294	7.944501	1543308949.314730	3.265393	2.034738	2.020363
1.689980	470916.245609	4398991.865086	7.977725	-0.874837	7.929612	1543308949.424164	3.362292	2.094702	2.013271
1.660870	470916.145826	4398992.616137	8.004833	-0.799112	7.964846	1543308949.513731	3.339397	2.031906	2.005561
1.666731	470916.135226	4398993.381551	8.009669	-0.776991	7.971893	1543308949.620924	3.273979	2.018952	1.999037
1.670032	470916.040287	4398994.165109	7.974031	-0.779467	7.935843	1543308949.710901	3.282211	2.033773	1.984961
1.663010	470915.954015	4398994.966025	7.965254	-0.761773	7.928743	1543308949.823238	3.309979	2.083235	1.981432
1.677714	470915.890172	4398995.702936	7.789429	-0.776483	7.750630	1543308949.911691	3.214316	2.027395	1.976909
1.689705	470915.844095	4398996.498595	7.953599	-0.848525	7.908207	1543308950.021326	3.249096	2.022855	1.976846
1.682332	470915.653398	4398998.869121	7.713498	-0.710405	7.680715	1543308950.311685	3.253412	2.077778	2.022700
1.691873	470915.594308	4398999.670993	7.995410	-0.688319	7.965727	1543308950.418687	3.270905	2.104909	2.020317
1.661603	470915.532861	4399000.437547	7.992701	-0.700883	7.961911	1543308950.512744	3.252232	1.971640	2.014214
1.669193	470915.424094	4399001.209913	7.990229	-0.730990	7.956721	1543308950.618644	3.241695	2.105004	2.005638
1.677599	470915.360044	4399002.024357	7.695247	-0.698094	7.663517	1543308950.712897	3.293542	2.074326	2.005864
1.658430	470915.319663	4399002.834060	7.683475	-0.688279	7.652586	1543308950.828075	3.332092	1.930199	2.003666
1.678832	470915.257762	4399003.614006	7.776819	-0.749285	7.740639	1543308950.911208	3.337226	2.098740	2.007241
1.681969	470915.175356	4399004.358710	7.846919	-0.799667	7.806067	1543308951.017883	3.256433	2.099621	2.009376
1.675974	470915.021921	4399005.926722	7.973810	-0.792442	7.934335	1543308951.218884	3.274746	2.069483	2.002353
1.675052	470914.954797	4399006.745413	7.973647	-0.806410	7.932764	1543308951.310282	3.334357	2.066622	2.005439
1.677716	470914.937649	4399007.551486	8.048536	-0.830435	8.005580	1543308951.417177	3.344231	2.093609	2.004622
1.674974	470914.828473	4399008.332666	7.987601	-0.794460	7.947994	1543308951.511648	3.342963	2.064503	2.008517
1.674600	470914.799726	4399009.118653	8.050040	-0.700751	8.019482	1543308951.621670	3.339404	2.016258	1.996475
1.649349	470914.755071	4399009.923944	8.082812	-0.646305	8.056931	1543308951.711995	3.348756	1.976615	1.985859
1.676414	470914.658101	4399010.662937	8.051570	-0.687253	8.022185	1543308951.817702	3.269625	2.068541	1.980319
1.694066	470914.637479	4399011.452384	8.054965	-0.674562	8.026670	1543308951.912784	3.270945	2.060351	2.076005
1.665863	470914.582782	4399012.275334	7.875514	-0.688189	7.845388	1543308952.019343	3.337788	1.988245	1.978595
1.663007	470914.527851	4399013.021619	7.854653	-0.699384	7.823454	1543308952.112470	3.232787	1.953096	1.990424
1.690928	470914.439870	4399013.825375	7.903809	-0.724913	7.870495	1543308952.215067	3.258102	2.059021	2.000079
1.690329	470914.366555	4399014.611604	7.888749	-0.744314	7.853557	1543308952.310887	3.259275	2.056949	2.008491
1.694642	470914.292891	4399015.465831	7.910699	-0.682604	7.881193	1543308952.418416	3.379438	2.054300	2.008022
1.697949	470914.265564	4399016.195116	7.955293	-0.626501	7.930585	1543308952.521011	3.293099	2.054156	2.006910
1.687050	470914.187724	4399016.962611	7.920018	-0.670693	7.891569	1543308952.619020	3.311709	2.055672	2.018903
1.710125	470914.045385	4399018.621639	7.962834	-0.682801	7.933505	1543308952.819332	3.410213	2.055446	2.019222
1.698077	470913.939478	4399020.129713	7.954963	-0.653496	7.928076	1543308953.019747	3.334584	2.052651	2.017070
1.692171	470913.805461	4399021.708562	7.913162	-0.615020	7.889226	1543308953.220183	3.318371	2.050250	2.010994
1.666487	470913.755392	4399022.549352	7.893047	-0.588198	7.871100	1543308953.327022	3.329519	2.011278	1.999393
1.665854	470913.626064	4399023.293529	7.887312	-0.645996	7.860813	1543308953.422184	3.247498	2.053550	1.986199
1.673069	470913.601321	4399024.135058	7.927102	-0.615407	7.903178	1543308953.516698	3.348859	2.048283	1.979162
1.666600	470913.524850	4399024.911695	7.949215	-0.636280	7.923709	1543308953.619397	3.324755	2.079854	1.978079
1.687482	470913.455624	4399025.681517	7.869985	-0.652112	7.842921	1543308953.725121	3.283044	2.002592	2.075255
1.655700	470913.365513	4399026.462313	7.909754	-0.656579	7.882456	1543308953.817617	3.279765	1.994646	1.987587
1.677949	470913.360216	4399027.270304	7.894469	-0.724220	7.861179	1543308953.921255	3.319806	2.048804	1.995333
1.661180	470913.281351	4399028.049083	7.904994	-0.721083	7.872037	1543308954.021809	3.311055	2.076063	1.992998
1.654143	470913.120303	4399029.640042	7.930536	-0.692968	7.900202	1543308954.217506	3.353236	2.128575	1.989604
1.694848	470913.054866	4399031.163697	7.905579	-0.699298	7.874590	1543308954.416095	3.278715	2.046558	1.996751
1.668558	470912.947580	4399031.984308	7.968921	-0.732055	7.935225	1543308954.522842	3.331985	2.132202	1.995554
1.669172	470912.909381	4399032.767435	7.972079	-0.751532	7.936576	1543308954.615843	3.310699	2.075964	1.995777
1.655327	470912.881377	4399033.541549	7.931602	-0.718886	7.898957	1543308954.719405	3.327521	1.947829	2.000648
1.670031	470912.751218	4399034.350576	7.885979	-0.710240	7.853930	1543308954.816253	3.320213	2.121221	2.005145
1.694123	470912.725464	4399035.091431	7.929221	-0.766499	7.892086	1543308954.922372	3.283780	2.074938	2.002930
1.663093	470912.675662	4399035.915693	7.881913	-0.688596	7.851776	1543308955.017827	3.307723	1.992698	1.993115
1.644986	470912.556352	4399036.653873	7.918873	-0.710693	7.886918	1543308955.111794	3.216462	1.938396	1.990511
1.657385	470912.483614	4399037.493196	7.973383	-0.697261	7.942838	1543308955.217850	3.338477	2.048388	1.986960
1.671279	470912.410255	4399038.227354	7.985949	-0.735902	7.951970	1543308955.312785	3.233815	2.080440	1.986546
1.702651	470912.412500	4399039.072155	7.902458	-0.668810	7.874105	1543308955.417138	3.408144	2.047554	2.003386
1.698398	470912.356595	4399039.848452	7.838133	-0.628225	7.812916	1543308955.510324	3.347956	2.047697	2.014614
1.703254	470912.292980	4399040.627494	7.828774	-0.622887	7.803955	1543308955.621432	3.396177	2.048642	2.023902
1.713892	470912.165832	4399042.161911	7.974917	-0.657153	7.947795	1543308955.811948	3.320071	2.078681	2.031100
1.701335	470912.067807	4399043.002051	7.852131	-0.607775	7.828574	1543308955.912425	3.435889	2.054884	2.023006
1.689227	470912.004591	4399043.743180	7.797653	-0.602983	7.774304	1543308956.019810	3.263555	2.083526	1.999237
1.662758	470911.948891	4399044.549268	7.785452	-0.665805	7.756930	1543308956.111677	3.304480	1.930487	1.981949
1.678940	470911.778510	4399046.093915	7.895666	-0.656935	7.868289	1543308956.308755	3.281632	2.090312	2.072591
1.674641	470911.736319	4399046.868670	8.013569	-0.634712	7.988394	1543308956.417722	3.260708	2.060441	1.992101
1.664683	470911.696557	4399047.652614	8.009809	-0.600946	7.987234	1543308956.509997	3.240812	1.959015	1.996337
1.682873	470911.566621	4399048.497883	8.003994	-0.687831	7.974385	1543308956.624094	3.363557	2.065801	1.993019
1.664477	470911.530415	4399049.237937	7.696498	-0.681486	7.666268	1543308956.708890	3.279344	2.015498	1.987283
1.643088	470911.430051	4399050.028964	7.692335	-0.646006	7.665161	1543308956.812645	3.297687	2.013537	1.991513
1.659027	470911.359546	4399051.623711	7.783411	-0.697670	7.752079	1543308957.020346	3.314008	1.993813	1.996629
1.673777	470911.310039	4399052.429322	7.796751	-0.702209	7.765065	1543308957.110111	3.330818	2.017996	1.997964
1.669686	470911.233065	4399053.184508	7.753206	-0.721808	7.719533	1543308957.218281	3.273427	2.004146	1.995482
1.667848	470911.083435	4399053.989367	7.754141	-0.692208	7.723183	1543308957.313822	3.344418	2.076155	2.002171
1.676147	470911.048698	4399054.735630	7.736519	-0.714266	7.703477	1543308957.419803	3.267549	2.075512	2.012276
1.670295	470911.033425	4399055.518894	7.688361	-0.729635	7.653661	1543308957.521433	3.249908	1.996156	2.010504
1.676723	470910.963447	4399056.301300	7.694297	-0.761502	7.656522	1543308957.619351	3.260643	2.003375	2.011486
1.678273	470910.873519	4399057.083960	7.698658	-0.786255	7.658403	1543308957.724233	3.256603	2.082360	2.011173
1.677649	470910.789665	4399057.866492	7.569381	-0.785082	7.528558	1543308957.813416	3.253617	2.085246	2.005234
1.679399	470910.738011	4399058.682409	7.569300	-0.797816	7.527137	1543308957.920626	3.278804	2.091013	1.999364
1.668560	470910.704617	4399059.490756	7.597746	-0.779136	7.557691	1543308958.019541	3.319970	2.003398	2.000616
1.676022	470910.544483	4399061.045107	7.660581	-0.733523	7.625382	1543308958.227021	3.305066	2.042469	2.005567
1.701596	470910.502894	4399061.852550	7.803677	-0.732931	7.769182	1543308958.318368	3.324832	2.094872	2.011462
1.680673	470910.200530	4399064.929901	7.784086	-0.843466	7.738253	1543308958.718710	3.352130	1.889410	2.068560
1.704923	470910.221710	4399065.700160	7.751216	-0.817162	7.708022	1543308958.819682	3.442631	2.068512	2.051399
1.667452	470910.137260	4399066.488560	7.821116	-0.743869	7.785661	1543308958.922964	3.340750	1.971339	2.056181
1.669704	470910.058838	4399067.310007	7.986375	-0.769435	7.949224	1543308959.022686	3.281826	1.967578	1.975639
1.688692	470909.878937	4399068.881477	7.997394	-0.824928	7.954734	1543308959.217896	3.286131	1.875772	2.003674
1.685578	470909.889277	4399069.694495	8.024650	-0.860705	7.978358	1543308959.319052	3.334008	2.028386	1.999649
1.685654	470909.831561	4399070.460347	7.976787	-0.877321	7.928394	1543308959.409240	3.293883	2.010786	1.998761
1.677367	470909.805776	4399071.218078	7.821617	-0.850461	7.775243	1543308959.523389	3.317486	2.011086	2.001183
1.673548	470909.744828	4399072.021025	7.841436	-0.779458	7.802599	1543308959.617113	3.280967	1.982347	2.008677
1.667448	470909.656322	4399072.796118	7.848026	-0.771694	7.809993	1543308959.720671	3.275615	2.095386	2.022927
1.630600	470909.621867	4399073.678056	7.864247	-0.667065	7.835905	1543308959.817302	3.472295	1.936126	2.033045
1.664978	470909.500553	4399074.344942	7.913465	-0.697440	7.882671	1543308959.919233	3.225402	1.838436	2.032659
1.644230	470909.510182	4399075.153794	7.941617	-0.658099	7.914302	1543308960.019783	3.374655	1.957632	2.019199
1.680983	470909.380232	4399076.683777	7.885273	-0.674920	7.856336	1543308960.218822	3.266126	1.985353	1.997419
1.670776	470909.330852	4399077.524249	7.952012	-0.666458	7.924035	1543308960.319658	3.284722	2.004247	2.021863
1.635317	470909.170798	4399078.319001	7.916684	-0.612767	7.892933	1543308960.417403	3.328458	1.992862	2.050184
1.663142	470909.155292	4399079.109287	7.884419	-0.651408	7.857463	1543308960.522382	3.345929	2.082268	2.049980
1.641410	470909.105224	4399079.863155	7.836936	-0.617113	7.812601	1543308960.626257	3.320386	1.904773	2.026729
1.693715	470909.030312	4399080.623488	7.707740	-0.671799	7.678407	1543308960.721457	3.345431	1.994795	2.001499
1.673050	470908.976189	4399081.439522	7.739531	-0.712682	7.706648	1543308960.826640	3.480571	1.989810	1.981805
1.684978	470908.851869	4399082.148582	7.826903	-0.775085	7.788431	1543308960.919212	3.289923	1.881391	1.997883
1.662228	470908.811295	4399082.929845	7.863608	-0.751198	7.827645	1543308961.015898	3.286398	1.969794	2.008202
1.664926	470908.734832	4399083.702753	7.846875	-0.732273	7.812633	1543308961.119052	3.294303	2.033034	2.010499
1.669698	470908.572449	4399086.091440	7.845032	-0.768093	7.807340	1543308961.416570	3.269792	2.038121	2.013630
1.660017	470908.439172	4399087.785751	7.784997	-0.724858	7.751178	1543308961.616894	3.661310	1.968632	1.998808
1.677333	470908.274824	4399089.320479	7.835270	-0.670603	7.806520	1543308961.816244	3.423822	1.868297	1.990450
1.670954	470908.282385	4399090.043065	7.814827	-0.710157	7.782493	1543308961.918202	3.310314	1.959795	1.989081
1.658656	470908.225586	4399090.801445	7.928730	-0.690363	7.898617	1543308962.020439	3.373954	1.961787	1.993753
1.638148	470908.078346	4399092.404996	8.007855	-0.602302	7.985172	1543308962.216930	3.355869	1.904101	1.992400
1.652203	470907.928006	4399093.208872	7.983055	-0.618028	7.959095	1543308962.322511	3.398916	1.922244	1.992363
1.642511	470907.949083	4399093.975856	7.989303	-0.636287	7.963925	1543308962.408659	3.406132	1.903325	1.997632
1.681013	470907.898823	4399094.739232	7.838284	-0.659167	7.810518	1543308962.517733	3.395339	1.984755	2.006120
1.655244	470907.803367	4399095.559333	8.007437	-0.674184	7.979005	1543308962.626929	3.306239	2.015279	2.022245
1.657480	470907.718342	4399096.378264	7.956371	-0.628504	7.931509	1543308962.719958	3.320289	2.024524	2.033760
1.669659	470907.667646	4399097.139119	7.910466	-0.680094	7.881177	1543308962.821980	3.256217	2.107728	2.041059
1.666584	470907.621563	4399097.945250	7.848091	-0.701798	7.816649	1543308962.919874	3.332268	2.022194	2.030814
1.663263	470907.497904	4399099.430318	7.913324	-0.742480	7.878415	1543308963.125332	3.367421	1.959388	2.017752
1.685713	470907.452465	4399100.229127	7.895632	-0.736008	7.861253	1543308963.225305	3.375398	1.993171	2.007940
1.680250	470907.247453	4399102.615004	7.819919	-0.788411	7.780073	1543308963.525037	3.321684	1.979359	2.006894
1.697159	470907.179613	4399103.402392	7.839989	-0.732170	7.805726	1543308963.616463	3.314463	1.975834	1.997168
1.662472	470907.060460	4399104.176446	7.793444	-0.722455	7.759886	1543308963.720597	3.343056	1.839569	1.992864
1.681207	470907.009642	4399104.989764	7.824918	-0.699722	7.793570	1543308963.821338	3.342845	1.881253	1.992912
1.664388	470906.986681	4399105.749688	7.911964	-0.681612	7.882549	1543308963.920819	3.345625	1.934538	1.992013
1.666130	470906.863761	4399107.338488	7.923997	-0.704656	7.892603	1543308964.123881	3.312915	1.951538	1.983608
1.660732	470906.791669	4399108.122410	7.928012	-0.707645	7.896367	1543308964.224243	3.316248	1.938362	1.980957
1.666213	470906.715847	4399108.903321	7.941107	-0.666933	7.913051	1543308964.323880	3.338093	1.910172	1.989921
1.697860	470906.646198	4399109.698066	8.036635	-0.713638	8.004888	1543308964.419133	3.329370	2.000757	2.003852
1.683001	470906.567199	4399110.474106	8.057164	-0.700779	8.026630	1543308964.521527	3.379493	1.945200	2.002673
1.666588	470906.435003	4399112.045284	8.095802	-0.735883	8.062288	1543308964.721639	3.325760	1.963597	2.003416
1.669640	470906.360964	4399112.835916	8.036360	-0.688698	8.006796	1543308964.821290	3.285180	1.992280	2.007629
1.681218	470906.336356	4399113.631171	8.049283	-0.760542	8.013272	1543308964.922355	3.274730	2.039112	2.015129
1.681214	470906.247459	4399114.425074	8.053638	-0.808231	8.012980	1543308965.017920	3.270821	1.987928	2.017976
1.683961	470906.152859	4399115.990647	8.052841	-0.738004	8.018952	1543308965.220592	3.267930	2.029351	2.011628
1.674077	470906.038963	4399116.778493	7.991557	-0.765792	7.954781	1543308965.317331	3.254415	1.982597	2.010005
1.666743	470905.943065	4399117.612715	7.860459	-0.730928	7.826401	1543308965.421155	3.333248	2.016527	2.019488
1.664767	470905.885361	4399118.400692	7.886019	-0.721982	7.852900	1543308965.522132	3.329135	2.100341	2.020796
1.631371	470905.808466	4399119.213517	7.913123	-0.647538	7.886584	1543308965.619218	3.386951	2.009395	2.018371
1.640727	470905.729458	4399119.929138	7.951391	-0.688893	7.921493	1543308965.721772	3.326958	2.005516	2.001590
1.637270	470905.717826	4399120.720081	8.103323	-0.645091	8.077605	1543308965.825566	3.324931	1.898364	1.980052
1.654352	470905.603153	4399121.532750	8.119035	-0.657318	8.092383	1543308965.921283	3.439507	1.801577	1.980052
1.680092	470905.593802	4399122.295040	8.118588	-0.734160	8.085325	1543308966.019840	3.312097	1.968612	1.990314
1.658994	470905.461272	4399123.070642	7.968287	-0.748920	7.933014	1543308966.118770	3.290871	2.037143	2.008809
1.679113	470905.377318	4399124.646829	7.878105	-0.665224	7.849969	1543308966.321311	3.265680	2.038696	2.009103
1.668247	470905.329498	4399125.418909	7.868957	-0.700920	7.837678	1543308966.425517	3.412501	1.975961	2.000397
1.713037	470905.315866	4399126.204576	7.884275	-0.673104	7.855490	1543308966.517744	3.340054	2.075733	2.002499
1.652644	470905.091659	4399127.756077	7.898567	-0.692227	7.868176	1543308966.719135	3.311011	2.027163	1.999973
1.614380	470904.850760	4399130.162729	7.897149	-0.678928	7.867910	1543308967.017431	3.348722	2.081563	2.022682
1.641990	470904.815737	4399130.960792	7.887344	-0.659030	7.859763	1543308967.120162	3.367793	2.082952	2.015418
1.670145	470904.831609	4399131.725997	7.839212	-0.660065	7.811374	1543308967.220904	3.303249	1.996387	2.011767
1.610645	470904.723366	4399132.528279	7.865000	-0.538221	7.846563	1543308967.323339	3.340472	1.881804	2.021087
1.607575	470904.581026	4399133.268938	7.857714	-0.447768	7.844945	1543308967.421201	3.268860	2.077049	2.028818
1.625837	470904.570421	4399134.084780	7.902517	-0.444060	7.890030	1543308967.519152	3.298410	2.079113	2.026973
1.657407	470904.518730	4399135.595595	7.880350	-0.521270	7.863091	1543308967.719342	3.345500	1.930336	1.984959
1.642905	470904.384231	4399137.187811	7.822863	-0.561714	7.802670	1543308967.919091	3.307616	1.928812	2.068569
1.655483	470904.269135	4399137.958547	7.885988	-0.596259	7.863414	1543308968.024582	3.326571	1.838117	1.982229
1.664121	470904.266978	4399138.861538	7.921335	-0.639455	7.895483	1543308968.120080	3.639363	1.971734	1.979033
1.689478	470904.211224	4399139.561110	8.042107	-0.600452	8.019660	1543308968.226098	3.250783	2.017785	1.997012
1.652477	470904.137781	4399140.405153	8.055588	-0.615739	8.032022	1543308968.324736	3.340922	1.966686	2.014021
1.658611	470904.002343	4399141.163980	8.029790	-0.667950	8.001961	1543308968.421427	3.316475	2.078114	2.005056
1.662188	470903.996991	4399141.960867	8.012384	-0.690440	7.982580	1543308968.525454	3.327854	2.068767	2.002315
1.657716	470903.909249	4399142.746025	7.971733	-0.689198	7.941885	1543308968.623074	3.340929	1.990126	2.008152
1.655799	470903.826172	4399143.548074	7.974924	-0.684938	7.945457	1543308968.726928	3.360710	2.076311	2.026691
1.646819	470903.578273	4399146.642861	7.900754	-0.620695	7.876335	1543308969.134012	3.270273	2.005512	2.003506
1.651565	470903.503952	4399147.421880	7.882611	-0.627082	7.857628	1543308969.219787	3.265051	1.978887	2.001169
1.658114	470903.404878	4399148.989411	7.887043	-0.601980	7.864037	1543308969.422185	3.227577	2.062135	1.997468
1.682791	470903.292638	4399150.512702	7.667328	-0.712271	7.634173	1543308969.625591	3.337403	2.065612	1.978465
1.675809	470903.240508	4399151.170153	7.473252	-0.645674	7.445307	1543308969.722078	3.350360	2.050545	1.977693
1.630650	470903.208208	4399151.891315	7.161854	-0.555726	7.140260	1543308969.822088	3.454276	1.911503	1.982786
1.666799	470903.071539	4399153.099599	6.146923	-0.562515	6.121131	1543308970.019014	3.256251	2.051373	1.994785
1.638623	470902.980335	4399153.663669	5.383751	-0.461618	5.363925	1543308970.122777	3.320579	2.021589	2.084426
1.729194	470903.043505	4399154.570119	4.588493	-0.428470	4.568444	1543308970.321061	3.438879	2.173899	2.076061
1.688938	470902.957817	4399154.937772	3.688380	-0.372029	3.669570	1543308970.423935	3.292968	1.999293	2.065798
1.667536	470902.878385	4399155.253683	3.330000	-0.339488	3.312650	1543308970.524213	3.451146	1.996607	2.044456
1.679902	470902.877751	4399155.593524	2.917205	-0.305869	2.901125	1543308970.622416	3.493331	2.035824	2.071888
1.647568	470902.820292	4399155.854521	2.304441	-0.234324	2.292497	1543308970.722619	3.346526	2.100597	2.014845
1.690618	470902.820958	4399156.139128	2.135038	-0.207638	2.124917	1543308970.820616	3.381242	2.046690	2.071310
1.689590	470902.829451	4399156.356788	1.968746	-0.195001	1.959065	1543308970.924364	3.438068	2.069558	2.062818
1.644711	470902.766624	4399156.652256	1.606785	-0.147628	1.599989	1543308971.023010	3.471689	2.042111	1.990039
1.694725	470902.800842	4399156.725668	1.411315	-0.142549	1.404097	1543308971.120497	3.387876	2.103428	1.983026
1.689577	470902.799608	4399156.954514	1.250283	-0.133187	1.243169	1543308971.226189	3.330352	2.034106	1.988009
1.676266	470902.780105	4399157.278492	1.241455	-0.143466	1.233138	1543308971.423235	3.501664	2.040749	2.007135
1.687570	470902.722365	4399157.561592	1.239750	-0.147071	1.230995	1543308971.622748	3.472083	2.050051	2.009256
1.634613	470902.664493	4399157.638985	1.077968	-0.099695	1.073348	1543308971.733036	3.353372	2.019817	2.012495
1.677429	470902.711989	4399157.760722	1.143200	-0.109777	1.137917	1543308971.822606	3.294470	2.011266	2.127599
1.672104	470902.670769	4399157.973545	0.799687	-0.069888	0.796627	1543308971.931763	3.523018	2.076486	2.027502
1.678685	470902.700956	4399157.985113	0.617800	-0.053611	0.615469	1543308972.023144	3.298980	2.043994	2.025673
1.641224	470902.626895	4399158.171925	0.460607	-0.035573	0.459231	1543308972.129230	3.674109	2.048848	2.020359
1.651546	470902.648671	4399158.119669	0.459121	-0.032666	0.457957	1543308972.224312	3.428731	2.048130	2.023854
1.666320	470902.646525	4399158.227711	0.459320	-0.035305	0.457961	1543308972.322333	3.490544	2.060643	2.104671
1.674968	470902.644429	4399158.304884	0.526766	-0.043797	0.524942	1543308972.430362	3.550636	2.089720	2.094408
1.658568	470902.642530	4399158.459757	0.137500	-0.010537	0.137096	1543308972.626601	3.567377	2.022316	2.060277
1.669885	470902.641738	4399158.495744	0.000000	0.000000	0.000000	1543308972.721709	3.619286	2.101501	2.054621
1.660064	470902.617412	4399158.476092	0.000000	0.000000	0.000000	1543308972.827004	3.396552	2.059285	2.036065
1.657756	470902.611354	4399158.489063	0.000000	0.000000	0.000000	1543308972.925812	3.391226	2.049518	2.065804
1.651691	470902.583856	4399158.631068	0.296125	-0.023926	0.295157	1543308973.022848	3.395267	2.069307	2.056469
1.663156	470902.589521	4399159.012705	0.819304	-0.109263	0.811986	1543308973.225743	3.619237	2.048309	2.063621
1.662370	470902.555921	4399159.394351	1.925895	-0.225090	1.912696	1543308973.422816	3.663828	2.115605	2.044869
1.656380	470902.521268	4399159.494824	2.264098	-0.245147	2.250787	1543308973.525052	3.438887	2.083991	2.055180
1.665197	470902.518208	4399159.672250	2.558355	-0.264203	2.544677	1543308973.623823	3.329413	2.075365	2.056253
1.645905	470902.487128	4399160.118699	1.283798	-0.112113	1.278893	1543308973.824528	3.585790	2.043059	2.078542
1.653280	470902.480486	4399160.133531	1.293256	-0.103294	1.289124	1543308973.925422	3.319968	2.024374	2.070990
1.654689	470902.467663	4399160.394157	1.005824	-0.040720	1.005000	1543308974.020482	3.637125	2.054904	2.038230
1.627018	470902.408580	4399160.460137	0.751921	-0.034204	0.751142	1543308974.136704	3.706298	2.058778	2.042968
1.657816	470902.435977	4399160.472569	0.498842	-0.025843	0.498172	1543308974.223593	3.674572	2.064703	2.039175
1.661039	470902.449892	4399160.386019	0.247220	-0.013393	0.246857	1543308974.424392	3.434934	2.070805	2.042035
1.637283	470902.407645	4399160.381969	0.247395	-0.013397	0.247032	1543308974.534044	3.419476	2.107781	2.049813
1.632946	470902.414661	4399160.458316	0.000000	0.000000	0.000000	1543308974.618091	3.578834	2.112266	2.042116
1.657066	470902.450625	4399160.370079	0.000000	0.000000	0.000000	1543308974.731025	3.385074	2.066133	2.042241
1.648209	470902.435275	4399160.442769	0.000000	0.000000	0.000000	1543308975.334710	3.521399	2.122380	2.039532
1.622490	470902.376469	4399160.481681	0.000000	0.000000	0.000000	1543308975.419845	3.623207	2.110455	2.041112
1.624097	470902.343718	4399160.496387	0.000000	0.000000	0.000000	1543308975.619002	3.653505	2.098785	2.042066
1.631416	470902.358150	4399160.362968	0.000000	0.000000	0.000000	1543308975.730515	3.387601	2.103664	2.041037
1.626457	470902.361177	4399160.368529	0.000000	0.000000	0.000000	1543308975.823011	3.397911	2.090808	2.040626
