front	position-x	position-y	speed	speed-x	speed-y	timestamp	v-x	v-y	v-z
-1.483443	470937.210749	4398735.345541	0.000000	0.000000	0.000000	1543369777.250180	3.214462	2.058688	2.066755
-1.480826	470937.168048	4398735.315363	0.000000	0.000000	0.000000	1543369777.356025	3.164285	2.065347	2.067382
-1.481435	470937.188660	4398735.330822	0.000000	0.000000	0.000000	1543369777.450081	3.163614	2.016985	2.067287
-1.481366	470937.182926	4398735.315023	0.000000	0.000000	0.000000	1543369777.556619	3.135031	2.036649	2.066912
-1.482417	470937.181750	4398735.305174	0.000000	0.000000	0.000000	1543369777.649217	3.159652	2.036439	2.066898
-1.482154	470937.213114	4398735.326496	0.000000	0.000000	0.000000	1543369777.759938	3.152097	2.062171	2.066608
-1.481003	470937.172872	4398735.316788	0.000000	0.000000	0.000000	1543369777.851829	3.158053	2.053949	2.066317
-1.478277	470937.164653	4398735.327879	0.000000	0.000000	0.000000	1543369778.057268	3.205820	1.990543	2.065750
-1.477161	470937.214817	4398735.328575	0.000000	0.000000	0.000000	1543369778.160816	3.183812	2.075303	2.067666
-1.476800	470937.174241	4398735.315730	0.000000	0.000000	0.000000	1543369778.249535	3.146939	2.063577	2.066128
-1.475377	470937.191161	4398735.329454	0.000000	0.000000	0.000000	1543369778.353184	3.181762	2.033041	2.066129
-1.474975	470937.143755	4398735.326342	0.000000	0.000000	0.000000	1543369778.451932	3.191469	1.939880	2.067863
-1.478230	470937.151723	4398735.335513	0.000000	0.000000	0.000000	1543369778.549865	3.196943	2.011752	2.084068
-1.480407	470937.189447	4398735.309092	0.000000	0.000000	0.000000	1543369778.653548	3.306786	2.018891	1.914785
-1.483094	470937.183457	4398735.249808	0.000000	0.000000	0.000000	1543369778.750913	3.213970	2.128984	1.920290
-1.484271	470937.178696	4398735.267946	0.000000	0.000000	0.000000	1543369778.850584	3.296418	2.127794	1.922116
-1.485101	470937.057429	4398735.259163	0.000000	0.000000	0.000000	1543369778.951756	3.290748	1.889518	1.943362
-1.485764	470937.131341	4398735.278684	0.000000	0.000000	0.000000	1543369779.050953	3.359937	2.125245	1.945839
-1.486002	470937.084787	4398735.262918	0.000000	0.000000	0.000000	1543369779.147667	3.252425	1.933911	1.952280
-1.487172	470937.106334	4398735.281015	0.000000	0.000000	0.000000	1543369779.252930	3.267357	1.883200	1.957849
-1.488680	470937.104795	4398735.277184	0.000000	0.000000	0.000000	1543369779.350614	3.207154	1.794352	1.961944
-1.489764	470937.154688	4398735.298764	0.000000	0.000000	0.000000	1543369779.452459	3.242287	1.963432	1.966725
-1.489466	470937.104306	4398735.281529	0.000000	0.000000	0.000000	1543369779.552016	3.222780	1.780490	1.972106
-1.492125	470937.163324	4398735.294086	0.000000	0.000000	0.000000	1543369779.650331	3.244763	1.953378	1.984926
-1.488932	470937.104987	4398735.301961	0.000000	0.000000	0.000000	1543369779.747576	3.264784	1.773276	1.981524
-1.486403	470937.140065	4398735.364210	0.000000	0.000000	0.000000	1543369779.947304	3.264987	2.015210	1.992742
-1.483931	470937.149562	4398735.412047	0.000000	0.000000	0.000000	1543369780.056266	3.284775	1.996180	1.985690
-1.484502	470937.159370	4398735.476427	0.000000	0.000000	0.000000	1543369780.156333	3.254899	1.967146	1.976067
-1.483451	470937.027558	4398735.655822	1.108768	-0.206993	1.089275	1543369780.351000	3.229557	1.770667	1.977003
-1.482548	470937.107023	4398735.741639	1.160096	-0.092035	1.156439	1543369780.448438	3.123503	1.872401	1.991013
-1.481380	470937.015528	4398735.942131	1.450275	-0.278560	1.423272	1543369780.551522	3.263796	1.774866	1.976256
-1.480249	470937.117185	4398736.131200	1.821209	-0.175442	1.812739	1543369780.651566	3.255570	2.020798	1.976756
-1.479664	470937.125970	4398736.346544	1.864938	-0.253893	1.847575	1543369780.750136	3.242256	1.980656	1.975090
-1.479527	470937.039760	4398736.572231	2.168836	-0.064564	2.167875	1543369780.851721	3.276951	1.851886	1.975197
1.638388	470936.998270	4398736.833826	2.519192	-0.169707	2.513470	1543369780.950836	3.253387	1.838308	1.956322
1.629633	470936.956710	4398737.119220	2.816488	-0.165684	2.811611	1543369781.053075	3.224573	1.869888	1.950348
1.643896	470936.983088	4398737.438794	2.855056	-0.208344	2.847444	1543369781.160052	3.264924	2.118288	1.945688
1.631704	470936.969372	4398737.733037	3.445907	-0.209924	3.439507	1543369781.250668	3.165509	2.080625	1.939390
1.637086	470937.016435	4398738.126944	3.500227	-0.231771	3.492545	1543369781.359533	3.251186	1.970023	1.928688
1.612772	470936.986541	4398738.500764	3.792377	-0.159529	3.789020	1543369781.449620	3.241197	1.918456	1.931074
1.638913	470936.876042	4398738.900006	4.137213	-0.281096	4.127652	1543369781.558010	3.244915	1.856376	1.926136
1.640308	470936.884495	4398739.341588	4.433049	-0.307867	4.422346	1543369781.652040	3.267759	2.036036	1.927636
1.614736	470936.860269	4398739.865375	4.485770	-0.197614	4.481415	1543369781.760053	3.253585	2.050304	1.935510
1.621050	470936.840079	4398740.338640	4.833177	-0.242636	4.827083	1543369781.855038	3.250208	1.967043	1.934521
1.629335	470936.824198	4398740.783084	4.886247	-0.285650	4.877891	1543369781.961491	3.149749	1.982237	1.937000
1.600320	470936.758963	4398741.278303	4.949022	-0.146775	4.946845	1543369782.062566	3.159084	1.923491	1.936320
1.619986	470936.802733	4398741.804277	5.330275	-0.261592	5.323852	1543369782.159311	3.165452	1.886326	1.945759
1.632229	470936.666321	4398742.373242	5.404169	-0.331545	5.393990	1543369782.259159	3.258157	2.032294	1.967296
1.615870	470936.648234	4398742.930924	5.483957	-0.247587	5.478365	1543369782.357469	3.274986	1.945325	1.982622
1.620645	470936.622997	4398743.437114	5.906572	-0.294273	5.899237	1543369782.459139	3.149567	1.765266	2.004235
1.669870	470936.501030	4398744.043742	6.012039	-0.593201	5.982702	1543369782.555514	3.219337	1.788193	2.020164
1.632474	470936.548886	4398744.595248	6.126900	-0.378860	6.115176	1543369782.658900	3.125875	2.100797	2.043628
1.644244	470936.393319	4398745.190410	6.327038	-0.463989	6.310002	1543369782.757988	3.138950	1.866550	2.040079
1.631520	470936.502893	4398745.834241	6.445288	-0.391710	6.433374	1543369782.860854	3.162209	1.920322	2.028728
1.646029	470936.424675	4398746.469336	6.552116	-0.492284	6.533596	1543369782.960899	3.203067	2.046247	2.034909
1.652286	470936.362003	4398747.102179	6.791294	-0.552855	6.768754	1543369783.061184	3.204617	1.897143	2.023971
1.635344	470936.312573	4398747.709925	6.898249	-0.445393	6.883855	1543369783.161839	3.242973	1.860409	2.014662
1.646100	470936.275187	4398748.388902	6.741120	-0.506565	6.722060	1543369783.260058	3.194745	1.772478	2.010355
1.640621	470936.115942	4398749.774317	7.063252	-0.492791	7.046040	1543369783.460543	3.134942	1.843246	1.981962
1.644218	470936.104919	4398750.040058	7.170649	-0.525874	7.151340	1543369783.570765	2.290791	1.727414	2.007625
1.648440	470936.103899	4398750.394657	7.281221	-0.564712	7.259289	1543369783.663001	1.554651	1.798650	1.992636
1.643744	470936.006227	4398751.910054	7.206028	-0.525412	7.186848	1543369783.770694	3.170758	1.849307	2.000136
1.655465	470935.944756	4398752.646792	7.310138	-0.617837	7.283982	1543369783.860505	3.188737	1.831792	1.998638
1.644956	470935.866817	4398753.694456	7.573810	-0.561660	7.552955	1543369784.067659	2.374775	1.761123	1.909087
1.636790	470935.777370	4398755.207566	7.740502	-0.511019	7.723615	1543369784.262977	2.426784	1.878771	1.925047
1.648323	470935.645233	4398755.929688	7.701431	-0.596242	7.678316	1543369784.359902	2.396930	1.704006	1.939857
1.641767	470935.602754	4398756.719419	7.801062	-0.553585	7.781395	1543369784.465250	2.463330	1.715623	1.764495
1.637651	470935.582125	4398757.481468	7.902791	-0.528311	7.885112	1543369784.555595	2.439696	1.790565	1.966430
1.641085	470935.522054	4398758.249926	7.867924	-0.552309	7.848515	1543369784.662611	2.437764	1.795278	1.786578
1.645413	470935.462254	4398759.020713	7.989797	-0.595210	7.967596	1543369784.762473	2.444072	1.798164	1.891805
1.648175	470935.388212	4398760.484515	8.207656	-0.634193	8.183118	1543369784.960452	2.269926	1.796936	2.041025
1.654965	470935.279858	4398761.751967	8.188597	-0.687814	8.159658	1543369785.063547	3.204215	1.757638	1.880394
1.654030	470935.235772	4398761.814802	8.304292	-0.690007	8.275576	1543369785.158195	1.698281	1.745396	1.897664
1.643082	470935.209449	4398762.945399	8.438919	-0.609366	8.416889	1543369785.258911	2.332792	1.844479	1.928289
1.634635	470935.101234	4398764.147439	8.461497	-0.539764	8.444263	1543369785.360079	3.135539	1.790297	1.846187
1.657874	470935.005403	4398764.966706	8.571640	-0.744149	8.539277	1543369785.459375	3.140723	1.778959	1.856694
1.645330	470934.941953	4398765.790884	8.212273	-0.611744	8.189457	1543369785.556251	3.153389	1.929635	1.977834
1.661816	470934.883488	4398766.123256	8.697556	-0.790046	8.661599	1543369785.659407	2.107393	1.774627	1.935975
1.653448	470934.814556	4398767.963390	8.708965	-0.719927	8.679157	1543369785.859306	2.400371	1.863248	1.945617
1.640080	470934.774899	4398768.408596	8.968171	-0.621452	8.946613	1543369785.963109	1.602593	1.799310	1.940323
1.632402	470934.690813	4398770.039225	8.853805	-0.545408	8.836990	1543369786.060687	3.136273	1.814626	1.979611
1.644292	470934.492817	4398771.728098	8.827849	-0.649290	8.803939	1543369786.257693	2.997363	1.816632	2.009207
1.650972	470934.600432	4398770.925522	8.973604	-0.718249	8.944814	1543369786.161029	3.173302	1.956289	1.999076
1.649516	470934.139278	4398775.373405	9.343619	-0.734790	9.314682	1543369786.657790	3.157140	1.963747	2.017311
1.656056	470934.071651	4398776.360229	9.349479	-0.796224	9.315513	1543369786.858897	1.423392	1.691402	1.971640
1.665612	470933.963822	4398777.762587	9.596923	-0.908181	9.553855	1543369786.968797	2.419161	1.803157	1.944158
1.677262	470933.899032	4398778.347512	9.463420	-1.005211	9.409882	1543369787.058408	1.716246	1.800116	1.922408
1.653361	470933.884915	4398779.186362	9.671154	-0.798513	9.638132	1543369787.171746	1.534537	1.808637	1.911396
1.672954	470933.698233	4398780.225948	9.776170	-0.995713	9.725330	1543369787.258059	1.725792	1.738042	1.914542
1.662677	470933.655479	4398781.037817	9.511137	-0.872593	9.471025	1543369787.366800	1.422953	1.840289	1.953993
1.648306	470933.518800	4398782.836393	9.761759	-0.756432	9.732408	1543369787.457686	3.115459	1.783774	1.983008
1.659813	470933.380546	4398784.793185	9.839496	-0.875143	9.800500	1543369787.658196	3.144597	1.934214	1.992314
1.651301	470933.302100	4398785.771640	9.936954	-0.799496	9.904739	1543369787.770835	3.143450	1.786311	1.979943
1.659813	470933.177507	4398786.290139	9.817457	-0.872534	9.778606	1543369787.858589	2.234854	1.724808	1.930384
1.666988	470933.030096	4398787.734619	9.997827	-0.960150	9.951615	1543369787.969232	3.197480	1.775209	2.064281
1.646460	470933.001068	4398788.727774	9.822425	-0.743913	9.794214	1543369788.058535	3.241849	1.736004	2.056428
1.656027	470932.897252	4398789.695456	10.283610	-0.875152	10.246304	1543369788.165379	3.190320	1.785631	1.884226
1.659088	470932.904200	4398789.877408	10.146863	-0.894853	10.107327	1543369788.261619	1.519695	1.819649	1.886084
1.653790	470932.791267	4398790.879680	9.935102	-0.824316	9.900846	1543369788.367757	1.522093	1.699467	1.886523
1.652065	470932.722509	4398791.913093	9.947622	-0.808202	9.914736	1543369788.456982	1.545577	1.693366	1.896812
1.652967	470932.615816	4398793.283451	10.245625	-0.840972	10.211053	1543369788.569121	2.269424	1.810477	1.895172
1.655645	470932.490937	4398794.229616	9.987406	-0.845911	9.951518	1543369788.657112	2.136623	1.772056	1.887858
1.656575	470932.436475	4398795.024591	10.000636	-0.855889	9.963943	1543369788.766728	1.723734	1.728083	1.885544
1.661438	470932.290947	4398796.785489	10.117333	-0.914600	10.075909	1543369788.858854	3.183405	1.844394	1.885230
1.664550	470932.227364	4398797.806418	10.123595	-0.946789	10.079225	1543369788.969882	3.201115	1.833845	2.046715
1.661525	470932.016449	4398798.833707	10.108033	-0.915330	10.066504	1543369789.060427	3.270350	1.812465	1.988422
1.660347	470931.981595	4398799.779318	10.389320	-0.929341	10.347671	1543369789.170643	3.278126	1.728444	1.954685
1.666843	470931.876620	4398800.842889	10.162304	-0.974387	10.115482	1543369789.258252	3.281895	1.902962	1.946457
1.655297	470931.796503	4398801.892653	10.287170	-0.869286	10.250376	1543369789.368573	3.233841	1.722497	1.976493
1.657997	470931.766350	4398802.909091	10.414847	-0.906998	10.375278	1543369789.459187	3.238473	1.879571	1.994475
1.649820	470931.620074	4398803.920333	10.470538	-0.827140	10.437817	1543369789.568566	3.140145	1.806524	2.015581
1.650000	470931.564802	4398804.584702	10.530071	-0.833099	10.497064	1543369789.656272	2.412369	1.848770	1.903369
1.661334	470931.457425	4398805.986604	10.288478	-0.929716	10.246386	1543369789.765791	3.152155	1.753403	2.012760
1.643691	470931.421882	4398806.585820	10.319214	-0.752498	10.291740	1543369789.857127	2.284110	1.821679	1.873531
1.654698	470931.329244	4398807.625283	10.328699	-0.865243	10.292395	1543369789.967473	2.296210	1.814465	1.858479
1.644300	470931.322673	4398808.318214	10.353175	-0.761169	10.325156	1543369790.062080	1.594258	1.739329	2.030848
1.647282	470931.143995	4398810.156525	10.582343	-0.808503	10.551413	1543369790.169028	3.213309	1.811741	1.854166
1.656867	470931.004602	4398811.165146	10.319857	-0.886639	10.281698	1543369790.269330	3.201595	1.721790	1.873167
1.646471	470930.953251	4398812.235317	10.362720	-0.783897	10.333028	1543369790.369652	3.241335	1.998499	2.073950
1.671338	470930.780622	4398813.219253	10.365272	-1.039061	10.313061	1543369790.457546	3.175724	1.851997	1.875860
1.659939	470930.796280	4398814.321653	10.464635	-0.932040	10.423046	1543369790.567362	3.214317	1.756626	1.913818
1.651349	470930.722307	4398814.942785	10.321640	-0.830791	10.288151	1543369790.655835	2.360551	1.742056	1.960873
1.647166	470930.577481	4398816.382251	10.388823	-0.792915	10.358520	1543369790.773016	3.147193	1.847930	1.931217
1.654141	470930.444228	4398817.448667	10.507182	-0.874435	10.470733	1543369790.861132	3.230981	2.001643	2.079167
1.661227	470930.385638	4398818.469176	10.515564	-0.949346	10.472623	1543369790.970907	3.165348	1.964699	2.059221
1.651499	470930.217908	4398821.218265	10.278373	-0.828902	10.244895	1543369791.258613	2.417253	1.833569	1.971868
1.660815	470930.097790	4398822.659356	10.359479	-0.930648	10.317592	1543369791.369543	3.199772	1.807536	1.923013
1.656679	470929.935307	4398823.682529	10.355285	-0.888181	10.317124	1543369791.458716	3.196298	1.776478	1.934025
1.650265	470929.842857	4398824.800490	10.529777	-0.836023	10.496536	1543369791.565822	3.256261	2.024343	1.975091
1.654717	470929.859635	4398825.828175	10.452122	-0.875699	10.415374	1543369791.659986	3.242654	1.916153	2.044605
1.654242	470929.710171	4398826.841030	10.373078	-0.864695	10.336975	1543369791.766446	3.137267	1.771421	1.915077
1.652458	470929.630660	4398827.926589	10.458175	-0.853506	10.423289	1543369791.857654	3.179409	1.788883	1.964474
1.659953	470929.438639	4398829.996276	10.583804	-0.942657	10.541741	1543369792.066914	3.162382	2.006238	1.913953
1.659303	470929.297853	4398831.063133	10.600446	-0.937088	10.558945	1543369792.166791	3.176820	1.975964	1.953974
1.657219	470929.289913	4398832.141226	10.663656	-0.920690	10.623836	1543369792.273060	3.256648	1.829701	1.983399
1.647887	470929.172175	4398833.188451	10.642565	-0.820232	10.610909	1543369792.370835	3.234095	1.812057	1.970337
1.657016	470929.105839	4398834.237566	10.783513	-0.927908	10.743516	1543369792.469561	3.193635	1.814247	2.028588
1.651500	470929.027410	4398835.255611	10.999514	-0.886530	10.963730	1543369792.566598	3.217919	2.105685	1.913650
1.650126	470928.921186	4398836.328633	10.844423	-0.859303	10.810324	1543369792.669335	3.303262	1.785743	1.940467
1.651965	470928.851309	4398837.395159	10.794995	-0.875176	10.759460	1543369792.766620	3.214363	1.839401	1.983143
1.650715	470928.794747	4398838.463192	10.752688	-0.858816	10.718336	1543369792.875972	3.323735	1.918886	2.028366
1.651863	470928.677043	4398839.531262	10.423967	-0.844076	10.389736	1543369792.969797	3.314768	2.044388	2.027841
1.644805	470928.624850	4398840.584418	10.393455	-0.768828	10.364980	1543369793.065629	3.197779	1.935640	1.980128
1.654483	470928.577851	4398841.632189	10.550052	-0.881163	10.513189	1543369793.169459	3.261463	1.950417	1.935581
1.649761	470928.396026	4398843.753452	10.579200	-0.834784	10.546213	1543369793.367545	3.239588	2.012657	1.918214
1.654903	470928.153507	4398845.709468	10.469192	-0.878774	10.432245	1543369793.569352	3.488331	1.959098	1.951329
1.651393	470928.099147	4398846.875934	10.748622	-0.865649	10.713708	1543369793.671768	3.235891	2.031832	1.966740
1.644321	470927.964676	4398847.947104	10.747132	-0.790001	10.718057	1543369793.771338	3.220143	1.931600	1.965228
1.651797	470927.842907	4398849.007509	10.750379	-0.869748	10.715138	1543369793.869542	3.264049	1.922018	1.984488
1.652860	470927.828695	4398850.050136	10.885686	-0.892142	10.849067	1543369793.968654	3.217628	2.125603	1.980471
1.647368	470927.759834	4398851.087978	10.422841	-0.797635	10.392276	1543369794.065160	3.189341	1.982240	1.944748
1.656791	470927.647511	4398852.175505	10.392816	-0.892282	10.354442	1543369794.170019	3.238660	1.973726	1.921896
1.648625	470927.553798	4398853.225654	10.783714	-0.838642	10.751054	1543369794.269210	3.215641	2.089013	1.943628
1.651003	470927.486427	4398854.253824	10.799322	-0.864783	10.764642	1543369794.371131	3.178712	2.033380	1.966384
1.656424	470927.350755	4398856.363197	10.455283	-0.894356	10.416961	1543369794.566744	3.315472	1.933587	2.004813
1.659644	470927.220768	4398857.391329	10.625483	-0.942951	10.583559	1543369794.667640	3.357072	1.920870	2.041134
1.659617	470927.172655	4398858.438905	10.622201	-0.942229	10.580329	1543369794.770604	3.312366	1.911649	2.028632
1.657149	470927.038327	4398859.583480	10.890527	-0.939370	10.849938	1543369794.872370	3.400789	2.064223	1.959969
1.652615	470926.967445	4398860.613952	10.502296	-0.858581	10.467142	1543369794.967637	3.234225	2.017310	2.047591
1.659859	470926.831689	4398861.709800	11.006535	-0.978538	10.962950	1543369795.064964	3.307243	1.969647	2.063896
1.656011	470926.791799	4398862.678542	10.818018	-0.920756	10.778763	1543369795.171297	3.372061	1.957550	1.962453
1.655446	470926.708962	4398863.795963	10.392064	-0.878597	10.354856	1543369795.270260	3.469245	1.949873	1.985831
1.654632	470926.634353	4398864.809429	10.639931	-0.890958	10.602562	1543369795.370300	3.287569	1.931367	1.987548
1.658269	470926.506342	4398865.860752	10.531708	-0.919873	10.491459	1543369795.467873	3.222157	1.873943	2.000285
1.656531	470926.421614	4398866.943520	10.531395	-0.901880	10.492706	1543369795.575768	3.305651	2.046685	1.992143
1.654237	470926.363621	4398867.968579	10.396747	-0.866719	10.360558	1543369795.670025	3.326977	1.929433	1.959043
1.647401	470926.167739	4398869.032835	10.397902	-0.796274	10.367368	1543369795.766845	3.455872	1.935697	1.946051
1.647494	470926.194762	4398870.130271	10.481076	-0.803202	10.450254	1543369795.868700	3.434882	1.953793	1.947281
1.652174	470926.094339	4398871.135591	10.553015	-0.857639	10.518107	1543369795.967263	3.273877	1.901850	1.958015
1.653682	470925.962338	4398872.172602	10.520111	-0.870917	10.483999	1543369796.066924	3.252069	1.973131	1.961740
1.654380	470926.010724	4398873.259463	10.426363	-0.870494	10.389961	1543369796.167760	3.263278	2.110009	1.982247
1.663729	470925.671346	4398875.380918	10.390618	-0.964252	10.345779	1543369796.369971	3.270248	1.882946	1.986415
1.655603	470925.574059	4398876.422558	10.605515	-0.898640	10.567374	1543369796.469507	3.312238	1.878195	1.980802
1.655298	470925.512676	4398877.463959	10.606659	-0.895016	10.568830	1543369796.569117	3.321841	1.912955	1.974263
1.649249	470925.486093	4398878.558514	10.709480	-0.839563	10.676520	1543369796.668326	3.294401	1.932042	1.947121
1.653686	470925.281160	4398879.586699	10.486638	-0.867989	10.450654	1543369796.769091	3.326370	1.929545	1.950083
1.650168	470925.253060	4398880.673946	10.454489	-0.829059	10.421564	1543369796.868780	3.346101	1.906282	1.966846
1.657586	470925.153079	4398881.736515	10.733405	-0.929966	10.693042	1543369796.970685	3.419025	1.982924	1.998870
1.656176	470925.132840	4398882.844333	10.833518	-0.923925	10.794048	1543369797.066034	3.322695	1.980702	2.012825
1.657102	470924.972564	4398883.901862	10.821757	-0.932794	10.781481	1543369797.169774	3.295960	2.054959	2.007788
1.656497	470924.830043	4398886.133720	10.489077	-0.898142	10.450554	1543369797.364524	3.480603	2.062863	2.019680
1.653325	470924.701786	4398887.102405	10.745577	-0.885978	10.708990	1543369797.469854	3.340602	2.050901	1.996715
1.659446	470924.605897	4398888.118917	10.753189	-0.951651	10.710996	1543369797.570881	3.300659	1.940892	1.980096
1.658235	470924.412447	4398890.255224	10.633179	-0.928582	10.592555	1543369797.767204	3.270263	2.124268	2.018653
1.657424	470924.323508	4398891.345149	10.608071	-0.917857	10.568288	1543369797.869079	3.264051	2.049471	2.025578
1.653414	470924.199019	4398892.408724	10.593453	-0.874357	10.557307	1543369797.971283	3.268467	2.048306	2.024842
1.653244	470924.113340	4398893.505104	10.577880	-0.871057	10.541954	1543369798.065819	3.332359	2.049538	2.026572
1.661203	470924.032911	4398894.535278	10.557467	-0.952713	10.514393	1543369798.176129	3.398042	2.010853	2.020503
1.656710	470923.926058	4398895.633394	10.547183	-0.905306	10.508258	1543369798.268389	3.345956	2.050816	2.027757
1.657453	470923.850010	4398896.665721	10.543343	-0.912549	10.503778	1543369798.368581	3.291459	2.051509	2.024853
1.660654	470923.761677	4398897.733162	10.535319	-0.945287	10.492826	1543369798.469633	3.299443	2.052549	2.050761
1.659790	470923.673815	4398898.792600	10.769297	-0.957156	10.726678	1543369798.574861	3.252917	1.973583	2.069769
1.659263	470923.451507	4398900.895065	10.758431	-0.950385	10.716371	1543369798.769697	3.319786	1.942281	1.991382
1.655816	470923.330184	4398901.932883	10.761424	-0.914050	10.722535	1543369798.871035	3.313182	2.130542	1.954770
1.654959	470923.303438	4398902.942518	10.612696	-0.892179	10.575128	1543369798.975508	3.483998	1.939463	1.965766
1.657175	470923.209215	4398904.069740	10.460265	-0.902257	10.421280	1543369799.070971	3.284934	1.983203	1.990194
1.653453	470923.072102	4398906.235793	10.264906	-0.847772	10.229837	1543369799.266776	3.275182	2.060377	2.043421
1.653960	470922.895654	4398907.311855	10.227221	-0.849520	10.191877	1543369799.369003	3.320357	2.090010	2.038975
1.657649	470922.833633	4398908.342346	10.150816	-0.880312	10.112573	1543369799.468467	3.262191	1.902514	2.030798
1.655990	470922.729299	4398909.401093	10.308829	-0.877225	10.271438	1543369799.569441	3.283221	1.940617	2.024056
1.649944	470922.660386	4398910.470320	10.754987	-0.850614	10.721296	1543369799.673313	3.305958	2.066055	2.024095
1.651815	470922.579313	4398911.535717	10.761393	-0.870819	10.726102	1543369799.769601	3.400315	2.067662	2.022717
1.649827	470922.495940	4398912.576209	10.766180	-0.850098	10.732566	1543369799.869112	3.320168	2.070049	2.020963
1.648349	470922.348023	4398913.689572	10.766329	-0.834234	10.733960	1543369799.972301	3.334393	1.953386	2.035774
1.648639	470922.265523	4398915.906691	10.752177	-0.836252	10.719608	1543369800.176883	3.487639	2.079996	2.037345
1.653770	470922.146736	4398916.851803	10.745783	-0.890433	10.708827	1543369800.270261	3.287673	2.076598	2.018553
1.650992	470922.081169	4398917.933127	10.666434	-0.854705	10.632135	1543369800.371927	3.327334	2.075757	2.010976
1.654116	470921.989766	4398918.990651	10.664069	-0.887396	10.627083	1543369800.468963	3.320289	2.078196	2.011866
1.651555	470921.931257	4398919.986886	10.584299	-0.854001	10.549790	1543369800.573329	3.425567	2.004632	2.010938
1.652369	470921.808985	4398921.102722	10.665926	-0.869063	10.630462	1543369800.671572	3.343930	1.966119	2.008685
1.651164	470921.749771	4398922.138701	10.680869	-0.857502	10.646392	1543369800.769584	3.301961	1.888032	1.997701
1.655169	470921.554486	4398924.278082	10.630846	-0.895846	10.593033	1543369800.971272	3.371102	2.009582	2.012037
1.655700	470921.483913	4398925.353156	10.608329	-0.899534	10.570122	1543369801.068615	3.256158	1.971551	2.029561
1.650619	470922.693130	4398925.660382	10.656924	-0.849928	10.622977	1543369801.177366	5.083072	4.597283	2.060562
1.653391	470921.292295	4398927.509527	10.588300	-0.873350	10.552220	1543369801.268878	3.347986	2.088500	1.930485
1.654599	470921.173539	4398928.542461	10.681205	-0.893962	10.643729	1543369801.371387	3.339153	2.090634	2.064404
1.662922	470921.105120	4398929.563532	10.746450	-0.988237	10.700914	1543369801.468574	3.278169	2.015736	2.028170
1.658011	470921.033374	4398930.631581	10.721725	-0.934179	10.680950	1543369801.571766	3.335986	1.979174	2.017257
1.659885	470920.918072	4398931.671727	10.679218	-0.950063	10.636873	1543369801.672062	3.316189	1.980731	2.030009
1.654812	470920.869054	4398932.735401	10.667439	-0.895391	10.629794	1543369801.768801	3.357623	1.983315	2.023013
1.657509	470920.738581	4398933.828233	10.782381	-0.933605	10.741886	1543369801.866442	3.331619	1.901311	1.985420
1.652102	470920.565537	4398935.925034	10.693321	-0.868539	10.657990	1543369802.066617	3.294561	2.022020	2.005470
1.647372	470920.533602	4398936.989957	10.611535	-0.812060	10.580418	1543369802.175580	3.313895	1.911966	2.043030
1.657246	470920.307568	4398939.112428	10.638927	-0.918631	10.599193	1543369802.374215	3.340015	1.990291	2.038344
1.652756	470920.195274	4398940.179495	10.654066	-0.872583	10.618273	1543369802.470908	3.391324	2.031839	2.026480
1.651646	470920.125896	4398941.192263	10.714760	-0.865418	10.679753	1543369802.567652	3.318748	1.912387	2.007446
1.646001	470920.056725	4398942.300409	10.728932	-0.806403	10.698584	1543369802.669589	3.277600	1.924377	2.001550
1.649294	470919.968603	4398943.344648	10.567756	-0.828501	10.535229	1543369802.779638	3.268156	2.010695	2.012988
1.650993	470919.864332	4398944.433473	10.591146	-0.848432	10.557108	1543369802.869984	3.322508	2.113483	2.038855
1.654134	470919.623697	4398947.592146	10.512471	-0.874660	10.476021	1543369803.174546	3.271272	2.037143	2.048731
1.655260	470919.528389	4398948.661368	10.521520	-0.887574	10.484016	1543369803.269896	3.315681	2.118335	2.052319
1.658086	470919.441734	4398949.716724	10.524655	-0.917339	10.484601	1543369803.370381	3.311358	2.040324	2.048284
1.655578	470919.292124	4398951.831530	10.612586	-0.898347	10.574495	1543369803.567734	3.341001	2.118718	2.045837
1.650912	470919.192785	4398952.944638	10.713378	-0.857564	10.679001	1543369803.685324	3.376878	2.120162	2.058768
1.655523	470919.100215	4398953.950898	10.728242	-0.907540	10.689787	1543369803.769350	3.244460	2.000319	2.053439
1.658782	470919.005157	4398955.006783	10.690134	-0.939192	10.648797	1543369803.877025	3.374246	1.965141	2.026617
1.652489	470918.884620	4398956.017796	10.626760	-0.867493	10.591292	1543369803.975421	3.305431	1.920686	2.003009
1.654267	470918.803236	4398957.115430	10.647516	-0.887657	10.610451	1543369804.080293	3.368387	1.919945	1.992022
1.654447	470918.760183	4398958.198578	10.711001	-0.894787	10.673561	1543369804.171280	3.271518	1.924741	1.992084
1.656537	470918.621150	4398959.258772	10.703641	-0.916464	10.664334	1543369804.290393	3.356811	2.006060	2.023204
1.656335	470918.455810	4398960.297892	10.692657	-0.913509	10.653563	1543369804.368289	3.320690	2.255399	2.050760
1.648846	470918.451942	4398961.357027	10.669796	-0.832343	10.637281	1543369804.479671	3.253222	2.001572	2.058172
1.652372	470918.432176	4398962.442632	10.664543	-0.868810	10.629094	1543369804.570186	3.323931	1.966836	2.048371
1.656493	470918.282493	4398963.474609	10.703598	-0.915953	10.664335	1543369804.685479	3.250526	2.043214	2.048096
1.659353	470918.202569	4398964.543099	10.715678	-0.947569	10.673699	1543369804.769606	3.369480	2.122146	2.041423
1.657921	470918.076898	4398965.584629	10.671442	-0.928679	10.630956	1543369804.892440	3.351738	1.964344	2.022720
1.652833	470917.997725	4398966.610492	10.653328	-0.873273	10.617476	1543369804.969246	3.291717	1.842878	1.997983
1.657385	470917.922425	4398967.715603	10.735154	-0.928242	10.694947	1543369805.079084	3.280673	1.856280	2.003032
1.654866	470917.835392	4398968.765582	10.767465	-0.904384	10.729417	1543369805.171601	3.313921	1.922343	2.020503
1.651073	470917.622975	4398970.892302	10.709866	-0.859060	10.675357	1543369805.370060	3.267099	2.039536	2.056219
1.652315	470917.576439	4398971.923424	10.609706	-0.863816	10.574483	1543369805.482047	3.294401	2.039123	2.050512
1.659813	470917.419270	4398973.000537	10.608703	-0.942733	10.566732	1543369805.570029	3.343933	2.186445	2.044698
1.660343	470917.317742	4398974.056579	10.613356	-0.949141	10.570830	1543369805.683617	3.343771	2.045876	2.032466
1.659410	470917.276618	4398975.077948	10.573428	-0.935810	10.531935	1543369805.775264	3.286359	1.916694	1.990802
1.650361	470917.258058	4398976.152639	10.636670	-0.845797	10.602989	1543369805.878117	3.276580	1.902982	1.969881
1.657279	470917.142233	4398977.194369	10.572020	-0.912694	10.532550	1543369805.970984	3.281419	1.993323	1.979339
1.649925	470916.916402	4398979.374843	10.486683	-0.829201	10.453849	1543369806.169440	3.317385	2.112704	2.063347
1.652249	470916.873887	4398980.441618	10.435045	-0.848888	10.400459	1543369806.283915	3.326032	2.034705	1.964915
1.648973	470916.752232	4398981.464894	10.482296	-0.818772	10.450270	1543369806.369950	3.274561	2.032248	1.958969
1.662845	470916.555880	4398983.533810	10.652567	-0.979073	10.607478	1543369806.567626	3.360590	1.948630	1.997584
1.657381	470916.464949	4398984.642032	10.719161	-0.927333	10.678973	1543369806.686744	3.412361	1.792196	1.952843
1.652221	470916.390108	4398985.646227	10.646318	-0.866239	10.611018	1543369806.770624	3.327308	1.795440	1.945897
1.655477	470916.290454	4398986.788001	10.729252	-0.907313	10.690820	1543369806.877464	3.420646	1.791986	1.957753
1.660479	470916.199791	4398987.784835	10.665397	-0.954999	10.622555	1543369806.969424	3.316421	1.943349	1.987859
1.658317	470916.121609	4398988.815051	10.473288	-0.915562	10.433192	1543369807.078677	3.291148	2.023596	2.012205
1.654306	470916.026784	4398989.912185	10.722797	-0.894605	10.685413	1543369807.171572	3.349012	2.100429	2.027061
1.658426	470915.908094	4398990.945078	10.461142	-0.915310	10.421022	1543369807.289392	3.352835	2.025090	2.026277
1.660104	470915.827250	4398991.998086	10.664473	-0.951126	10.621975	1543369807.370914	3.331547	2.021283	2.016762
1.653643	470915.760745	4398993.059849	10.449601	-0.865044	10.413734	1543369807.478358	3.366866	2.096878	2.018077
1.655821	470915.553921	4398995.140853	10.673691	-0.906354	10.635140	1543369807.679364	3.258878	2.015622	2.058302
1.655827	470915.465610	4398996.242903	10.663474	-0.905661	10.624945	1543369807.771983	3.290407	2.095779	2.067855
1.653771	470915.395605	4398997.278773	10.612880	-0.879651	10.576362	1543369807.886551	3.241177	2.054245	2.063716
1.658925	470915.340456	4398998.299135	10.569424	-0.930031	10.528426	1543369807.968768	3.291040	1.939397	2.053533
1.655271	470915.190701	4398999.398304	10.503019	-0.886332	10.465554	1543369808.085890	3.342533	2.055096	2.033834
1.663468	470915.139620	4399000.419764	10.518348	-0.973285	10.473221	1543369808.170015	3.280464	2.013283	2.013592
1.655482	470915.021080	4399001.482065	10.557435	-0.893663	10.519544	1543369808.283715	3.290543	1.973238	2.003628
1.660756	470914.960138	4399002.501572	10.439106	-0.937793	10.396897	1543369808.379084	3.351025	1.932298	1.985773
1.653184	470914.791865	4399004.694304	10.592664	-0.871722	10.556734	1543369808.577291	3.366383	1.929941	2.031925
1.654167	470914.643045	4399005.744294	10.584821	-0.881193	10.548078	1543369808.678025	3.321200	2.050547	2.050803
1.658499	470914.493158	4399006.735640	10.473029	-0.916877	10.432817	1543369808.778885	3.271027	1.969388	2.043260
1.650129	470914.490721	4399007.751764	10.447197	-0.828376	10.414304	1543369808.887556	3.522807	2.004950	2.032012
1.654470	470914.221288	4399010.998889	10.539356	-0.880214	10.502535	1543369809.180936	3.275395	2.087039	2.039682
1.646540	470914.208083	4399012.057897	10.603657	-0.802780	10.573225	1543369809.279580	3.290528	1.904344	2.028268
1.657100	470914.083563	4399013.106977	10.617463	-0.914671	10.577991	1543369809.380736	3.304618	2.089013	2.027591
1.649825	470914.023440	4399014.136235	10.616329	-0.838432	10.583169	1543369809.482307	3.290647	2.085498	2.034332
1.647647	470913.947475	4399015.229281	10.420227	-0.799706	10.389495	1543369809.577725	3.321117	1.973954	2.027202
1.656096	470913.785388	4399016.213845	10.513404	-0.894951	10.475244	1543369809.676971	3.295150	2.009223	2.008922
1.655410	470913.726542	4399017.310422	10.596754	-0.895575	10.558842	1543369809.767163	3.339340	1.928441	1.992760
1.652590	470913.652056	4399018.333234	10.521757	-0.860055	10.486547	1543369809.882061	3.370894	1.908293	1.986530
1.652028	470913.552173	4399019.378616	10.517706	-0.853691	10.483003	1543369809.968480	3.335525	1.968047	2.002885
1.647855	470913.363180	4399021.544067	10.698673	-0.823792	10.666910	1543369810.168440	3.288829	2.082266	2.036740
1.651993	470913.326266	4399022.584976	10.712739	-0.868693	10.677460	1543369810.277931	3.247697	2.005419	2.039173
1.648027	470913.234294	4399023.642108	10.693883	-0.825335	10.661986	1543369810.369191	3.243195	2.083830	2.049829
1.639365	470913.061326	4399025.734663	10.568343	-0.724956	10.543448	1543369810.566819	3.295959	1.851058	2.041753
1.649132	470912.939027	4399026.684436	10.563699	-0.826121	10.531346	1543369810.679963	3.452418	1.909531	2.038662
1.642552	470912.962547	4399027.850669	10.557895	-0.757253	10.530704	1543369810.774479	3.314108	2.004110	2.038704
1.654767	470912.817336	4399028.914217	10.690869	-0.896022	10.653255	1543369810.884155	3.321128	2.007037	2.023861
1.651709	470912.774287	4399029.930761	10.849923	-0.877189	10.814405	1543369810.971401	3.330321	1.918935	2.000584
1.646476	470912.631599	4399030.980592	10.848897	-0.820631	10.817816	1543369811.077272	3.284496	1.936853	1.988394
1.649321	470912.550614	4399032.045602	10.782418	-0.845760	10.749197	1543369811.166024	3.285218	1.946981	1.986682
1.649829	470912.388219	4399034.191210	10.564040	-0.834108	10.531059	1543369811.368568	3.255047	2.042808	2.033641
1.646524	470912.314778	4399035.250922	10.561062	-0.799083	10.530788	1543369811.480016	3.282639	2.083365	2.027760
1.645551	470912.241436	4399036.327711	10.729286	-0.801291	10.699323	1543369811.579103	3.349180	2.045250	2.021273
1.646062	470912.173471	4399037.391472	10.572349	-0.794955	10.542419	1543369811.683349	3.340808	2.085083	2.026452
1.647133	470912.065866	4399038.435986	10.571574	-0.806162	10.540792	1543369811.788031	3.301851	2.045477	2.031458
1.651699	470912.025481	4399039.480051	10.632076	-0.859002	10.597319	1543369811.887147	3.292723	1.971646	2.026195
1.646653	470911.959959	4399040.551699	10.582519	-0.802207	10.552070	1543369811.977162	3.294413	1.915729	2.034453
1.648014	470911.834534	4399041.604218	10.646390	-0.821161	10.614675	1543369812.081510	3.292528	2.082102	2.035464
1.649850	470911.754355	4399042.669467	10.654784	-0.841305	10.621517	1543369812.180196	3.333387	2.081969	2.023360
1.657450	470911.648218	4399043.696597	10.603245	-0.917302	10.563492	1543369812.280058	3.352654	2.085243	2.010424
1.649704	470911.520262	4399045.853739	10.683692	-0.842324	10.650434	1543369812.479737	3.286044	2.008807	2.034117
1.650948	470911.388744	4399046.923048	10.625217	-0.850663	10.591110	1543369812.582482	3.290915	2.081893	2.062903
1.647946	470911.290341	4399048.015093	10.626400	-0.819075	10.594786	1543369812.681202	3.336641	2.081968	1.930132
1.646813	470911.222928	4399049.048336	10.645117	-0.808398	10.614377	1543369812.780056	3.290215	1.964260	1.928680
1.656511	470911.131352	4399050.113378	10.906151	-0.933160	10.866156	1543369812.878799	3.304268	2.081413	2.051373
1.655110	470910.946825	4399052.190114	10.654625	-0.897232	10.616779	1543369813.085310	3.276329	1.922574	1.984022
1.652916	470910.849844	4399053.254363	10.658901	-0.874363	10.622978	1543369813.181204	3.333521	1.965203	2.009067
1.647662	470910.863020	4399054.305639	10.643457	-0.817501	10.612016	1543369813.277995	3.283864	1.917694	2.027424
1.647856	470910.759702	4399055.382477	10.690871	-0.822932	10.659151	1543369813.384603	3.324069	1.965954	2.025141
1.656719	470910.624306	4399056.436716	10.680636	-0.916101	10.641275	1543369813.478018	3.331862	1.964915	2.014230
1.658394	470910.530289	4399057.482697	10.688292	-0.935038	10.647314	1543369813.581755	3.356848	2.005172	2.017519
1.653083	470910.441180	4399058.552947	10.704736	-0.880197	10.668488	1543369813.678365	3.339589	2.003299	2.014656
1.650217	470910.377862	4399059.590413	10.689594	-0.848261	10.655885	1543369813.778718	3.292462	1.962412	2.016353
1.654895	470910.304070	4399060.659265	10.638907	-0.893413	10.601328	1543369813.885389	3.301838	1.966229	2.026536
1.653422	470910.206691	4399061.698708	10.691817	-0.882481	10.655335	1543369813.982071	3.280695	2.076166	2.030885
1.643919	470910.112562	4399062.752729	10.654186	-0.778902	10.625676	1543369814.078545	3.284533	2.076181	2.035944
1.643326	470910.019893	4399064.836385	10.531313	-0.763513	10.503599	1543369814.282819	3.282704	2.000635	2.023100
1.661298	470909.816002	4399066.963122	10.585950	-0.956063	10.542688	1543369814.491504	3.263615	1.997239	2.025926
1.650871	470909.663148	4399068.047326	10.607405	-0.849122	10.573364	1543369814.579618	3.320374	2.074117	2.041058
1.650262	470909.608700	4399069.069937	10.620558	-0.843180	10.587034	1543369814.681143	3.268318	2.073395	2.046097
1.646176	470909.557616	4399070.134753	10.647073	-0.801965	10.616827	1543369814.784841	3.290253	1.959822	2.022268
1.649632	470909.442755	4399071.161501	10.537267	-0.829630	10.504557	1543369814.891120	3.303251	1.992971	1.976361
1.655680	470909.220926	4399072.248065	10.581246	-0.896711	10.543181	1543369814.977191	3.369337	2.326062	1.953886
1.653350	470909.285996	4399073.260778	10.541947	-0.869416	10.506035	1543369815.077592	3.283077	1.964047	1.985170
1.653683	470909.177496	4399074.363786	10.696415	-0.885513	10.659698	1543369815.179438	3.286897	2.070008	2.035720
1.653170	470909.089508	4399075.417092	10.724894	-0.882399	10.688532	1543369815.278080	3.283314	2.070435	2.047192
1.649497	470909.043611	4399076.493941	10.612357	-0.834450	10.579500	1543369815.379591	3.337985	1.907483	2.040462
1.651168	470908.929166	4399077.529367	10.633372	-0.853552	10.599059	1543369815.479060	3.280997	2.068983	2.039353
1.648637	470908.843928	4399078.601997	10.635231	-0.827114	10.603020	1543369815.582904	3.310200	2.068971	2.048780
1.650000	470908.761555	4399080.683400	10.701291	-0.846651	10.667747	1543369815.782753	3.242233	1.992169	2.057521
1.643747	470908.671600	4399081.843810	10.777423	-0.785822	10.748736	1543369815.878734	3.516966	1.999041	2.022185
1.649576	470908.527699	4399082.811745	10.700796	-0.841850	10.667629	1543369815.980820	3.352233	1.992337	2.012703
1.654328	470908.414250	4399083.878931	10.705931	-0.893130	10.668612	1543369816.079401	3.340971	2.067178	2.045535
1.647010	470908.350442	4399084.932760	10.606904	-0.807977	10.576085	1543369816.181419	3.329683	2.067638	2.054966
1.646545	470908.343209	4399085.984232	10.603702	-0.802523	10.573290	1543369816.286448	3.315077	1.928322	2.035383
1.644684	470908.222548	4399087.032061	10.617673	-0.783796	10.588703	1543369816.380018	3.331418	2.066036	2.001234
1.655326	470908.124506	4399088.064289	10.601626	-0.894640	10.563810	1543369816.478963	3.285422	1.989874	1.994534
1.645059	470908.059226	4399089.160156	10.659427	-0.791284	10.630016	1543369816.579947	3.327547	2.066962	2.005815
1.655172	470907.821127	4399091.284359	10.795430	-0.909209	10.757074	1543369816.780937	3.331462	2.080887	2.034023
1.647576	470907.805382	4399092.354908	10.742997	-0.824559	10.711307	1543369816.877812	3.338528	1.909890	2.034575
1.644263	470907.728765	4399093.403222	10.605936	-0.778690	10.577312	1543369816.982237	3.321635	1.954616	2.016808
1.649346	470907.613319	4399094.461845	10.561947	-0.828260	10.529421	1543369817.079274	3.336851	1.950788	2.012044
1.647889	470907.521693	4399095.493538	10.556190	-0.813028	10.524834	1543369817.182015	3.297801	1.950961	2.000247
1.651653	470907.420901	4399096.531824	10.559063	-0.852724	10.524575	1543369817.288334	3.268687	2.064093	1.997781
1.644448	470907.350896	4399097.585582	10.547756	-0.776635	10.519125	1543369817.385030	3.291376	1.986900	1.996099
1.647077	470907.272080	4399098.681762	10.525918	-0.801728	10.495341	1543369817.489559	3.330100	1.950384	2.003422
1.651590	470907.069075	4399100.761406	10.605693	-0.855966	10.571095	1543369817.687043	3.256576	2.062382	2.030989
1.649423	470907.010880	4399101.852023	10.461167	-0.822009	10.428822	1543369817.779684	3.310337	2.063728	2.056089
1.650041	470906.964157	4399102.889121	10.483845	-0.829916	10.450945	1543369817.888661	3.273593	2.063853	2.063074
1.650214	470906.872900	4399103.967128	10.350495	-0.821189	10.317867	1543369817.978108	3.329087	2.062219	2.044355
1.658005	470906.675730	4399104.974416	10.430850	-0.908412	10.391218	1543369818.085353	3.265614	2.224481	2.028168
1.650799	470906.699712	4399106.020022	10.427342	-0.833538	10.393973	1543369818.178978	3.281309	1.986338	2.018577
1.652908	470906.585983	4399107.075879	10.488990	-0.860105	10.453666	1543369818.279458	3.288266	2.062670	2.019060
1.646846	470906.539926	4399108.116617	10.489188	-0.796935	10.458870	1543369818.383227	3.269360	1.985824	2.017163
1.647639	470906.458202	4399109.220721	10.496002	-0.805991	10.465010	1543369818.478240	3.327820	2.064703	2.010161
1.648220	470906.342559	4399110.251785	10.506028	-0.812771	10.474542	1543369818.582870	3.294741	2.065274	2.001405
1.651483	470906.271841	4399111.323495	10.529995	-0.848763	10.495732	1543369818.687203	3.317479	1.987416	2.004285
1.653695	470906.199362	4399112.346989	10.514072	-0.870500	10.477974	1543369818.779754	3.270943	1.986539	1.997365
1.643063	470906.015370	4399114.484307	10.557842	-0.762912	10.530242	1543369818.981685	3.327444	1.947449	2.008297
1.640813	470905.956486	4399115.518135	10.582637	-0.740190	10.556720	1543369819.089535	3.272564	2.062593	2.019558
1.642980	470905.854975	4399116.571008	10.581544	-0.762845	10.554010	1543369819.180724	3.267766	2.024572	2.012662
1.647735	470905.793659	4399117.617344	10.583020	-0.813288	10.551723	1543369819.283154	3.248774	1.987990	2.014570
1.647664	470905.676028	4399119.746972	10.628665	-0.816206	10.597280	1543369819.477858	3.363152	1.914628	2.033900
1.648840	470905.589143	4399120.776405	10.651141	-0.830153	10.618740	1543369819.580542	3.236402	2.062823	2.033634
1.649583	470905.434079	4399121.871145	10.648583	-0.837768	10.615577	1543369819.682852	3.342698	2.096514	2.031553
1.653465	470905.373184	4399122.899077	10.614442	-0.875935	10.578238	1543369819.779967	3.303159	2.118817	2.038699
1.652536	470905.303235	4399123.941889	10.597982	-0.865329	10.562595	1543369819.878301	3.272298	2.061723	2.047112
1.649891	470905.205319	4399125.034950	10.500283	-0.829826	10.467442	1543369819.979614	3.357227	2.062820	2.044529
1.649317	470905.079002	4399126.074909	10.501022	-0.823750	10.468663	1543369820.079543	3.361703	2.044359	2.010495
1.653318	470905.016624	4399127.090895	10.486544	-0.864116	10.450881	1543369820.179118	3.301877	1.988482	1.991010
1.655064	470904.929746	4399128.154032	10.440708	-0.878778	10.403660	1543369820.288521	3.364798	2.069982	2.011442
1.657717	470904.845588	4399129.262474	10.371272	-0.900360	10.332117	1543369820.379874	3.360998	2.067481	2.046747
1.658587	470904.709710	4399130.269296	10.393644	-0.911491	10.353600	1543369820.488004	3.272097	2.198104	2.052693
1.651183	470904.645424	4399131.348400	10.345767	-0.831194	10.312324	1543369820.579844	3.346024	2.067511	2.039177
1.662407	470904.485235	4399132.361714	10.537850	-0.963469	10.493712	1543369820.688948	3.296252	2.349641	2.032273
1.656193	470904.479905	4399132.899976	0.340915	-0.029426	0.339642	1543369820.782749	4.310810	1.966267	2.029100
1.657067	470904.340814	4399134.503782	0.287785	-0.024824	0.286713	1543369820.889513	3.286077	2.239843	2.045182
1.654553	470904.282216	4399135.575115	10.565577	-0.884204	10.528514	1543369820.980956	3.322673	2.117022	2.051610
1.652507	470904.223447	4399136.632424	10.540186	-0.860450	10.505006	1543369821.089987	3.324483	2.070183	2.043979
1.649191	470904.135559	4399137.693357	10.530521	-0.824812	10.498169	1543369821.177925	3.356475	2.069827	2.035936
1.649219	470903.990246	4399138.732166	10.507859	-0.822918	10.475586	1543369821.289140	3.335166	1.952828	2.044417
1.660029	470903.811747	4399139.754499	10.393943	-0.925431	10.352663	1543369821.381028	3.300528	2.122996	2.023244
1.654872	470903.918376	4399140.796106	10.351140	-0.869502	10.314556	1543369821.487944	3.342618	2.070574	2.061428
1.658758	470903.738529	4399141.868490	10.199448	-0.895875	10.160027	1543369821.584475	3.264091	2.118478	2.048099
1.649448	470903.704565	4399142.958832	10.022334	-0.787891	9.991317	1543369821.691959	3.323869	1.846361	1.964547
1.647240	470903.660114	4399144.004299	10.166432	-0.776414	10.136742	1543369821.784920	3.273279	1.936427	1.957740
1.651335	470903.552692	4399145.080394	10.021979	-0.806012	9.989515	1543369821.890769	3.314115	1.921458	1.977944
1.650226	470903.420303	4399146.126063	10.541548	-0.836444	10.508310	1543369821.982000	3.320746	1.990548	2.015261
1.651762	470903.320781	4399147.136139	10.065111	-0.813946	10.032146	1543369822.090187	3.318592	2.122148	2.007630
1.655433	470903.295720	4399148.278693	10.612373	-0.896920	10.574403	1543369822.185276	3.266527	1.976986	1.964108
1.646732	470903.155428	4399149.265616	9.738918	-0.739247	9.710820	1543369822.309552	3.237522	2.091412	1.920826
1.646488	470903.127223	4399150.245857	9.710323	-0.734338	9.682516	1543369822.381991	3.401431	2.091973	1.914801
1.656139	470903.032803	4399151.313982	9.648932	-0.822283	9.613831	1543369822.489643	3.318046	1.988694	2.076911
1.651861	470902.960190	4399152.215264	9.331368	-0.756320	9.300667	1543369822.580703	3.171380	1.903208	2.051287
1.644124	470902.951029	4399152.771930	8.713379	-0.638867	8.689926	1543369822.700207	2.537480	1.831909	2.028123
1.650928	470902.845941	4399153.425853	8.402148	-0.671996	8.375232	1543369822.782829	1.981092	1.866944	2.009866
1.650831	470902.764946	4399154.934457	8.073153	-0.645218	8.047328	1543369822.888457	3.192167	1.841055	2.005323
1.643926	470902.716600	4399155.726865	7.768043	-0.567241	7.747304	1543369822.981986	3.230697	1.832448	2.017966
1.647137	470902.661978	4399156.507874	7.124914	-0.543178	7.104179	1543369823.091816	3.278174	1.815941	2.017247
1.648473	470902.575569	4399157.173355	6.824496	-0.529256	6.803943	1543369823.182987	3.223653	1.828416	2.022034
1.650804	470902.566801	4399157.335161	6.545647	-0.523606	6.524671	1543369823.291361	2.168177	1.846365	2.049559
1.643890	470902.538404	4399158.005711	5.872520	-0.429125	5.856820	1543369823.384022	2.256096	1.822039	1.893115
1.644966	470902.517586	4399158.200433	5.647691	-0.418580	5.632158	1543369823.490127	1.553634	1.820145	1.903934
1.646488	470902.445320	4399159.164484	5.178445	-0.391272	5.163642	1543369823.582910	2.462694	1.827221	1.915612
1.651181	470902.373274	4399159.895574	3.955731	-0.317633	3.942958	1543369823.782287	2.298128	1.733233	1.952117
1.638173	470902.382837	4399160.673719	3.322805	-0.223980	3.315248	1543369823.889428	3.271143	1.851826	1.990267
1.642209	470902.287846	4399160.948147	2.556359	-0.182290	2.549851	1543369823.981742	3.351639	1.830990	2.016200
1.643033	470902.281733	4399161.115717	1.908198	-0.137685	1.903224	1543369824.089256	3.299706	1.736509	2.022334
1.641918	470902.327241	4399161.297666	1.515309	-0.107634	1.511482	1543369824.185071	3.284209	1.878248	2.017008
1.645475	470902.312932	4399161.368352	0.859608	-0.064175	0.857209	1543369824.290377	3.203887	1.902995	2.026680
1.641914	470902.286513	4399161.457783	0.856304	-0.060871	0.854138	1543369824.385031	3.222384	1.831778	1.940490
1.645501	470902.238892	4399161.410244	0.573777	-0.061879	0.570431	1543369824.489943	3.321836	1.809890	2.016512
1.645457	470902.293278	4399161.558978	0.294719	-0.047114	0.290929	1543369824.690384	3.666999	1.830152	1.938064
1.643402	470902.258444	4399161.346526	0.000000	0.000000	0.000000	1543369824.782089	3.272063	1.818301	1.944256
1.641519	470902.275764	4399161.370649	0.000000	0.000000	0.000000	1543369824.890834	3.180230	1.835091	1.948317
1.643516	470902.351868	4399161.540811	0.357286	-0.031842	-0.355864	1543369824.986597	3.526071	1.917372	1.950871
1.645138	470902.312778	4399160.680812	0.539934	-0.006236	-0.539898	1543369825.091737	1.831934	1.817515	1.958934
1.649700	470902.292932	4399161.352558	0.256128	0.016717	-0.255582	1543369825.780053	3.302333	1.971238	1.974503
1.647806	470902.309298	4399161.320189	0.441510	0.045389	-0.439171	1543369825.886080	3.405041	1.932154	1.975033
1.645573	470902.250957	4399161.295236	0.571633	0.049458	-0.569490	1543369825.981899	3.407465	1.808659	1.979662
1.646900	470902.240369	4399161.314983	0.574667	0.012242	-0.574537	1543369826.087845	3.315476	1.816925	1.987095
1.648106	470902.272228	4399161.369828	0.476077	0.063069	-0.471881	1543369826.181591	3.294179	1.912566	1.988343
1.647560	470902.250808	4399161.332862	0.467681	-0.004617	-0.467658	1543369826.291686	3.293615	1.870577	1.997264
1.650454	470902.287196	4399161.332090	0.101456	0.000278	-0.101456	1543369826.378918	3.322201	1.908227	2.007583
1.653669	470902.291175	4399161.379823	0.504531	0.021256	-0.504084	1543369826.495076	3.358398	1.913387	2.015171
1.655466	470902.301063	4399161.380960	0.101436	0.005861	-0.101267	1543369826.582687	3.322403	1.965753	2.017842
1.656949	470902.313449	4399161.379883	0.469855	0.031770	-0.468780	1543369826.783155	3.290846	1.997842	2.001046
1.655397	470902.311935	4399161.399910	0.519664	0.041655	-0.517992	1543369826.889421	3.281252	1.974873	2.015247
1.656086	470902.299060	4399161.389970	0.459860	0.036980	-0.458371	1543369826.983961	3.264248	1.919387	2.030125
1.655872	470902.278992	4399161.390787	0.398859	0.032160	-0.397561	1543369827.089274	3.277508	1.951847	2.027490
1.655455	470902.287329	4399161.419317	0.324405	0.026187	-0.323346	1543369827.176882	3.310223	1.994219	2.024982
1.653744	470902.319450	4399161.453037	0.252118	0.020160	-0.251311	1543369827.287622	3.350091	1.976026	2.031020
1.650979	470902.278926	4399161.340410	0.000000	0.000000	0.000000	1543369827.379121	3.324550	1.948910	2.032804
1.652256	470902.295159	4399161.345154	0.000000	0.000000	0.000000	1543369827.486338	3.319659	1.971817	2.030138
1.653703	470902.301506	4399161.335898	0.000000	0.000000	0.000000	1543369827.578922	3.340682	1.946290	2.025864
1.654598	470902.289245	4399161.325874	0.000000	0.000000	0.000000	1543369827.689204	3.377960	1.968008	2.025593
1.654353	470902.295766	4399161.355178	0.000000	0.000000	0.000000	1543369827.780931	3.385169	2.000140	2.024656
1.653588	470902.271579	4399161.391521	0.000000	0.000000	0.000000	1543369827.889279	3.401669	1.987436	2.023021
1.607704	470902.230747	4399161.398578	0.000000	0.000000	0.000000	1543369827.984024	3.402686	1.920767	2.009132
1.690888	470902.314964	4399161.372368	0.000000	0.000000	0.000000	1543369828.087211	3.320840	2.054842	2.005997
1.681156	470902.319111	4399161.363156	0.000000	0.000000	0.000000	1543369828.182964	3.297767	2.065200	2.004505
1.697485	470902.323275	4399161.382769	0.000000	0.000000	0.000000	1543369828.282243	3.311851	2.095746	2.006663
1.615270	470902.269111	4399161.349421	0.000000	0.000000	0.000000	1543369828.380452	3.319786	1.886594	2.015605
1.641163	470902.225942	4399161.376952	0.000000	0.000000	0.000000	1543369828.486990	3.329462	1.848867	2.009215
1.648602	470902.216852	4399161.349781	0.000000	0.000000	0.000000	1543369828.579231	3.317179	2.081515	1.999864
1.639934	470902.239784	4399161.366450	0.000000	0.000000	0.000000	1543369828.690544	3.262785	2.063298	1.995656
1.643090	470902.293973	4399161.419208	0.000000	0.000000	0.000000	1543369828.781144	3.373956	1.950917	1.997915
1.636772	470902.282031	4399161.372739	0.000000	0.000000	0.000000	1543369828.892193	3.304942	1.946579	1.994039
1.650231	470902.230007	4399161.387811	0.000000	0.000000	0.000000	1543369828.985440	3.431817	1.847667	1.986109
1.668598	470902.198198	4399161.311853	0.000000	0.000000	0.000000	1543369829.087204	3.410050	1.844988	1.988490
1.652966	470902.284373	4399161.306394	0.000000	0.000000	0.000000	1543369829.182779	3.409051	1.951857	2.000900
1.679210	470902.229985	4399161.359467	0.000000	0.000000	0.000000	1543369829.383375	3.339085	1.868824	1.996104
1.686099	470902.289672	4399161.366983	0.000000	0.000000	0.000000	1543369829.490389	3.377141	2.013266	1.996732
1.677518	470902.294226	4399161.318284	0.000000	0.000000	0.000000	1543369829.580338	3.339640	2.019490	2.006667
1.665025	470902.264870	4399161.383553	0.000000	0.000000	0.000000	1543369829.693878	3.320514	1.968492	2.008762
1.671283	470902.264863	4399161.391898	0.000000	0.000000	0.000000	1543369829.783852	3.344782	2.040283	2.006259
1.663173	470902.295156	4399161.380852	0.000000	0.000000	0.000000	1543369829.888287	3.343467	2.003579	2.005383
1.646396	470902.209586	4399161.360196	0.000000	0.000000	0.000000	1543369829.986589	3.299349	2.060432	2.009068
1.648636	470902.277509	4399161.403171	0.000000	0.000000	0.000000	1543369830.091413	3.280344	2.044300	2.012293
1.674873	470902.280212	4399161.391744	0.000000	0.000000	0.000000	1543369830.288958	3.302904	2.091646	2.005259
1.670555	470902.291852	4399161.387190	0.000000	0.000000	0.000000	1543369830.384329	3.259166	2.041179	2.004627
1.690989	470902.290528	4399161.440906	0.000000	0.000000	0.000000	1543369830.489671	3.410614	2.026807	1.994657
1.663079	470902.289017	4399161.420625	0.000000	0.000000	0.000000	1543369830.579938	3.414209	1.939649	1.998244
1.678017	470902.279739	4399161.447260	0.000000	0.000000	0.000000	1543369830.694968	3.371854	1.977765	2.005371
1.631761	470902.210843	4399161.400136	0.000000	0.000000	0.000000	1543369830.780127	3.269593	1.997501	2.004400
1.650761	470902.232425	4399161.428365	0.000000	0.000000	0.000000	1543369830.895134	3.389275	2.026442	1.998027
1.667470	470902.292451	4399161.385004	0.000000	0.000000	0.000000	1543369830.983676	3.420242	2.018863	1.999873
1.678644	470902.277819	4399161.438515	0.000000	0.000000	0.000000	1543369831.094730	3.450034	2.007807	2.012620
1.683741	470902.304202	4399161.434088	0.000000	0.000000	0.000000	1543369831.180498	3.444081	1.997306	2.005403
1.667215	470902.300584	4399161.395882	0.000000	0.000000	0.000000	1543369831.382831	3.286489	1.992439	2.008583
1.649111	470902.197682	4399161.326309	0.000000	0.000000	0.000000	1543369831.494782	3.227525	2.040489	2.009394
1.635267	470902.253037	4399161.357794	0.000000	0.000000	0.000000	1543369831.586321	3.402056	1.925998	2.004184
1.673947	470902.220634	4399161.380332	0.000000	0.000000	0.000000	1543369831.696026	3.318445	1.820856	2.007339
1.624640	470902.279579	4399161.382329	0.000000	0.000000	0.000000	1543369831.790794	3.331731	1.872522	2.009702
1.665892	470902.302355	4399161.453280	0.000000	0.000000	0.000000	1543369831.889005	3.439227	1.985356	2.005763
1.658315	470902.283644	4399161.393668	0.000000	0.000000	0.000000	1543369831.989131	3.467062	1.960165	2.007117
1.655852	470902.238533	4399161.420061	0.000000	0.000000	0.000000	1543369832.090916	3.432698	2.001908	2.014826
1.693735	470902.297425	4399161.448763	0.000000	0.000000	0.000000	1543369832.190111	3.434893	2.051263	2.010539
1.675739	470902.261238	4399161.460911	0.000000	0.000000	0.000000	1543369832.287287	3.543721	2.022168	2.010161
1.681708	470902.318142	4399161.403505	0.000000	0.000000	0.000000	1543369832.391118	3.319705	2.027563	2.014736
1.651684	470902.255551	4399161.337323	0.000000	0.000000	0.000000	1543369832.495132	3.283607	2.013773	2.027263
1.623772	470902.162742	4399161.393425	0.000000	0.000000	0.000000	1543369832.595503	3.386270	2.048082	2.027659
1.671764	470902.281835	4399161.392295	0.000000	0.000000	0.000000	1543369832.689400	3.299345	2.031317	2.026634
1.655160	470902.233824	4399161.375016	0.000000	0.000000	0.000000	1543369832.789611	3.361863	2.022819	2.024062
1.654088	470902.245049	4399161.391614	0.000000	0.000000	0.000000	1543369832.887214	3.363744	2.082787	2.023044
1.662879	470902.271913	4399161.402202	0.000000	0.000000	0.000000	1543369832.986493	3.284662	1.996908	2.026326
1.680482	470902.295172	4399161.416368	0.000000	0.000000	0.000000	1543369833.188017	3.417856	2.015401	2.026560
1.654748	470902.244077	4399161.456937	0.000000	0.000000	0.000000	1543369833.291296	3.383312	2.046130	2.029473
1.685143	470902.309020	4399161.439611	0.000000	0.000000	0.000000	1543369833.388259	3.335666	2.006075	2.029686
1.662870	470902.304233	4399161.503690	0.000000	0.000000	0.000000	1543369833.486701	3.510442	2.048637	2.027361
1.645902	470902.263749	4399161.565494	0.000000	0.000000	0.000000	1543369833.589525	3.622988	2.015687	2.022614
1.654089	470902.286685	4399161.560469	0.000000	0.000000	0.000000	1543369833.689842	3.644656	2.035181	2.017549
1.661270	470902.280434	4399161.503618	0.000000	0.000000	0.000000	1543369833.787012	3.566406	2.022870	2.012313
1.633191	470902.239822	4399161.426714	0.000000	0.000000	0.000000	1543369833.887745	3.356133	2.022758	2.014365
1.638975	470902.244014	4399161.424621	0.000000	0.000000	0.000000	1543369833.987931	3.349406	2.025708	2.014894
1.632028	470902.231950	4399161.421941	0.000000	0.000000	0.000000	1543369834.088395	3.319154	1.982292	2.010158
1.632237	470902.255126	4399161.521935	0.000000	0.000000	0.000000	1543369834.187847	3.587142	2.031723	2.008020
1.639652	470902.256380	4399161.406947	0.000000	0.000000	0.000000	1543369834.288173	3.355825	1.950456	2.012796
1.606611	470902.211159	4399161.569315	0.000000	0.000000	0.000000	1543369834.387822	3.709422	2.014410	2.008729
1.630864	470902.251363	4399161.482533	0.000000	0.000000	0.000000	1543369834.486791	3.486163	2.013927	2.006847
1.630777	470902.240658	4399161.480470	0.000000	0.000000	0.000000	1543369834.591274	3.470615	1.998346	2.004308
1.600026	470902.191408	4399161.436671	0.000000	0.000000	0.000000	1543369834.687145	3.307142	2.012893	2.011225
1.639141	470902.242913	4399161.440657	0.000000	0.000000	0.000000	1543369834.791072	3.394662	2.010184	2.019748
1.651517	470902.264123	4399161.574676	0.000000	0.000000	0.000000	1543369834.887021	3.552882	2.063056	2.029387
1.638228	470902.244727	4399161.520865	0.000000	0.000000	0.000000	1543369834.992160	3.439061	2.050860	2.027210
1.616903	470902.226392	4399161.551166	0.000000	0.000000	0.000000	1543369835.088725	3.641920	2.014643	2.024210
1.634797	470902.216935	4399161.468211	0.000000	0.000000	0.000000	1543369835.190004	3.357352	2.039856	2.024765
1.654907	470902.248487	4399161.443034	0.000000	0.000000	0.000000	1543369835.288916	3.293172	1.999059	2.028724
1.654610	470902.259445	4399161.435150	0.000000	0.000000	0.000000	1543369835.389202	3.327301	1.976634	2.025530
