front	position-x	position-y	speed	speed-x	speed-y	timestamp	v-x	v-y	v-z
-3.059200	470798.607407	4399302.790545	0.000000	0.000000	0.000000	1543390931.412149	0.161114	0.015307	0.280800
-3.059200	470798.607407	4399302.790545	0.000000	0.000000	0.000000	1543390931.515755	0.161114	0.015307	0.280800
1.785929	470798.605663	4399302.775496	0.000000	0.000000	0.000000	1543390931.608247	0.085286	0.155907	0.526817
1.793661	470798.620590	4399302.818849	0.000000	0.000000	0.000000	1543390931.715645	0.093156	0.142928	0.517069
1.787096	470798.564947	4399302.876590	0.000000	0.000000	0.000000	1543390931.814682	0.115968	0.148904	0.509995
1.787096	470798.564947	4399302.876590	0.000000	0.000000	0.000000	1543390931.917388	0.115968	0.148904	0.509995
1.787096	470798.564947	4399302.876590	0.000000	0.000000	0.000000	1543390932.006497	0.115968	0.148904	0.509995
1.787096	470798.564947	4399302.876590	0.000000	0.000000	0.000000	1543390932.116593	0.115968	0.148904	0.509995
1.384541	470798.662198	4399302.812795	0.000000	0.000000	0.000000	1543390932.210657	0.035428	0.142074	0.241919
1.384541	470798.662198	4399302.812795	0.000000	0.000000	0.000000	1543390932.312549	0.035428	0.142074	0.241919
1.719051	470798.632748	4399302.869396	0.000000	0.000000	0.000000	1543390932.612422	0.089372	0.160265	0.231393
1.736347	470798.554587	4399302.819198	0.000000	0.000000	0.000000	1543390932.718483	0.057910	0.137227	0.489686
1.729224	470798.579258	4399302.860646	0.000000	0.000000	0.000000	1543390932.818046	0.019398	0.028938	0.485780
1.729224	470798.579258	4399302.860646	0.000000	0.000000	0.000000	1543390932.919146	0.019398	0.028938	0.485780
1.716274	470798.575884	4399302.858122	0.000000	0.000000	0.000000	1543390933.012487	0.010000	0.025676	0.480693
1.716201	470798.580032	4399302.888838	0.000000	0.000000	0.000000	1543390933.118782	0.119323	0.197211	0.475464
1.734160	470798.598094	4399302.850488	0.000000	0.000000	0.000000	1543390933.208827	0.032896	0.047663	0.474832
1.737620	470798.634581	4399302.904249	0.000000	0.000000	0.000000	1543390933.314257	0.072445	0.128765	0.474341
1.743017	470798.629529	4399302.864121	0.000000	0.000000	0.000000	1543390933.415366	0.109652	0.127888	0.473056
1.723260	470798.590219	4399302.874242	0.000000	0.000000	0.000000	1543390933.515396	0.080590	0.128163	0.466250
1.727354	470796.642571	4399302.475322	0.000000	0.000000	0.000000	1543390933.610751	0.203785	0.319701	0.466593
1.732273	470798.540195	4399302.884353	0.000000	0.000000	0.000000	1543390933.721549	0.134486	0.124122	0.425473
1.746771	470798.568505	4399302.935824	0.000000	0.000000	0.000000	1543390933.815403	0.193659	0.165828	0.439254
1.755186	470798.612671	4399302.877441	0.000000	0.000000	0.000000	1543390933.920809	0.087486	0.125942	0.439529
1.763663	470798.514957	4399302.873241	0.000000	0.000000	0.000000	1543390934.009499	0.073812	0.123462	0.435102
1.724540	470798.562548	4399302.902308	0.000000	0.000000	0.000000	1543390934.320906	0.055623	0.185382	0.431438
1.703864	470798.586121	4399302.974983	0.000000	0.000000	0.000000	1543390934.417933	0.198234	0.124296	0.430404
1.706235	470798.534632	4399302.896900	0.000000	0.000000	0.000000	1543390934.519089	0.176064	0.184963	0.434229
1.718762	470798.556168	4399302.897115	0.000000	0.000000	0.000000	1543390934.609243	0.085661	0.122033	0.430979
1.762081	470798.576421	4399302.904957	0.000000	0.000000	0.000000	1543390934.818302	0.054089	0.236072	0.427385
1.755184	470798.595635	4399302.968744	0.000000	0.000000	0.000000	1543390935.017574	0.156637	0.176889	0.418422
1.745387	470798.574278	4399302.948092	0.000000	0.000000	0.000000	1543390935.116998	0.135563	0.121908	0.418207
1.705424	470798.539314	4399302.927443	0.000000	0.000000	0.000000	1543390935.208299	0.121061	0.184560	0.417477
1.751259	470798.589375	4399302.953574	0.000000	0.000000	0.000000	1543390935.719135	0.125484	0.230975	0.429689
1.777076	470798.547191	4399302.942908	0.000000	0.000000	0.000000	1543390935.813651	0.155874	0.169638	0.452258
1.005107	470798.577266	4399302.942571	0.000000	0.000000	0.000000	1543390935.916963	0.136292	0.255889	0.446788
1.070890	470798.536393	4399302.937402	0.000000	0.000000	0.000000	1543390936.012799	0.089639	0.173802	0.437690
1.095993	470798.612448	4399302.899876	0.000000	0.000000	0.000000	1543390936.117685	0.074444	0.091848	0.440708
1.156445	470798.620880	4399302.899603	0.000000	0.000000	0.000000	1543390936.212087	0.063897	0.065227	0.437781
1.136821	470798.633332	4399302.916219	0.000000	0.000000	0.000000	1543390936.314925	0.105455	0.141763	0.446089
1.185814	470798.588758	4399302.894405	0.000000	0.000000	0.000000	1543390936.417398	0.056169	0.062574	0.443381
1.242617	470798.603910	4399302.912638	0.000000	0.000000	0.000000	1543390936.517402	0.022040	0.128817	0.437119
1.286518	470798.585109	4399302.901711	0.000000	0.000000	0.000000	1543390936.609199	0.037347	0.131126	0.432091
1.333597	470798.583815	4399302.966214	0.000000	0.000000	0.000000	1543390936.719485	0.084874	0.213569	0.430877
1.408527	470798.590059	4399302.922662	0.000000	0.000000	0.000000	1543390936.808501	0.098771	0.194106	0.429434
1.432269	470798.561953	4399302.933177	0.000000	0.000000	0.000000	1543390936.917521	0.185644	0.138627	0.432838
1.448771	470798.573155	4399302.902725	0.000000	0.000000	0.000000	1543390937.011066	0.207539	0.186656	0.433764
1.475016	470798.637523	4399302.945684	0.000000	0.000000	0.000000	1543390937.120192	0.095519	0.130279	0.428588
1.474836	470798.627024	4399302.956037	0.000000	0.000000	0.000000	1543390937.209277	0.130878	0.238281	0.242247
1.535091	470798.575074	4399302.942317	0.000000	0.000000	0.000000	1543390937.418688	0.135530	0.195853	0.450498
1.615790	470798.583567	4399302.932510	0.000000	0.000000	0.000000	1543390937.612370	0.130065	0.124776	0.451718
1.640704	470798.653761	4399302.909286	0.000000	0.000000	0.000000	1543390937.717460	0.058769	0.041090	0.443194
1.657597	470798.651474	4399302.899555	0.000000	0.000000	0.000000	1543390937.807669	0.059168	0.113370	0.448348
1.686052	470798.684350	4399302.952118	0.000000	0.000000	0.000000	1543390937.917079	0.134134	0.143912	0.437851
1.700368	470798.715330	4399302.942970	0.000000	0.000000	0.000000	1543390938.018428	0.064099	0.167328	0.437454
1.713669	470798.679327	4399302.900388	0.000000	0.000000	0.000000	1543390938.116629	0.150751	0.189134	0.435987
1.739084	470798.738647	4399302.908573	0.000000	0.000000	0.000000	1543390938.208383	0.062596	0.138612	0.437914
1.763229	470798.689637	4399302.902837	0.000000	0.000000	0.000000	1543390938.317749	0.200786	0.156101	0.437886
1.769183	470798.734903	4399302.871049	0.000000	0.000000	0.000000	1543390938.415747	0.122481	0.161878	0.440956
1.754076	470798.694186	4399302.900372	0.000000	0.000000	0.000000	1543390938.517182	0.132988	0.265341	0.434460
1.775578	470798.725173	4399302.887205	0.000000	0.000000	0.000000	1543390938.616836	0.145408	0.106247	0.431020
1.796230	470798.670923	4399302.885848	0.000000	0.000000	0.000000	1543390938.717193	0.080888	0.106187	0.426445
1.817898	470798.692432	4399302.917386	0.000000	0.000000	0.000000	1543390938.817856	0.116203	0.102236	0.420196
1.824844	470798.651156	4399302.920630	0.000000	0.000000	0.000000	1543390938.917915	0.139040	0.191532	0.393049
1.831079	470798.590899	4399302.872371	0.000000	0.000000	0.000000	1543390939.018464	0.068685	0.095578	0.398953
1.887692	470798.629237	4399302.872667	0.000000	0.000000	0.000000	1543390939.118615	0.070976	0.102516	0.395092
1.903329	470798.636539	4399302.918445	0.000000	0.000000	0.000000	1543390939.220137	0.096322	0.100184	0.605287
1.955650	470798.617539	4399302.889099	0.000000	0.000000	0.000000	1543390939.320106	0.104990	0.178241	0.401494
1.954159	470798.586650	4399302.868429	0.000000	0.000000	0.000000	1543390939.421385	0.061851	0.140743	0.389325
1.960809	470798.564264	4399302.912398	0.000000	0.000000	0.000000	1543390939.519475	0.120691	0.100837	0.383996
1.975052	470798.523631	4399302.913589	0.000000	0.000000	0.000000	1543390939.630006	0.120369	0.146182	0.380402
1.968109	470798.535975	4399302.883838	0.000000	0.000000	0.000000	1543390939.719329	0.057070	0.120337	0.379137
1.973826	470798.475370	4399302.914634	0.000000	0.000000	0.000000	1543390939.822710	0.096608	0.147781	0.377849
2.001874	470798.456641	4399302.908209	0.000000	0.000000	0.000000	1543390939.931191	0.101773	0.191794	0.374132
2.042621	470798.394117	4399302.940719	0.000000	0.000000	0.000000	1543390940.017796	0.241511	0.096747	0.557720
2.062318	470798.416033	4399302.912237	0.000000	0.000000	0.000000	1543390940.132253	0.088079	0.179991	0.536738
2.134681	470798.405297	4399302.927737	0.000000	0.000000	0.000000	1543390940.223312	0.103947	0.203887	0.531141
2.131480	470798.364395	4399302.837422	0.000000	0.000000	0.000000	1543390940.334051	0.103837	0.092282	0.533523
2.106278	470798.369896	4399302.927853	0.000000	0.000000	0.000000	1543390940.418617	0.207733	0.199657	0.531061
2.049976	470798.364119	4399302.903771	0.000000	0.000000	0.000000	1543390940.532206	0.152107	0.218756	0.509974
2.093759	470798.361572	4399302.907971	0.000000	0.000000	0.000000	1543390940.620476	0.152817	0.202505	0.511832
2.094217	470798.414206	4399302.876021	0.000000	0.000000	0.000000	1543390940.732076	0.079918	0.121676	0.502346
2.129679	470798.419418	4399302.896986	0.000000	0.000000	0.000000	1543390940.839200	0.102473	0.202122	0.339890
2.106457	470798.444358	4399302.921118	0.000000	0.000000	0.000000	1543390940.932591	0.128084	0.155402	0.333016
2.137652	470798.429076	4399302.887434	0.000000	0.000000	0.000000	1543390941.031049	0.092812	0.080406	0.482612
2.124197	470798.445059	4399302.938957	0.000000	0.000000	0.000000	1543390941.129599	0.169548	0.091448	0.474790
2.137470	470798.470557	4399302.908249	0.000000	0.000000	0.000000	1543390941.223067	0.082404	0.146504	0.469371
2.183481	470798.481634	4399302.911840	0.000000	0.000000	0.000000	1543390941.328145	0.091373	0.138413	0.458712
2.234838	470798.467514	4399302.891049	0.000000	0.000000	0.000000	1543390941.428781	0.224656	0.243944	0.453956
2.292867	470798.516188	4399302.919202	0.000000	0.000000	0.000000	1543390941.530656	0.244619	0.095546	0.449999
2.306279	470798.549791	4399302.895841	0.000000	0.000000	0.000000	1543390941.621334	0.128914	0.215480	0.577896
2.308275	470798.556943	4399302.891356	0.000000	0.000000	0.000000	1543390941.731117	0.176552	0.204982	0.574035
2.335606	470798.559838	4399302.888423	0.000000	0.000000	0.000000	1543390941.823376	0.185050	0.130327	0.559008
2.373931	470798.535859	4399302.888926	0.000000	0.000000	0.000000	1543390941.926493	0.217932	0.169860	0.549239
2.387569	470798.578714	4399302.899757	0.000000	0.000000	0.000000	1543390942.016328	0.173343	0.243650	0.390052
2.447569	470798.538772	4399302.904291	0.000000	0.000000	0.000000	1543390942.128631	0.182713	0.167644	0.513450
2.494772	470798.559829	4399302.910179	0.000000	0.000000	0.000000	1543390942.216957	0.235004	0.214375	0.529800
2.452740	470798.572841	4399302.890789	0.000000	0.000000	0.000000	1543390942.326315	0.182782	0.202100	0.534067
2.496463	470798.586765	4399302.934512	0.000000	0.000000	0.000000	1543390942.418505	0.211937	0.194886	0.502137
2.571630	470798.549421	4399302.907728	0.000000	0.000000	0.000000	1543390942.518457	0.201408	0.179781	0.492100
2.559429	470798.582053	4399302.924347	0.000000	0.000000	0.000000	1543390942.626184	0.171936	0.193404	0.609644
2.630489	470798.571359	4399302.911954	0.000000	0.000000	0.000000	1543390942.719136	0.160421	0.222278	0.502446
2.705703	470798.569801	4399302.928162	0.000000	0.000000	0.000000	1543390942.815659	0.192238	0.184348	0.493755
2.707767	470798.556792	4399302.922124	0.000000	0.000000	0.000000	1543390942.915031	0.149858	0.150160	0.482815
0.610538	470798.571379	4399302.959818	0.000000	0.000000	0.000000	1543390943.017571	0.191611	0.212631	0.490535
0.415448	470798.590508	4399302.921144	0.000000	0.000000	0.000000	1543390943.118229	0.209113	0.142344	0.581267
2.287766	470798.571902	4399302.939122	0.000000	0.000000	0.000000	1543390943.215891	0.137824	0.190252	0.480854
0.604880	470798.565695	4399302.955114	0.000000	0.000000	0.000000	1543390943.318306	0.148055	0.111830	0.464592
-0.330938	470798.570051	4399302.922976	0.000000	0.000000	0.000000	1543390943.412388	0.183417	0.225821	0.540980
0.301253	470798.596030	4399302.894093	0.000000	0.000000	0.000000	1543390943.517138	0.230708	0.227720	0.572251
0.449413	470798.598531	4399302.906661	0.000000	0.000000	0.000000	1543390943.614526	0.224895	0.233251	0.541389
0.405628	470798.570629	4399302.913986	0.000000	0.000000	0.000000	1543390943.718018	0.228513	0.164081	0.522675
-0.527238	470798.573437	4399302.931784	0.000000	0.000000	0.000000	1543390943.805521	0.233490	0.199471	0.544568
0.352475	470798.568904	4399302.908172	0.000000	0.000000	0.000000	1543390943.921265	0.179170	0.151426	0.552187
0.539858	470798.573087	4399302.925958	0.000000	0.000000	0.000000	1543390944.006411	0.198474	0.171753	0.550289
0.459697	470798.559903	4399302.952582	0.000000	0.000000	0.000000	1543390944.117239	0.191726	0.189795	0.585372
1.635142	470798.570345	4399302.939587	0.000000	0.000000	0.000000	1543390944.212298	0.135717	0.188526	0.522512
0.442114	470798.566519	4399302.949067	0.000000	0.000000	0.000000	1543390944.317396	0.185286	0.153529	0.557528
0.392989	470798.564296	4399303.017713	0.000000	0.000000	0.000000	1543390944.406389	0.205966	0.305481	0.589739
0.486551	470798.583663	4399302.954684	0.000000	0.000000	0.000000	1543390944.516760	0.232807	0.141228	0.568502
0.803475	470798.571826	4399302.916910	0.000000	0.000000	0.000000	1543390944.612674	0.212920	0.114853	0.525715
1.975547	470798.562969	4399303.002719	0.000000	0.000000	0.000000	1543390944.717437	0.207684	0.203536	0.538061
0.323153	470798.583113	4399302.972773	0.000000	0.000000	0.000000	1543390944.811413	0.230658	0.224073	0.540535
0.402920	470798.581017	4399302.995013	0.000000	0.000000	0.000000	1543390944.919119	0.218842	0.168774	0.593778
0.608843	470798.563067	4399302.970620	0.000000	0.000000	0.000000	1543390945.010258	0.183800	0.121375	0.590820
0.632746	470798.577515	4399303.003512	0.000000	0.000000	0.000000	1543390945.121886	0.195001	0.156446	0.514630
1.560120	470798.566182	4399302.998835	0.000000	0.000000	0.000000	1543390945.217219	0.147123	0.194960	0.587450
0.990418	470798.571589	4399302.985701	0.000000	0.000000	0.000000	1543390945.316368	0.210761	0.174626	0.575137
0.792459	470798.566238	4399302.988810	0.000000	0.000000	0.000000	1543390945.407783	0.221368	0.132872	0.591322
0.572207	470798.554830	4399303.033098	0.000000	0.000000	0.000000	1543390945.515997	0.185373	0.191096	0.544830
0.468077	470798.567067	4399302.980283	0.000000	0.000000	0.000000	1543390945.621341	0.203560	0.345600	0.579830
0.619860	470798.579857	4399302.965632	0.000000	0.000000	0.000000	1543390945.715809	0.200420	0.277216	0.574491
2.009393	470798.581844	4399302.984347	0.000000	0.000000	0.000000	1543390945.813037	0.135326	0.180577	0.538656
1.471298	470798.552282	4399303.001628	0.000000	0.000000	0.000000	1543390945.917461	0.134581	0.184263	0.449247
0.969703	470798.553113	4399303.027336	0.000000	0.000000	0.000000	1543390946.020246	0.142202	0.167467	0.449201
0.686474	470798.578055	4399303.016824	0.000000	0.000000	0.000000	1543390946.116963	0.193198	0.154473	0.574638
0.544034	470798.559191	4399302.991812	0.000000	0.000000	0.000000	1543390946.218538	0.198169	0.160113	0.587191
0.430915	470798.566409	4399303.011117	0.000000	0.000000	0.000000	1543390946.318799	0.188473	0.118912	0.579812
0.401952	470798.564109	4399302.991220	0.000000	0.000000	0.000000	1543390946.415345	0.189062	0.184317	0.563284
0.322705	470798.562001	4399303.001381	0.000000	0.000000	0.000000	1543390946.527867	0.194267	0.258230	0.586839
0.364433	470798.563500	4399302.992993	0.000000	0.000000	0.000000	1543390946.615566	0.196429	0.137331	0.590673
-0.675199	470798.548173	4399303.011552	0.000000	0.000000	0.000000	1543390946.731308	0.164408	0.171570	0.591315
2.146972	470798.564192	4399302.997026	0.000000	0.000000	0.000000	1543390946.824654	0.173753	0.179163	0.527766
2.068333	470798.560686	4399303.003201	0.000000	0.000000	0.000000	1543390946.928713	0.164425	0.164230	0.508126
1.230810	470798.540889	4399303.007111	0.000000	0.000000	0.000000	1543390947.015088	0.185661	0.141438	0.513876
0.896772	470798.517098	4399302.994228	0.000000	0.000000	0.000000	1543390947.130263	0.216166	0.145316	0.503406
0.684145	470798.498242	4399302.995221	0.000000	0.000000	0.000000	1543390947.215343	0.254815	0.120728	0.501682
1.938953	470798.505984	4399302.990157	0.000000	0.000000	0.000000	1543390947.428637	0.188808	0.198262	0.582218
2.079672	470798.509441	4399303.007215	0.000000	0.000000	0.000000	1543390947.525744	0.201199	0.210344	0.612053
0.906642	470798.477326	4399303.007788	0.000000	0.000000	0.000000	1543390947.627726	0.239386	0.209261	0.604294
1.045007	470798.502517	4399302.980411	0.000000	0.000000	0.000000	1543390947.729460	0.233009	0.126982	0.554908
0.632513	470798.492828	4399302.983758	0.000000	0.000000	0.000000	1543390947.839756	0.231550	0.130085	0.574032
0.510017	470798.509530	4399302.986002	0.000000	0.000000	0.000000	1543390947.927873	0.232477	0.176903	0.596208
2.190641	470798.513530	4399302.996202	0.000000	0.000000	0.000000	1543390948.027390	0.162507	0.169439	0.596771
2.321596	470798.494221	4399303.015795	0.000000	0.000000	0.000000	1543390948.131912	0.123235	0.191941	0.577034
0.004103	470798.507129	4399303.000072	0.000000	0.000000	0.000000	1543390948.238604	0.206515	0.157536	0.587868
0.295578	470798.533395	4399302.996281	0.000000	0.000000	0.000000	1543390948.338448	0.213609	0.133883	0.591251
0.465961	470798.514780	4399303.027636	0.000000	0.000000	0.000000	1543390948.439689	0.190873	0.211324	0.551599
-0.776417	470798.440019	4399303.059138	0.000000	0.000000	0.000000	1543390948.528719	0.345198	0.210196	0.594898
0.091840	470798.515302	4399302.979310	0.000000	0.000000	0.000000	1543390948.733261	0.206055	0.182130	0.518238
0.486465	470798.506739	4399302.998940	0.000000	0.000000	0.000000	1543390948.828478	0.191486	0.149385	0.524506
0.168626	470798.519896	4399303.019567	0.000000	0.000000	0.000000	1543390948.925968	0.220178	0.223004	0.543370
2.099038	470798.515699	4399302.995063	0.000000	0.000000	0.000000	1543390949.025955	0.190720	0.179725	0.579203
0.746321	470798.512146	4399303.020588	0.000000	0.000000	0.000000	1543390949.129354	0.190398	0.140642	0.594568
0.476581	470798.525766	4399302.990354	0.000000	0.000000	0.000000	1543390949.226501	0.187738	0.208657	0.546304
1.973029	470798.517658	4399302.957243	0.000000	0.000000	0.000000	1543390949.327207	0.172772	0.220354	0.610196
0.130759	470798.497580	4399303.064252	0.000000	0.000000	0.000000	1543390949.425460	0.214851	0.265801	0.605721
0.124665	470798.502039	4399302.984844	0.000000	0.000000	0.000000	1543390949.530357	0.185180	0.140464	0.521464
1.556713	470798.510968	4399302.981087	0.000000	0.000000	0.000000	1543390949.625895	0.157123	0.171091	0.537505
0.447624	470798.505060	4399303.041653	0.000000	0.000000	0.000000	1543390949.726809	0.210808	0.207793	0.588470
0.168837	470798.519013	4399302.998778	0.000000	0.000000	0.000000	1543390949.829524	0.188605	0.155713	0.604435
0.192277	470798.514896	4399303.020520	0.000000	0.000000	0.000000	1543390949.929004	0.181985	0.255422	0.599682
1.540233	470798.510671	4399303.023380	0.000000	0.000000	0.000000	1543390950.027109	0.154265	0.176648	0.604076
0.280487	470798.513213	4399302.996980	0.000000	0.000000	0.000000	1543390950.125721	0.200738	0.113683	0.603514
1.606125	470798.528910	4399302.984820	0.000000	0.000000	0.000000	1543390950.221490	0.158210	0.204087	0.587751
2.052381	470798.504703	4399303.032151	0.000000	0.000000	0.000000	1543390950.326781	0.242665	0.205484	0.565829
-0.052366	470798.502684	4399303.033740	0.000000	0.000000	0.000000	1543390950.417471	0.255054	0.196472	0.603076
0.277071	470798.519096	4399303.024695	0.000000	0.000000	0.000000	1543390950.527154	0.195749	0.290789	0.614572
0.278634	470798.518801	4399303.028305	0.000000	0.000000	0.000000	1543390950.614562	0.223203	0.212518	0.619093
1.934492	470798.536281	4399303.013268	0.000000	0.000000	0.000000	1543390950.727991	0.133670	0.210901	0.587449
-0.406576	470798.522251	4399303.036364	0.000000	0.000000	0.000000	1543390950.820414	0.299628	0.192649	0.622349
-0.590914	470798.570039	4399303.010682	0.000000	0.000000	0.000000	1543390950.917912	0.213442	0.175019	0.618690
0.373128	470798.543906	4399303.025308	0.000000	0.000000	0.000000	1543390951.023873	0.206636	0.238827	0.632352
0.517236	470798.544609	4399303.043881	0.000000	0.000000	0.000000	1543390951.118861	0.202682	0.203707	0.594563
-0.000009	470798.565394	4399303.075830	0.000000	0.000000	0.000000	1543390951.219330	0.236432	0.218983	0.612536
-0.956579	470798.536233	4399303.075797	0.000000	0.000000	0.000000	1543390951.315026	0.343960	0.227106	0.622000
1.102329	470798.539829	4399303.099425	0.000000	0.000000	0.000000	1543390951.418922	0.232043	0.354624	0.433141
0.923136	470798.576160	4399303.044298	0.000000	0.000000	0.000000	1543390951.611415	0.119410	0.212555	0.214525
1.209620	470798.587935	4399303.043087	0.000000	0.000000	0.000000	1543390951.718033	0.118919	0.135665	0.134819
