front	position-x	position-y	speed	speed-x	speed-y	timestamp	v-x	v-y	v-z
1.644593	470810.210050	4399200.725631	0.000000	0.000000	0.000000	1543481071.915676	3.783735	1.066361	0.755694
1.643228	470810.248993	4399200.759690	0.000000	0.000000	0.000000	1543481072.019370	3.842067	0.928089	0.755790
1.642497	470810.335671	4399200.625489	0.000000	0.000000	0.000000	1543481072.213482	3.513991	0.843618	0.758909
1.645010	470810.554595	4399202.025450	0.000000	0.000000	0.000000	1543481072.309916	1.058294	0.246426	0.757840
1.644064	470810.216400	4399200.702954	0.000000	0.000000	0.000000	1543481072.509949	3.799233	1.053653	0.757855
1.646295	470810.332755	4399200.613695	0.000000	0.000000	0.000000	1543481072.614560	3.528198	0.839859	0.761085
1.643126	470810.267193	4399200.794911	0.000000	0.000000	0.000000	1543481072.711933	3.872813	0.967805	0.756788
1.647878	470810.301013	4399200.472939	0.000000	0.000000	0.000000	1543481072.807832	3.276290	0.986856	0.758585
1.646384	470810.255438	4399200.793020	0.000000	0.000000	0.000000	1543481072.911016	3.876404	0.951518	0.757340
1.653249	470810.322932	4399200.636326	0.000000	0.000000	0.000000	1543481073.009982	3.578344	0.844090	0.760340
1.656428	470810.336057	4399200.634215	0.000000	0.000000	0.000000	1543481073.110477	3.560607	0.884838	0.760749
1.655911	470810.329522	4399200.480605	0.000000	0.000000	0.000000	1543481073.212243	3.456986	0.874655	0.757812
1.651975	470810.327206	4399200.577946	0.000000	0.000000	0.000000	1543481073.312227	3.642936	0.883198	0.760990
1.646648	470810.316532	4399200.512422	0.000000	0.000000	0.000000	1543481073.409264	3.493965	0.889843	0.759030
1.642141	470810.231747	4399200.770736	0.000000	0.000000	0.000000	1543481073.516202	3.885542	1.019106	0.754197
1.640850	470810.243928	4399200.724254	0.000000	0.000000	0.000000	1543481073.611664	3.957564	0.986027	0.752778
1.638813	470810.331660	4399200.869854	0.292272	0.130919	0.261311	1543481073.815863	3.897250	0.873228	0.764511
1.641699	470810.326598	4399200.521139	0.000000	0.000000	0.000000	1543481074.009424	3.572360	0.904200	0.759452
1.642273	470810.034218	4399200.323759	0.000000	0.000000	0.000000	1543481074.111248	3.038938	1.495282	1.161368
1.642328	470810.325909	4399200.527444	0.000000	0.000000	0.000000	1543481074.215930	3.528204	0.902786	0.757310
1.640004	470810.368461	4399200.624663	0.000000	0.000000	0.000000	1543481074.312819	3.718542	0.829075	0.760547
1.639550	470810.344493	4399200.658554	0.000000	0.000000	0.000000	1543481074.410943	3.606822	0.842599	0.827230
1.636000	470810.458806	4399200.707504	0.000000	0.000000	0.000000	1543481074.512223	3.581751	0.522828	0.825652
1.636990	470810.057830	4399200.630049	0.000000	0.000000	0.000000	1543481074.620994	3.488909	1.353130	1.227183
1.640226	470810.485200	4399200.119332	0.000000	0.000000	0.000000	1543481074.822729	2.625417	0.698647	0.767516
1.634889	470810.570200	4399200.978376	0.252332	0.037782	0.249487	1543481074.911576	4.124699	0.399456	0.455118
1.635335	470810.109795	4399200.927170	0.000000	0.000000	0.000000	1543481075.013195	4.176817	1.283761	1.201141
1.633101	470810.731508	4399200.806684	0.000000	0.000000	0.000000	1543481075.211483	2.850381	0.140500	0.453137
1.633608	470810.694633	4399200.839928	0.000000	0.000000	0.000000	1543481075.314039	3.625038	0.226887	0.483780
1.627558	470809.951693	4399200.621792	0.000000	0.000000	0.000000	1543481075.415084	3.387422	1.699491	0.488465
1.622459	470810.043407	4399200.849510	0.000000	0.000000	0.000000	1543481075.511574	4.069849	1.617384	1.214615
1.614497	470810.041590	4399200.736196	0.000000	0.000000	0.000000	1543481075.615976	3.842887	1.494467	1.226869
1.612483	470810.098488	4399200.912875	0.000000	0.000000	0.000000	1543481075.712837	4.214547	1.481143	1.215682
1.603204	470809.996467	4399200.838887	0.000000	0.000000	0.000000	1543481075.814257	4.147316	1.556193	1.213866
1.595949	470810.023318	4399200.886639	0.000000	0.000000	0.000000	1543481075.910789	4.262870	1.401491	1.213886
1.587587	470810.090621	4399200.753912	0.000000	0.000000	0.000000	1543481076.011913	3.886843	1.299851	1.619620
1.577644	470810.040588	4399200.822346	0.000000	0.000000	0.000000	1543481076.115412	4.176368	1.178542	1.599436
1.573574	470809.925210	4399200.866250	0.000000	0.000000	0.000000	1543481076.223079	4.251133	1.202642	1.620043
1.581806	470810.203920	4399198.836677	0.000000	0.000000	0.000000	1543481076.311814	0.158632	0.565584	0.388709
1.589411	470810.310086	4399198.805712	0.000000	0.000000	0.000000	1543481076.411630	0.220087	0.534395	0.387768
1.592107	470809.899777	4399199.958677	0.000000	0.000000	0.000000	1543481076.513158	2.266330	1.261220	1.512658
1.587946	470810.013550	4399200.160932	0.000000	0.000000	0.000000	1543481076.617645	2.712622	1.226864	1.511805
1.580535	470810.078705	4399199.751766	0.000000	0.000000	0.000000	1543481076.712445	1.586263	1.106345	1.129020
1.578564	470810.077502	4399199.925230	0.000000	0.000000	0.000000	1543481076.811476	2.420232	1.598555	1.845539
1.578984	470810.058504	4399199.618209	0.000000	0.000000	0.000000	1543481076.910420	1.523851	1.366563	0.749996
1.582129	470810.075471	4399200.237339	0.000000	0.000000	0.000000	1543481077.008311	3.040349	1.605940	0.728668
1.582077	470810.018042	4399200.447397	0.000000	0.000000	0.000000	1543481077.114475	3.619780	1.628955	1.142169
1.576777	470809.974349	4399200.704587	0.000000	0.000000	0.000000	1543481077.216257	3.882499	1.443244	1.858427
1.564733	470809.819427	4399199.610410	0.000000	0.000000	0.000000	1543481077.313596	1.734163	1.318669	1.858951
1.559968	470810.012431	4399200.792884	0.000000	0.000000	0.000000	1543481077.415340	4.124632	1.405900	1.859955
1.561398	470810.105956	4399199.086020	0.000000	0.000000	0.000000	1543481077.510966	0.689771	1.489878	1.451658
1.561852	470809.974425	4399199.894805	0.000000	0.000000	0.000000	1543481077.622067	2.311227	1.602682	1.465115
1.557860	470810.031932	4399199.758448	0.000000	0.000000	0.000000	1543481077.713100	2.191308	1.602936	1.463585
1.559481	470810.025642	4399200.861230	0.000000	0.000000	0.000000	1543481077.814544	4.138600	1.617311	1.949868
1.564633	470809.960351	4399200.674819	0.000000	0.000000	0.000000	1543481077.911486	3.746934	1.679667	1.918384
1.565142	470809.989723	4399200.660663	0.000000	0.000000	0.000000	1543481078.012378	3.697691	1.691022	1.953566
1.567818	470809.952943	4399200.333447	0.000000	0.000000	0.000000	1543481078.114057	3.078129	1.532600	1.511339
1.571648	470809.908225	4399200.624060	0.000000	0.000000	0.000000	1543481078.216635	3.561764	1.489449	1.501329
1.577449	470809.806383	4399200.298108	0.000000	0.000000	0.000000	1543481078.309947	3.149895	1.462598	1.901279
1.577896	470809.842047	4399199.824470	0.000000	0.000000	0.000000	1543481078.412065	2.140573	1.746463	1.895474
1.577820	470809.828737	4399200.699471	0.000000	0.000000	0.000000	1543481078.521397	3.824669	1.502119	1.890426
1.584191	470809.844848	4399199.757811	0.000000	0.000000	0.000000	1543481078.616043	1.671539	1.645324	1.486540
1.584756	470809.784433	4399200.297753	0.000000	0.000000	0.000000	1543481078.722840	2.661222	1.452246	1.811267
1.594605	470809.680733	4399200.075762	0.000000	0.000000	0.000000	1543481078.812141	2.278922	1.396846	1.894101
1.600538	470809.704930	4399199.719737	0.000000	0.000000	0.000000	1543481078.924299	1.333634	1.670961	1.807346
1.605617	470809.698473	4399199.943245	0.000000	0.000000	0.000000	1543481079.012556	1.606689	1.701249	1.799389
1.613188	470809.637702	4399200.153721	0.000000	0.000000	0.000000	1543481079.122918	1.868182	1.667382	1.470695
1.610303	470809.520769	4399200.043130	0.000000	0.000000	0.000000	1543481079.323142	1.410847	1.652513	1.988708
1.614076	470809.532202	4399200.187282	0.000000	0.000000	0.000000	1543481079.421340	1.463006	1.628047	2.005422
1.618281	470809.403404	4399200.385300	0.000000	0.000000	0.000000	1543481079.519704	1.516665	1.656672	1.615005
1.608070	470809.359824	4399200.555531	0.000000	0.000000	0.000000	1543481079.621701	1.676359	1.659117	1.615313
1.612712	470809.488401	4399200.581853	0.000000	0.000000	0.000000	1543481079.719842	1.537676	1.669270	1.572858
1.584851	470809.477660	4399200.196883	0.000000	0.000000	0.000000	1543481079.819548	0.448651	1.709876	0.771282
1.591646	470809.382368	4399200.870029	0.318706	-0.109861	0.299173	1543481079.923794	1.453334	1.688492	1.606548
1.587850	470809.313789	4399201.073929	0.000000	0.000000	0.000000	1543481080.022871	1.558526	1.685930	1.603563
1.585328	470809.420187	4399201.246879	0.491805	-0.060090	0.488121	1543481080.122520	1.507198	1.598844	1.589905
1.593458	470809.330141	4399201.811406	0.796665	-0.106305	0.789541	1543481080.221769	2.220983	1.618959	1.991696
1.595518	470809.218499	4399201.504989	0.740097	-0.089249	0.734696	1543481080.321561	1.272896	1.843749	1.620201
1.600796	470809.260284	4399201.762739	0.933637	-0.027934	0.933219	1543481080.421211	1.367324	1.824891	1.932254
1.607165	470809.211756	4399202.003190	0.895995	-0.040146	0.895096	1543481080.522006	1.444903	1.827039	1.909801
1.601062	470809.160145	4399202.148695	0.898438	-0.203189	0.875160	1543481080.624162	1.349821	1.741686	1.608233
1.601313	470809.166761	4399202.183428	1.144709	-0.125725	1.137784	1543481080.722897	1.016356	1.718702	1.614788
1.703578	470809.103547	4399202.188604	1.366620	-0.180815	1.354605	1543481080.819269	0.727645	1.404515	2.012378
1.697119	470809.076073	4399202.918199	1.443533	-0.182099	1.432001	1543481081.024428	1.514316	1.705314	1.947851
1.697119	470809.123706	4399203.314923	1.247994	-0.157245	1.238048	1543481081.119869	1.632747	1.814842	1.541438
1.723104	470809.118600	4399203.472133	1.338550	-0.202480	1.323147	1543481081.239607	1.587170	1.824160	1.537167
1.725601	470808.987593	4399203.667707	1.523140	-0.234896	1.504918	1543481081.321771	1.605232	1.698945	1.545390
1.660665	470809.059714	4399203.898002	1.581508	-0.143908	1.574947	1543481081.419441	1.668827	1.708924	1.942608
1.651307	470809.000951	4399204.097448	1.818993	-0.146394	1.813093	1543481081.520920	1.560948	1.434354	1.947313
1.657057	470808.862100	4399204.782704	1.918990	-0.165053	1.911878	1543481081.637859	2.472977	1.424703	1.590233
1.581529	470809.003196	4399205.038958	2.141268	-0.023852	2.141135	1543481081.721882	2.373240	1.529257	1.972151
1.625520	470808.935842	4399205.008407	2.250370	-0.122433	2.247037	1543481081.819104	1.820570	1.610310	1.930967
1.509145	470809.086590	4399205.147606	2.090757	0.126461	2.086929	1543481081.924718	1.650552	1.594135	1.912605
1.554475	470808.973251	4399205.514891	2.327873	0.038714	2.327551	1543481082.026993	1.908339	1.626191	1.937129
1.589715	470808.929627	4399205.958429	2.287458	-0.043230	2.287049	1543481082.126001	2.417500	1.444361	1.578336
1.524882	470808.968953	4399206.092940	2.180082	0.098374	2.177861	1543481082.212965	2.442589	1.440244	1.927684
1.561247	470808.958152	4399206.389925	2.295612	0.022062	2.295506	1543481082.329530	2.500265	1.480126	1.925077
1.564063	470809.022029	4399206.693567	2.266627	0.015347	2.266575	1543481082.433023	2.465926	1.413057	1.568097
1.509198	470809.092739	4399206.906111	2.201028	0.134776	2.196897	1543481082.514618	2.358712	1.401640	1.558878
1.627639	470808.838900	4399207.134296	2.199582	-0.123729	2.196100	1543481082.616232	2.364676	1.488369	1.956340
1.581815	470808.926965	4399207.389793	1.916325	-0.021650	1.916202	1543481082.716510	2.422884	1.519821	1.521363
1.641393	470808.832726	4399207.566441	1.891099	-0.132436	1.886456	1543481082.834582	2.442552	1.427589	1.916791
1.594104	470808.908466	4399207.824212	2.001771	-0.046792	2.001224	1543481082.920767	2.521451	1.514037	1.915074
1.516055	470808.987449	4399208.044275	1.993258	0.108552	1.990300	1543481083.019135	2.418560	1.615321	1.912490
1.598583	470808.846938	4399208.329455	2.087187	-0.057054	2.086407	1543481083.119246	2.490184	1.450659	1.911495
1.533365	470808.876288	4399208.794542	2.043028	0.076322	2.041601	1543481083.317192	2.500576	1.503008	1.910627
1.567330	470808.776361	4399209.018795	2.017990	0.007557	2.017976	1543481083.415416	2.413696	1.452249	1.912500
1.565778	470808.917549	4399209.013732	2.004308	0.010772	2.004279	1543481083.521767	1.870039	1.593073	1.505346
1.599771	470808.876419	4399209.161466	1.933886	-0.055314	1.933095	1543481083.632398	1.615672	1.691886	1.502967
1.648818	470808.865075	4399209.409438	1.969951	-0.153144	1.963989	1543481083.718489	1.618054	1.687655	1.501676
1.691236	470808.671364	4399210.209940	2.181629	-0.261711	2.165875	1543481083.816846	2.751054	1.669486	1.501595
1.594329	470808.832733	4399209.984764	2.041923	-0.048742	2.041341	1543481083.919170	1.715540	1.871406	1.836371
1.659594	470808.661389	4399210.532501	2.214394	-0.195554	2.205743	1543481084.033505	2.281079	1.560457	1.875411
1.585312	470808.684247	4399210.785612	2.079988	-0.030903	2.079759	1543481084.106510	2.421989	1.690646	1.841863
1.519998	470808.775622	4399210.602568	2.151194	0.108563	2.148453	1543481084.217985	1.618604	1.618760	1.844341
1.625161	470808.631274	4399210.884404	2.223753	-0.119793	2.220525	1543481084.319658	1.562031	1.581573	1.837781
1.604604	470808.681166	4399211.559177	2.255316	-0.076429	2.254020	1543481084.435902	2.371386	1.555244	1.834400
1.643543	470808.656643	4399211.353264	2.744522	-0.199120	2.737289	1543481084.519125	1.453342	1.688962	1.826271
1.614668	470808.671434	4399211.635793	2.313503	-0.101805	2.311262	1543481084.614741	1.524108	1.646667	1.824443
1.649266	470808.635575	4399212.317902	2.342748	-0.183377	2.335560	1543481084.721066	2.390251	1.754701	1.818008
1.648202	470808.580046	4399212.063061	2.355828	-0.182263	2.348767	1543481084.829714	1.412051	1.744344	1.812047
1.676805	470808.620165	4399212.144662	2.240079	-0.236712	2.227537	1543481084.918823	1.159912	1.750296	1.807611
1.604562	470808.583867	4399213.040079	2.358700	-0.080360	2.357330	1543481085.016771	2.460091	1.522664	1.798685
1.722290	470808.396336	4399213.238488	2.228528	-0.334799	2.203236	1543481085.118622	2.472061	1.559647	1.789808
1.673489	470808.370646	4399213.528140	2.779480	-0.285394	2.764789	1543481085.231105	2.430442	1.617364	1.787973
1.613219	470808.443668	4399213.807368	2.335979	-0.099870	2.333843	1543481085.320908	2.455339	1.578418	1.774578
1.694308	470808.307508	4399213.974038	2.788168	-0.342503	2.767051	1543481085.424749	2.366926	1.561325	1.766896
1.651242	470808.347985	4399214.245209	2.329216	-0.187667	2.321644	1543481085.520277	2.360155	1.562461	1.759170
1.666723	470808.277547	4399214.536254	2.888413	-0.276458	2.875152	1543481085.630934	2.407073	1.660954	1.755675
1.649116	470808.257036	4399214.792787	2.389380	-0.187060	2.382046	1543481085.716705	2.428709	1.663248	1.743972
1.680408	470808.225531	4399215.057668	2.366462	-0.258350	2.352317	1543481085.821513	2.398700	1.805143	1.735896
1.629233	470808.289546	4399215.274338	2.345924	-0.137094	2.341915	1543481085.928914	2.365339	1.533728	1.726184
1.691838	470808.256265	4399215.562800	2.428850	-0.291798	2.411258	1543481086.029825	2.363533	1.761109	1.714213
1.720953	470808.105264	4399215.734318	2.404937	-0.358362	2.378087	1543481086.127873	2.292651	1.585173	1.703606
1.699145	470808.125712	4399215.923049	2.419722	-0.309018	2.399909	1543481086.215547	2.157536	1.493595	1.691155
1.694743	470808.065350	4399216.335423	2.573572	-0.318944	2.553732	1543481086.322345	2.332463	1.613883	1.664418
1.666951	470808.080059	4399216.633801	2.584449	-0.249769	2.572352	1543481086.439663	2.381635	1.770979	1.658299
1.654182	470808.036033	4399216.852284	2.543090	-0.213042	2.534150	1543481086.531459	2.323807	1.685161	1.637512
1.672164	470808.067035	4399217.382617	2.639797	-0.268294	2.626127	1543481086.738822	2.283151	1.838583	1.625268
1.613536	470808.051776	4399217.662680	2.517765	-0.108667	2.515419	1543481086.843302	2.333263	1.815012	1.918072
1.646322	470807.973735	4399217.920618	2.483729	-0.187005	2.476679	1543481086.937635	2.324218	1.803888	1.936808
1.623976	470808.090503	4399218.076928	2.511833	-0.133720	2.508271	1543481087.137366	1.583720	1.756047	1.917129
1.632282	470808.026614	4399218.291769	2.440904	-0.149599	2.436316	1543481087.242387	1.444797	1.659458	1.892906
1.637535	470807.928981	4399218.982547	2.423210	-0.161082	2.417850	1543481087.335176	2.312129	1.731113	1.900970
1.703339	470807.857505	4399219.272007	2.478461	-0.326536	2.456856	1543481087.439916	2.301665	1.704233	1.895287
1.663728	470807.901849	4399219.080121	2.459112	-0.228510	2.448472	1543481087.538125	1.414329	1.847084	1.833816
1.684456	470807.829436	4399219.710727	2.446476	-0.277278	2.430712	1543481087.646687	2.173148	1.809581	1.811404
1.713836	470807.791573	4399219.633803	2.447226	-0.348444	2.422292	1543481087.738934	1.574161	1.688172	1.787441
1.680584	470807.820092	4399219.879176	2.412070	-0.264484	2.397526	1543481087.836897	1.592453	1.636813	1.765823
1.671870	470807.739384	4399220.128134	2.520099	-0.254198	2.507246	1543481087.942501	1.455434	1.744015	1.738415
1.671599	470807.745526	4399220.444215	2.607014	-0.262268	2.593789	1543481088.050215	1.503157	1.791490	1.932940
1.667654	470807.737571	4399220.722003	2.585704	-0.250151	2.573576	1543481088.139469	1.507136	1.770903	1.912552
1.656783	470807.703489	4399220.951490	2.662943	-0.228872	2.653090	1543481088.248274	1.392026	1.849506	1.929387
1.653084	470807.665735	4399221.240757	2.814506	-0.231494	2.804970	1543481088.336945	1.438532	1.755968	1.935074
1.661046	470807.606985	4399221.501002	2.669509	-0.240371	2.658665	1543481088.449909	1.425626	1.698278	1.864916
1.641018	470807.559173	4399222.449559	2.613429	-0.183813	2.606956	1543481088.649665	2.266787	1.682727	1.835608
1.621997	470807.594625	4399222.677486	2.625905	-0.134684	2.622448	1543481088.744849	2.204723	1.843656	2.096882
1.583252	470807.592308	4399223.010126	2.594166	-0.032920	2.593957	1543481088.850384	2.310843	1.788080	1.767114
1.609323	470807.548162	4399223.255374	2.575004	-0.098756	2.573110	1543481088.967346	2.275985	1.871184	1.735361
1.614165	470807.554962	4399223.115820	2.589510	-0.112158	2.587080	1543481089.046743	1.461327	1.849349	1.709620
1.647717	470807.492462	4399223.836769	2.577913	-0.197940	2.570302	1543481089.255463	1.790931	1.773964	1.915176
1.671841	470807.496797	4399224.017779	2.592096	-0.261178	2.578904	1543481089.361670	1.612298	1.759296	1.882805
1.663366	470807.438953	4399224.252529	2.600705	-0.240412	2.589569	1543481089.454095	1.582603	1.791988	1.851980
1.642667	470807.408294	4399224.919506	2.721000	-0.195488	2.713969	1543481089.542162	2.317894	1.883504	1.823121
1.655698	470807.347265	4399225.582865	2.645321	-0.224000	2.635820	1543481089.655197	3.147722	1.799821	1.777681
1.647473	470807.310255	4399225.883973	2.662827	-0.203441	2.655044	1543481089.761001	3.158888	1.876972	1.968674
1.693866	470807.232820	4399226.083079	2.685586	-0.328699	2.665394	1543481089.857214	3.071735	1.815437	1.927477
1.680362	470807.305221	4399225.636858	2.511087	-0.274444	2.496044	1543481089.941685	1.608945	1.780495	1.893514
1.642578	470807.259560	4399226.481013	2.607097	-0.187597	2.600339	1543481090.053316	2.732383	1.762549	1.878520
1.653947	470807.210548	4399226.719276	2.572044	-0.213696	2.563151	1543481090.147126	2.797191	1.803245	2.068812
1.644801	470807.201115	4399227.184828	2.477059	-0.183618	2.470244	1543481090.259652	3.276401	1.955110	1.873576
1.643721	470807.144192	4399227.511572	2.449718	-0.178772	2.443186	1543481090.345391	3.167420	1.844004	1.930669
1.660374	470807.149194	4399227.753318	2.451017	-0.219386	2.441179	1543481090.456520	3.260625	1.811751	1.956168
1.638036	470807.188945	4399227.516994	2.808709	-0.189114	2.802335	1543481090.562634	2.185204	1.795270	1.941180
1.662512	470807.108877	4399228.293128	2.803390	-0.256585	2.791623	1543481090.646081	3.212023	1.790610	1.908352
1.632430	470807.104354	4399228.614930	2.763187	-0.170871	2.757899	1543481090.750712	3.226633	1.831903	1.924246
1.643542	470807.069659	4399228.838062	2.787026	-0.202465	2.779662	1543481090.848525	3.107993	1.922735	1.925133
1.643542	470807.083795	4399228.615891	2.488400	-0.180871	2.481818	1543481090.959260	2.178571	1.788210	1.917919
1.636003	470807.006892	4399229.417048	2.512921	-0.163801	2.507577	1543481091.048096	3.158181	1.836107	2.075859
1.634142	470807.000269	4399229.960040	2.512887	-0.159163	2.507841	1543481091.247487	3.147686	1.785947	2.024041
1.634772	470807.010563	4399230.232789	2.640559	-0.168842	2.635155	1543481091.361357	3.152019	1.922182	2.027315
1.660788	470807.003113	4399230.477707	2.588091	-0.232266	2.577647	1543481091.451521	3.284389	2.025561	2.045433
1.658939	470806.917634	4399230.785162	2.485878	-0.218902	2.476221	1543481091.540048	3.245401	2.074437	2.042401
1.654098	470806.910028	4399231.012981	2.684649	-0.223461	2.675333	1543481091.652641	3.176645	2.078106	2.018374
1.609264	470806.845494	4399231.360647	2.414040	-0.093451	2.412231	1543481091.742014	3.241058	2.124556	2.008722
1.650361	470806.875522	4399231.606410	2.754652	-0.218376	2.745982	1543481091.846420	3.287817	2.086950	2.006010
1.647583	470806.844152	4399231.867223	2.451039	-0.187998	2.443819	1543481091.935119	3.318455	2.126756	1.990743
1.634608	470806.806026	4399232.455298	2.482116	-0.158747	2.477034	1543481092.145154	3.253613	2.054016	1.981299
1.628819	470806.731719	4399232.764220	2.638590	-0.153006	2.634150	1543481092.244822	3.300191	2.090574	2.079715
1.640417	470806.763233	4399233.010385	2.654460	-0.184369	2.648049	1543481092.332824	3.251425	2.058068	2.071225
1.661756	470806.771164	4399233.347848	2.884333	-0.261421	2.872462	1543481092.449403	3.265177	2.023343	2.060255
1.569438	470806.655502	4399233.615752	2.776137	0.002774	2.776136	1543481092.534299	3.452651	2.069112	2.065415
1.599027	470806.658768	4399233.833040	2.471990	-0.069328	2.471018	1543481092.633985	3.412182	1.988887	2.065341
1.645372	470806.652574	4399234.185785	2.918676	-0.217040	2.910595	1543481092.737008	3.404980	2.004938	2.060337
1.682319	470806.747035	4399234.437666	2.680858	-0.223221	2.671549	1543481092.830762	3.391922	2.076513	2.061420
1.687265	470806.675262	4399234.780992	2.591117	-0.231690	2.580738	1543481092.934407	3.457233	2.008390	2.063253
1.651633	470806.587738	4399235.015825	2.606661	-0.225935	2.596851	1543481093.045410	3.338815	2.083728	2.056660
1.652797	470806.603378	4399235.339120	2.779760	-0.249941	2.768501	1543481093.140810	3.406482	2.050096	2.061377
1.672244	470806.579162	4399235.630368	2.780863	-0.260291	2.768655	1543481093.244792	3.442136	2.023109	2.071872
1.753253	470806.630061	4399235.873979	2.845052	-0.187913	2.838840	1543481093.337533	3.481242	2.177696	2.068974
1.645632	470806.564783	4399236.133652	2.884011	-0.198293	2.877186	1543481093.439125	3.387820	2.029410	2.079536
1.675787	470806.539944	4399236.746786	2.972381	-0.262338	2.960782	1543481093.648983	3.397626	2.069203	2.011406
1.620418	470806.418083	4399236.993588	2.986040	-0.217657	2.978097	1543481093.737707	3.358926	2.010266	2.013401
1.677008	470806.498615	4399237.361985	2.801203	-0.238527	2.791029	1543481093.849205	3.430700	2.094157	2.008752
1.679240	470806.497948	4399237.579431	2.852269	-0.259405	2.840449	1543481093.948672	3.451091	2.059082	2.014379
1.648764	470806.439792	4399237.869487	2.671697	-0.265748	2.658448	1543481094.050259	3.375005	1.991749	2.022559
1.596265	470806.334279	4399238.203264	2.933227	-0.214906	2.925344	1543481094.143798	3.428136	2.021884	2.026873
1.687194	470806.328896	4399238.463487	2.754610	-0.243284	2.743846	1543481094.246975	3.396347	1.914183	2.014849
1.672545	470806.359818	4399238.764727	2.989065	-0.277893	2.976120	1543481094.345464	3.544480	2.076649	2.029518
1.676067	470806.299574	4399239.029863	3.015163	-0.279670	3.002165	1543481094.445663	3.355116	1.863373	2.033880
1.643652	470806.321165	4399239.346786	3.132939	-0.266829	3.121555	1543481094.558673	3.271362	1.911376	2.029649
1.644301	470806.300239	4399239.623458	2.899568	-0.237138	2.889855	1543481094.649016	3.256989	1.907485	2.027461
1.690212	470806.315209	4399239.957818	2.735139	-0.271838	2.721597	1543481094.751074	3.287724	2.075667	2.033288
1.638236	470806.220566	4399240.241681	2.914899	-0.261292	2.903164	1543481094.848483	3.350689	2.027075	2.041429
1.686221	470806.281428	4399240.514427	2.704462	-0.172034	2.698985	1543481094.945276	3.336630	2.084379	2.033857
1.679145	470806.228512	4399240.822462	2.691159	-0.256980	2.678861	1543481095.048913	3.325033	2.060957	2.039515
1.659116	470806.204085	4399241.064799	2.713288	-0.252951	2.701471	1543481095.140962	3.342614	2.094479	2.046929
1.702034	470806.221304	4399241.380692	2.742354	-0.259265	2.730071	1543481095.247238	3.468367	2.090976	2.043023
1.701357	470806.217887	4399241.668261	2.797809	-0.301705	2.781494	1543481095.344170	3.460754	2.132737	2.028839
1.706474	470806.189111	4399242.005669	2.726815	-0.261443	2.714252	1543481095.456574	3.405902	2.128407	2.021965
1.635266	470806.028720	4399242.260458	2.808588	-0.235583	2.798691	1543481095.545467	3.354332	2.062155	2.027071
1.664592	470806.077987	4399242.532629	3.017907	-0.263178	3.006410	1543481095.654154	3.370663	2.066386	2.026083
1.674628	470806.053329	4399242.840149	3.016504	-0.272123	3.004205	1543481095.749452	3.362612	2.090420	2.037201
1.697081	470806.058960	4399243.143317	3.005320	-0.309429	2.989348	1543481095.855999	3.373065	2.075590	2.041761
1.659027	470805.983533	4399243.450867	2.995671	-0.291284	2.981475	1543481095.948051	3.348415	2.051699	2.047494
1.664143	470805.972123	4399243.707969	2.874575	-0.278367	2.861065	1543481096.054952	3.355370	2.076822	2.049653
1.669960	470805.975101	4399244.011068	2.807495	-0.233116	2.797800	1543481096.141673	3.357477	2.056516	2.057121
1.678407	470805.947621	4399244.570541	2.891547	-0.252664	2.880487	1543481096.341703	3.406457	2.046096	2.065442
1.679311	470805.915781	4399244.861413	2.809874	-0.213575	2.801746	1543481096.454714	3.356871	2.078023	2.075635
1.677257	470805.933299	4399245.148306	2.646139	-0.216187	2.637293	1543481096.547565	3.380085	2.126200	2.079462
1.653312	470805.847632	4399245.395785	2.650684	-0.217232	2.641767	1543481096.657188	3.260843	2.076044	2.015281
1.666412	470805.861727	4399245.771211	2.823650	-0.246425	2.812877	1543481096.746795	3.380985	2.098278	2.024400
1.680686	470805.857798	4399246.070244	2.891896	-0.256835	2.880468	1543481096.856931	3.492068	2.094185	2.022753
1.657706	470805.805428	4399246.421168	3.111731	-0.285862	3.098572	1543481096.945127	3.707915	2.023817	2.020586
1.648894	470805.721285	4399246.754083	3.106492	-0.271453	3.094609	1543481097.059410	3.691675	2.100835	2.031526
1.656861	470805.712948	4399246.864774	3.108920	-0.233675	3.100125	1543481097.148487	3.369699	2.072109	2.031467
1.659356	470805.695836	4399247.160035	2.758274	-0.219964	2.749489	1543481097.251341	3.443407	2.071060	2.024384
1.689968	470805.684182	4399247.725976	2.814499	-0.298657	2.798609	1543481097.456922	3.360291	2.038584	2.016204
1.675517	470805.628149	4399248.517263	3.110117	-0.340431	3.091429	1543481097.650653	3.883314	2.042336	2.016560
1.663669	470805.581833	4399248.697888	2.786465	-0.324387	2.767519	1543481097.739492	3.617486	2.057265	2.013077
1.672302	470805.474506	4399248.993723	2.890851	-0.312908	2.873866	1543481097.858302	3.771825	1.837099	2.018976
1.680271	470805.430950	4399249.386992	2.955349	-0.325068	2.937417	1543481097.942202	3.886887	1.850374	2.025144
1.657529	470805.370138	4399249.743198	3.115584	-0.351839	3.095654	1543481098.057631	3.953225	1.846535	2.029485
1.666324	470805.320519	4399250.145945	3.117069	-0.319639	3.100637	1543481098.147223	4.302831	1.835122	2.033867
1.694220	470805.289655	4399250.455536	3.036266	-0.333964	3.017843	1543481098.255698	4.418678	1.716646	2.039775
1.699954	470805.275464	4399250.745035	3.065818	-0.354184	3.045290	1543481098.348571	4.485178	1.743964	2.036626
1.679745	470805.265674	4399251.017062	3.100937	-0.336939	3.082577	1543481098.454718	4.342122	1.733671	2.037100
1.689132	470805.224626	4399251.283451	3.145957	-0.352549	3.126140	1543481098.549087	4.460862	1.743427	2.038463
1.691203	470805.179838	4399251.883646	3.174881	-0.371015	3.153128	1543481098.748150	4.408247	1.749506	2.047333
1.676130	470805.152612	4399252.445061	3.242890	-0.331003	3.225953	1543481098.976154	4.359506	1.742198	2.053273
1.676489	470805.125250	4399252.707844	3.249637	-0.336406	3.232177	1543481099.059670	4.439236	1.743359	2.070716
1.668815	470805.095999	4399253.006512	3.171559	-0.340610	3.153216	1543481099.144676	4.416060	1.795656	2.077906
1.677740	470805.069473	4399253.310618	3.098434	-0.329148	3.080902	1543481099.255772	4.445012	1.751609	2.083526
1.674360	470805.040683	4399253.598338	2.989306	-0.306211	2.973581	1543481099.347374	4.438564	1.747307	2.080152
1.666430	470805.003104	4399253.862165	2.988560	-0.309575	2.972482	1543481099.456703	4.459800	1.818646	2.080132
1.676370	470804.989993	4399254.165062	3.033151	-0.316619	3.016580	1543481099.546752	4.422651	1.750706	2.085931
1.687680	470804.934144	4399254.468048	3.012415	-0.336569	2.993554	1543481099.654508	4.392919	1.724181	2.035419
1.697569	470804.882566	4399254.719805	2.957784	-0.339223	2.938267	1543481099.740825	4.422471	1.718113	2.032990
1.676955	470804.887641	4399255.011491	2.962603	-0.330050	2.944161	1543481099.859306	4.439853	1.754164	2.037499
1.691143	470804.842633	4399255.309543	2.906616	-0.343685	2.886225	1543481099.943272	4.388519	1.723872	2.035886
1.674150	470804.836963	4399255.582438	2.953922	-0.343542	2.933877	1543481100.058824	4.356658	1.841408	2.054248
1.663906	470804.841779	4399256.157610	2.888241	-0.319762	2.870486	1543481100.254153	4.360054	1.870139	2.059846
1.683045	470804.754388	4399256.427794	2.871907	-0.319271	2.854105	1543481100.342834	4.384086	1.779921	2.064939
1.685192	470804.721364	4399256.708297	2.973582	-0.350741	2.952825	1543481100.457334	4.421741	1.823449	2.062974
1.670106	470804.716981	4399256.990666	2.994287	-0.332817	2.975734	1543481100.545409	4.362770	1.863763	2.061323
1.669642	470804.784867	4399257.306273	2.866918	-0.307304	2.850400	1543481100.654292	4.382067	1.931248	2.062436
1.667526	470804.682616	4399257.907998	2.793328	-0.279378	2.779322	1543481100.855083	4.428743	1.892652	2.048068
1.713499	470804.626448	4399258.218169	2.853322	-0.327389	2.834478	1543481100.955262	4.452086	1.901113	2.049064
1.671150	470804.630273	4399258.493283	2.756469	-0.302354	2.739837	1543481101.063016	4.462841	1.901652	2.042618
1.684472	470804.612445	4399258.792729	2.759486	-0.306440	2.742418	1543481101.151576	4.530817	1.922867	2.066145
1.663106	470804.570001	4399259.122377	3.130750	-0.328519	3.113466	1543481101.258003	4.532454	1.952356	2.041450
1.676245	470804.433145	4399259.406824	3.134366	-0.329004	3.117051	1543481101.355631	4.560566	1.746322	2.033931
1.708533	470804.372321	4399259.721354	3.719137	-0.430907	3.694089	1543481101.459453	4.620378	1.691076	2.029238
1.698448	470804.489755	4399260.010317	3.586474	-0.430063	3.560595	1543481101.553052	4.557500	1.996171	2.045643
1.703918	470804.309590	4399260.297358	3.451290	-0.428778	3.424552	1543481101.657968	4.590914	1.655760	2.035875
1.701746	470804.366649	4399260.788178	3.184935	-0.403451	3.159278	1543481101.762551	4.724063	1.892036	2.031027
1.706059	470804.359452	4399260.956092	3.397026	-0.387440	3.374859	1543481101.861012	4.673214	1.917025	1.696314
1.707984	470804.227671	4399261.677990	3.620391	-0.437643	3.593842	1543481102.064944	4.700720	1.915650	1.759056
1.689613	470804.227326	4399261.955475	3.760090	-0.389865	3.739824	1543481102.155452	4.728085	1.981439	2.037661
1.676792	470804.242796	4399262.312482	3.768946	-0.393108	3.748389	1543481102.256438	4.870753	1.946189	2.043221
1.688667	470804.261256	4399262.649393	3.746045	-0.407296	3.723837	1543481102.355942	4.814282	2.012110	2.040334
1.687058	470804.201117	4399262.993612	3.589118	-0.397983	3.566985	1543481102.459494	4.719427	1.936519	2.058735
1.674078	470804.201657	4399263.256873	3.448461	-0.378321	3.427646	1543481102.555078	4.783645	2.011344	2.024909
1.666434	470804.160466	4399263.560244	3.333114	-0.355088	3.314145	1543481102.661332	4.764763	2.027102	2.055983
1.680315	470804.168639	4399263.870235	3.276537	-0.353501	3.257412	1543481102.751797	4.713946	2.062842	2.067624
1.684667	470804.127171	4399264.178363	3.302173	-0.363896	3.282061	1543481102.852841	4.665609	2.032658	2.074818
1.660386	470804.125900	4399264.502373	3.297001	-0.249237	3.287567	1543481102.959774	4.692882	2.045779	2.077524
1.665128	470804.082060	4399264.792007	3.094111	-0.246386	3.084285	1543481103.059507	4.651170	2.059953	2.081692
1.664158	470804.066686	4399265.099076	3.076439	-0.257934	3.065607	1543481103.159319	4.616953	2.116793	2.078636
1.643772	470804.006247	4399265.362787	3.047198	-0.294481	3.032935	1543481103.256932	4.623468	2.034018	2.086431
1.659814	470804.000702	4399265.665309	3.014933	-0.285282	3.001405	1543481103.357676	4.606599	2.077083	2.082498
1.679629	470803.982622	4399265.982011	3.070718	-0.229764	3.062110	1543481103.453498	4.515868	2.077115	2.077148
1.650196	470803.914316	4399266.298997	3.117703	-0.235878	3.108767	1543481103.551276	4.459826	2.048195	2.073293
1.679216	470803.914680	4399266.573720	3.045655	-0.181559	3.040238	1543481103.655546	4.508321	2.082170	2.079574
1.663524	470803.861065	4399266.882607	3.185428	-0.232160	3.176957	1543481103.742471	4.359242	2.039292	2.069478
1.650498	470803.838566	4399267.170710	3.190782	-0.239376	3.181790	1543481103.855252	4.385910	2.097443	2.077909
1.655049	470803.845885	4399267.518622	3.097933	-0.240814	3.088559	1543481103.943827	4.290390	2.058465	2.077889
1.659670	470803.779077	4399267.879670	3.299732	-0.253116	3.290009	1543481104.054958	4.182955	2.022223	2.081949
1.645463	470803.702871	4399268.493863	3.130168	-0.235248	3.121315	1543481104.253285	4.119546	1.998392	1.994843
1.621893	470803.687025	4399268.764447	3.147049	-0.211132	3.139959	1543481104.341564	4.242167	2.015543	1.999128
1.659500	470803.639503	4399269.088847	3.174741	-0.234632	3.166059	1543481104.455713	4.181087	1.913638	1.991469
1.646696	470803.655719	4399269.378540	3.089088	-0.230706	3.080461	1543481104.540448	4.308939	2.046593	1.989001
1.626430	470803.565907	4399269.713300	3.216123	-0.179449	3.211113	1543481104.654959	4.158128	1.958673	1.995311
1.628377	470803.553036	4399270.053481	3.166552	-0.181754	3.161331	1543481104.741117	4.312921	2.063623	2.010419
1.621377	470803.560610	4399270.283473	3.092970	-0.154937	3.089087	1543481104.854784	4.233035	1.979159	2.018305
1.659441	470803.554628	4399270.703337	3.036811	-0.265789	3.025157	1543481104.945341	3.843920	2.064948	2.020306
1.645410	470803.508047	4399270.865874	3.018618	-0.223714	3.010317	1543481105.056530	4.239042	2.006505	2.031826
1.623477	470803.483179	4399271.145186	2.826704	-0.148799	2.822785	1543481105.152254	4.200545	1.928054	2.039038
1.648418	470803.435794	4399271.478688	2.981593	-0.230125	2.972699	1543481105.255542	4.101269	2.032086	2.051347
1.629068	470803.480077	4399271.758507	3.027536	-0.176407	3.022392	1543481105.356052	4.115883	2.044630	2.061998
1.674081	470803.425321	4399272.085110	3.024405	-0.309725	3.008504	1543481105.453367	4.115872	2.002337	2.056153
1.648191	470803.394897	4399272.394026	3.002412	-0.231949	2.993439	1543481105.547680	4.074929	1.941948	2.078652
1.622023	470803.331945	4399272.643461	2.909816	-0.148502	2.906024	1543481105.654957	4.070841	1.898500	2.087526
1.629479	470803.277011	4399272.916185	2.712531	-0.157993	2.707926	1543481105.750966	4.176475	1.787113	1.892925
1.643433	470803.177904	4399274.050740	2.808739	-0.202987	2.801394	1543481105.851297	2.513330	1.838938	1.917587
1.628184	470803.293966	4399273.773818	2.915014	-0.167561	2.910194	1543481105.958006	3.698425	2.012135	1.920130
1.613243	470803.188979	4399274.647484	2.684051	-0.114499	2.681607	1543481106.060435	2.492971	2.050634	1.812374
1.646736	470803.068004	4399275.238330	2.835988	-0.216386	2.827720	1543481106.255593	2.499013	1.864124	2.008013
1.648239	470803.059776	4399275.557428	2.834939	-0.219852	2.826401	1543481106.346560	2.428756	1.919490	2.011866
1.679630	470802.986635	4399275.857375	3.007847	-0.326513	2.990072	1543481106.451975	2.420156	2.004983	2.004663
1.679630	470803.095774	4399275.759502	2.712211	-0.295258	2.696092	1543481106.554802	3.326115	2.025982	1.961121
1.668210	470802.987054	4399276.031273	2.666126	-0.260451	2.653374	1543481106.651391	3.300132	1.880519	1.936492
1.650379	470802.988009	4399276.292061	2.599453	-0.207359	2.591169	1543481106.748305	3.410903	1.759293	1.954151
1.646209	470802.978474	4399276.582483	3.059935	-0.230483	3.051242	1543481106.850223	3.449633	1.799923	1.712385
1.662054	470802.920329	4399276.932593	2.582537	-0.234162	2.571899	1543481106.954729	3.394554	1.874512	1.753983
1.682043	470802.935999	4399277.241349	2.670603	-0.294604	2.654304	1543481107.053088	3.359674	1.989844	1.803705
1.642453	470802.881023	4399277.552388	2.805378	-0.200637	2.798194	1543481107.150568	3.346473	1.949576	1.848102
1.619716	470802.916350	4399278.225104	2.724091	-0.132543	2.720864	1543481107.255495	2.484056	2.000942	1.954886
1.627106	470802.911490	4399278.436745	2.844482	-0.159231	2.840022	1543481107.349424	2.690720	2.049093	1.973375
1.682833	470802.768156	4399278.448506	2.622061	-0.291251	2.605835	1543481107.453187	3.322191	1.976806	2.026796
1.680480	470802.723839	4399278.744964	2.663852	-0.291229	2.647885	1543481107.558751	3.277018	1.884231	2.052014
1.649343	470802.715850	4399279.591353	2.831445	-0.222786	2.822667	1543481107.654528	2.267152	1.939682	1.801711
1.736439	470802.541120	4399279.882344	2.653064	-0.435129	2.617138	1543481107.749204	2.295754	1.956108	1.843137
1.683944	470802.617135	4399280.261628	2.751287	-0.312402	2.733494	1543481107.853692	2.187346	1.667665	1.906687
1.683835	470802.549466	4399280.545138	2.754114	-0.311311	2.736463	1543481107.953773	2.158962	1.783442	1.937671
1.593835	470802.541958	4399280.867908	2.755057	-0.066378	2.754258	1543481108.058200	2.179501	1.638836	1.992686
1.664134	470802.393934	4399281.768574	2.967392	-0.275154	2.954608	1543481108.347296	2.203836	1.643074	1.706932
1.652845	470802.412069	4399281.935150	3.011200	-0.247699	3.000995	1543481108.450377	2.502279	1.677930	1.734954
1.704814	470802.402253	4399282.375947	3.001191	-0.400713	2.974320	1543481108.548762	2.100629	1.765309	1.764973
1.729564	470802.213945	4399283.339804	2.997962	-0.474043	2.960247	1543481108.650495	0.683646	1.595223	1.794136
1.711114	470802.459202	4399282.311344	2.861025	-0.401477	2.832716	1543481108.749775	3.083154	1.677298	1.831969
1.656622	470802.232359	4399282.841958	2.601138	-0.224719	2.591413	1543481108.854825	2.960624	1.823324	1.514548
1.671504	470802.290316	4399282.895268	2.816104	-0.283163	2.801832	1543481108.949003	3.069954	1.988480	1.559557
1.660015	470802.115035	4399283.666900	2.813927	-0.251123	2.802700	1543481109.056075	2.094518	1.719563	1.586034
1.650696	470802.230157	4399283.977271	2.859151	-0.228705	2.849989	1543481109.152642	2.234985	1.751688	1.559318
1.636310	470802.131233	4399284.567335	2.745123	-0.181439	2.739120	1543481109.350123	2.193734	1.804111	1.665817
1.635867	470802.019306	4399285.709610	2.716801	-0.177272	2.711011	1543481109.451951	0.428130	1.938137	1.337729
1.714565	470801.973868	4399286.036111	2.711892	-0.386276	2.684241	1543481109.549706	0.443400	1.710928	1.603310
1.640837	470802.147947	4399285.477066	2.697055	-0.190607	2.690311	1543481109.654325	2.090447	1.562667	1.297755
1.657955	470802.070183	4399285.781863	2.661921	-0.231205	2.651861	1543481109.751195	2.234170	1.615704	1.750522
1.595491	470802.060867	4399285.960921	2.408595	-0.060694	2.407830	1543481109.850271	2.224538	1.580145	1.725021
1.636632	470801.945940	4399285.762800	2.453421	-0.159818	2.448210	1543481109.950822	3.174901	1.587692	1.688746
1.701276	470801.945176	4399286.499949	2.284056	-0.295508	2.264859	1543481110.054211	2.069894	1.961292	1.782974
1.702092	470802.161342	4399286.058083	1.933906	-0.253394	1.917233	1543481110.154632	3.333425	1.929017	1.754045
1.747073	470802.025145	4399286.877778	1.510399	-0.264290	1.487096	1543481110.255208	2.121278	1.423806	1.321090
1.759689	470801.846729	4399286.828384	1.366437	-0.256334	1.342179	1543481110.351619	2.039283	1.252391	1.433129
1.696847	470802.311171	4399285.952174	1.347852	-0.170021	1.337085	1543481110.452140	1.018011	1.026558	1.518764
1.700249	470802.188977	4399285.683662	1.246216	-0.113697	1.241019	1543481110.572424	1.813116	1.660794	1.556078
1.660087	470801.954009	4399287.126028	1.136082	-0.101197	1.131566	1543481110.653475	2.168382	1.786120	1.143666
1.654413	470801.990225	4399286.933328	0.949203	-0.075024	0.946233	1543481110.748211	2.706991	1.849550	1.063173
1.654413	470801.990225	4399286.933328	1.005344	-0.078998	1.002236	1543481110.850481	2.706991	1.849550	1.063173
1.641977	470802.144076	4399285.875185	0.693689	-0.050128	0.691875	1543481110.969477	0.499992	0.965637	1.602683
1.610456	470802.206988	4399285.705237	0.422861	-0.024373	0.422158	1543481111.061034	1.764179	1.300310	0.932955
1.625444	470801.981456	4399287.003119	0.613985	-0.074467	0.609453	1543481111.150061	2.252038	1.957225	1.234399
1.632129	470802.405526	4399287.199182	0.523375	-0.063421	0.519518	1543481111.251209	2.005038	0.835524	1.614911
1.630314	470801.651921	4399286.116212	0.628017	-0.361308	0.513675	1543481111.368532	0.643539	1.174154	1.264739
1.626097	470802.114842	4399288.134494	0.668392	-0.294225	0.600150	1543481111.449816	0.116584	0.707142	1.373982
1.620620	470801.870959	4399288.197182	0.625057	-0.237861	0.578029	1543481111.549264	0.305290	1.292415	1.339680
1.618777	470801.866198	4399288.117360	0.623820	-0.192454	0.593391	1543481111.652813	0.309675	1.742871	0.519364
1.625046	470802.004322	4399285.894761	0.577696	-0.178476	0.549435	1543481111.768327	0.073640	0.312720	1.308781
1.625260	470801.854287	4399287.102752	0.562165	-0.259200	0.498843	1543481111.856592	2.295871	1.450412	0.849728
1.363130	470801.943939	4399288.064256	0.328463	0.066882	0.321581	1543481111.955108	0.340048	1.343550	0.013193
1.363130	470801.943939	4399288.064256	0.314139	0.042551	0.311244	1543481112.053237	0.340048	1.343550	0.013193
1.363130	470801.943939	4399288.064256	0.291029	-0.131759	0.259495	1543481112.167831	0.340048	1.343550	0.013193
-1.397505	470801.483827	4399288.430611	0.579525	-0.579460	-0.008699	1543481112.347851	12.000000	2.200000	2.000000
-1.395958	470801.284381	4399288.099013	0.913638	-0.796045	-0.448382	1543481112.570888	12.000000	2.200000	2.000000
-1.395608	470801.325866	4399288.071530	1.034628	-0.829754	-0.618032	1543481112.653533	12.000000	2.200000	2.000000
-1.437160	470801.192357	4399287.812214	1.158012	-0.847711	-0.788909	1543481112.749269	12.000000	2.200000	2.000000
-1.436912	470801.230580	4399287.717675	1.260984	-0.825713	-0.953036	1543481112.854839	12.000000	2.200000	2.000000
-1.436434	470801.129628	4399287.331634	1.479884	-0.724271	-1.290539	1543481112.969411	12.000000	2.200000	2.000000
-1.436433	470800.940339	4399287.235352	1.591974	-0.686448	-1.436374	1543481113.055780	12.000000	2.200000	2.000000
-1.443425	470800.750746	4399287.128816	1.718119	-0.700261	-1.568938	1543481113.151917	12.000000	2.200000	2.000000
-1.436728	470800.776146	4399286.694703	1.955962	-0.739902	-1.810616	1543481113.253965	12.000000	2.200000	2.000000
-1.443879	470800.776817	4399286.540949	2.076268	-0.769089	-1.928573	1543481113.368159	12.000000	2.200000	2.000000
-1.437422	470800.575606	4399286.075400	2.281250	-0.812612	-2.131611	1543481113.455641	12.000000	2.200000	2.000000
-1.444838	470800.543480	4399285.940325	2.339836	-0.873921	-2.170506	1543481113.552374	1.000000	1.000000	2.000000
-1.445349	470800.305012	4399285.771288	2.386826	-0.963008	-2.183931	1543481113.656682	1.000000	1.000000	2.000000
-1.446850	470800.376290	4399285.441831	2.425067	-1.062495	-2.179921	1543481113.771459	1.000000	1.000000	2.000000
-1.447454	470800.327365	4399285.273427	2.400083	-1.026812	-2.169344	1543481113.856491	1.000000	1.000000	2.000000
-1.448053	470800.284582	4399285.055302	2.320061	-0.925559	-2.127445	1543481113.955338	1.000000	1.000000	2.000000
-1.449429	470800.373385	4399284.657821	2.410010	-0.413049	-2.374350	1543481114.054322	1.000000	1.000000	2.000000
-1.450139	470800.289840	4399284.651074	2.314380	-0.316140	-2.292686	1543481114.152937	1.000000	1.000000	2.000000
-1.450891	470800.227298	4399284.438232	2.218462	-0.209891	-2.208510	1543481114.256898	1.000000	1.000000	2.000000
-1.452424	470800.273154	4399284.207404	2.111347	-0.040922	-2.110950	1543481114.369220	1.000000	1.000000	2.000000
-1.453176	470800.215417	4399283.930570	2.086023	0.000891	-2.086023	1543481114.461414	1.000000	1.000000	2.000000
-1.454959	470800.407694	4399283.865682	2.040081	0.158891	-2.033884	1543481114.555908	1.000000	1.000000	2.000000
-1.455804	470800.311079	4399283.798428	2.006571	0.263400	-1.989208	1543481114.653013	1.000000	1.000000	2.000000
-1.456579	470800.448242	4399283.512867	1.961573	0.369395	-1.926478	1543481114.770911	1.000000	1.000000	2.000000
-1.458438	470800.631797	4399283.379355	1.916791	0.532193	-1.841428	1543481114.852885	1.000000	1.000000	2.000000
-1.452335	470800.734193	4399283.266654	1.918969	0.616295	-1.817312	1543481114.949496	12.000000	2.200000	2.000000
-1.453260	470800.849277	4399282.979753	1.976812	0.756881	-1.826175	1543481115.052187	12.000000	2.200000	2.000000
-1.455092	470801.043631	4399282.744918	2.171773	1.091432	-1.877599	1543481115.163721	12.000000	2.200000	2.000000
-1.462954	470800.946272	4399282.605305	2.269823	1.215125	-1.917177	1543481115.253823	1.000000	1.000000	2.000000
-1.463917	470801.037351	4399282.479401	2.334509	1.254893	-1.968546	1543481115.355989	1.000000	1.000000	2.000000
-1.459003	470801.225937	4399281.970843	2.426022	1.215595	-2.099503	1543481115.454593	12.000000	2.200000	2.000000
-1.459827	470801.338633	4399281.791440	2.563496	1.282132	-2.219831	1543481115.568998	12.000000	2.200000	2.000000
-1.461623	470801.538126	4399281.468030	2.974905	1.583768	-2.518281	1543481115.653386	12.000000	2.200000	2.000000
-1.469563	470801.451555	4399281.074564	3.182720	1.741373	-2.664081	1543481115.751070	1.000000	1.000000	2.000000
-1.470475	470801.549645	4399280.891738	3.359790	1.878795	-2.785376	1543481115.852044	1.000000	1.000000	2.000000
-1.471820	470801.814154	4399280.480557	3.673531	2.125092	-2.996467	1543481115.966703	1.000000	1.000000	2.000000
-1.465519	470801.966295	4399280.051321	3.814720	2.227028	-3.097166	1543481116.051870	12.000000	2.200000	2.000000
-1.466220	470802.093258	4399279.836399	3.930274	2.269605	-3.208730	1543481116.147417	12.000000	2.200000	2.000000
-1.474540	470802.157960	4399279.340166	4.138683	2.325660	-3.423450	1543481116.256315	12.000000	2.200000	2.000000
-1.475115	470802.102764	4399279.082662	4.262493	2.376516	-3.538505	1543481116.368749	12.000000	2.200000	2.000000
-1.475624	470802.275323	4399278.637922	4.406562	2.407338	-3.690868	1543481116.454077	1.000000	1.000000	2.000000
-1.477757	470802.275560	4399277.583886	4.734484	2.165915	-4.210007	1543481116.652271	1.000000	1.000000	2.000000
-1.479506	470802.286030	4399276.978475	4.877103	1.873600	-4.502861	1543481116.765968	12.000000	2.200000	2.000000
-1.481073	470802.339493	4399276.142451	5.139683	1.773635	-4.823957	1543481116.953992	12.000000	2.200000	2.000000
-1.482701	470802.580697	4399275.308585	5.452895	1.747300	-5.165366	1543481117.056169	1.000000	1.000000	2.000000
-1.484389	470802.614567	4399274.404326	5.703005	1.841638	-5.397465	1543481117.256206	12.000000	2.200000	2.000000
-1.485748	470802.877979	4399273.687877	5.969534	2.038210	-5.610797	1543481117.349381	12.000000	2.200000	2.000000
-1.486407	470802.829724	4399273.109251	6.132088	2.105694	-5.759215	1543481117.455339	1.000000	1.000000	2.000000
-1.487621	470803.130597	4399272.145912	6.436658	2.109187	-6.081275	1543481117.569561	4.400000	1.800000	2.000000
-1.488816	470803.234958	4399271.136656	6.687335	2.050752	-6.365129	1543481117.750571	1.000000	1.000000	2.000000
-1.490050	470803.332013	4399270.108800	6.893599	2.032060	-6.587294	1543481117.851880	1.000000	1.000000	2.000000
-1.490563	470803.289476	4399269.665423	6.989451	2.052075	-6.681423	1543481117.967481	12.000000	2.200000	2.000000
-1.491104	470803.457149	4399269.042310	7.098753	2.093431	-6.783056	1543481118.055138	1.000000	1.000000	2.000000
-1.492125	470803.586157	4399267.949839	7.302762	2.120058	-6.988253	1543481118.146242	12.000000	2.200000	2.000000
-1.492553	470803.554607	4399267.492292	7.400278	2.110566	-7.092928	1543481118.253467	12.000000	2.200000	2.000000
-1.493422	470803.904741	4399266.376167	7.576347	2.065383	-7.289392	1543481118.366976	12.000000	2.200000	2.000000
-1.493870	470803.885686	4399265.695762	7.675595	2.087281	-7.386340	1543481118.453356	12.000000	2.200000	2.000000
-1.494234	470804.064559	4399265.216103	7.776734	2.133552	-7.478338	1543481118.547401	12.000000	2.200000	2.000000
-1.494589	470804.244978	4399264.735160	7.887286	2.194001	-7.575991	1543481118.651384	12.000000	2.200000	2.000000
-1.495521	470804.040634	4399262.790052	8.210837	2.256404	-7.894712	1543481118.852981	4.400000	1.800000	2.000000
-1.496042	470804.048879	4399261.546654	8.431996	2.166547	-8.148904	1543481118.949646	4.400000	1.800000	2.000000
-1.496284	470804.063374	4399260.821784	8.556003	2.080223	-8.299269	1543481119.052279	4.400000	1.800000	2.000000
-1.497048	470804.088423	4399258.815165	8.900939	1.906307	-8.694407	1543481119.252039	4.400000	1.800000	2.000000
-1.497192	470804.120654	4399258.069539	9.013239	1.884316	-8.814070	1543481119.346854	4.400000	1.800000	2.000000
-1.497353	470804.149786	4399257.323108	9.127809	1.822111	-8.944094	1543481119.452831	4.400000	1.800000	2.000000
-1.497745	470804.037745	4399255.242436	9.460293	1.590403	-9.325651	1543481119.654089	4.400000	1.800000	2.000000
-1.497959	470804.109783	4399253.714866	9.681688	1.523347	-9.561092	1543481119.753341	4.400000	1.800000	2.000000
-1.498078	470804.144295	4399252.944987	9.784707	1.489780	-9.670628	1543481119.854974	4.400000	1.800000	2.000000
-1.498129	470804.190759	4399252.170185	9.854642	1.460552	-9.745807	1543481119.967898	4.400000	1.800000	2.000000
-1.498211	470804.288357	4399250.609589	9.976913	1.366911	-9.882831	1543481120.055893	4.400000	1.800000	2.000000
-1.498258	470804.336968	4399249.822559	10.034726	1.315452	-9.948131	1543481120.153781	4.400000	1.800000	2.000000
-1.498324	470804.380915	4399249.035617	10.088491	1.274173	-10.007704	1543481120.251807	4.400000	1.800000	2.000000
-1.498313	470804.482628	4399247.646184	10.187578	1.194226	-10.117340	1543481120.370797	4.400000	1.800000	2.000000
-1.498290	470804.544297	4399246.847226	10.187172	1.149104	-10.122155	1543481120.451573	4.400000	1.800000	2.000000
-1.498280	470804.660932	4399245.250991	10.123009	1.031621	-10.070306	1543481120.548172	4.400000	1.800000	2.000000
-1.498333	470804.708013	4399244.452778	10.080220	0.987887	-10.031695	1543481120.652158	4.400000	1.800000	2.000000
-1.498325	470804.822686	4399242.856498	10.030869	0.929903	-9.987673	1543481120.766751	4.400000	1.800000	2.000000
