front	position-x	position-y	speed	speed-x	speed-y	timestamp	v-x	v-y	v-z
-1.472163	470909.357723	4399033.891494	0.291649	-0.025652	0.290519	1543371928.286146	4.124690	1.490740	1.385660
-1.472419	470909.347520	4399033.998986	0.338043	-0.030080	0.336702	1543371928.376828	4.124690	1.490740	1.385660
-1.472637	470909.325495	4399034.245694	0.000000	0.000000	0.000000	1543371928.485718	4.124690	1.490740	1.385660
-1.472866	470909.298333	4399034.564543	0.000000	0.000000	0.000000	1543371928.574358	4.124690	1.490740	1.385660
-1.473102	470909.261445	4399034.996399	0.000000	0.000000	0.000000	1543371928.684260	4.124690	1.490740	1.385660
-1.473232	470909.225696	4399035.383693	0.000000	0.000000	0.000000	1543371928.778369	4.124690	1.490740	1.385660
-1.473565	470909.140460	4399036.279064	1.168773	-0.105609	1.163992	1543371928.888273	4.124690	1.490740	1.385660
-1.473732	470909.102197	4399036.686210	1.336337	-0.121328	1.330817	1543371928.977489	4.124690	1.490740	1.385660
-1.473948	470909.004563	4399037.742416	1.668758	-0.152075	1.661814	1543371929.086616	4.124690	1.490740	1.385660
-1.474064	470908.955346	4399038.282091	1.803210	-0.164269	1.795712	1543371929.179940	4.124690	1.490740	1.385660
-1.474348	470908.908100	4399038.808685	1.919925	-0.174529	1.911976	1543371929.284761	4.124690	1.490740	1.385660
-1.469594	470908.894534	4399039.005045	1.945005	-0.175177	1.937100	1543371929.377816	4.124690	1.490740	1.385660
-1.465279	470908.862147	4399039.361007	1.896711	-0.170879	1.888997	1543371929.488829	4.124690	1.490740	1.385660
-1.470346	470908.853860	4399039.454407	0.000000	0.000000	0.000000	1543371929.579210	4.124690	1.490740	1.385660
-1.465470	470908.855157	4399039.468591	0.000000	0.000000	0.000000	1543371929.685639	4.124690	1.490740	1.385660
-1.466558	470908.846074	4399039.543915	0.000000	0.000000	0.000000	1543371929.779557	4.124690	1.490740	1.385660
-1.470549	470908.812564	4399039.970085	0.000000	0.000000	0.000000	1543371929.886463	4.124690	1.490740	1.385660
-1.467203	470908.783524	4399040.301598	0.000000	0.000000	0.000000	1543371929.979750	4.124690	1.490740	1.385660
-1.459040	470908.709435	4399041.091238	0.000000	0.000000	0.000000	1543371930.085754	4.124690	1.490740	1.385660
-1.466281	470908.673018	4399041.485455	0.000000	0.000000	0.000000	1543371930.177155	4.124690	1.490740	1.385660
-1.462433	470908.555281	4399042.774704	0.000000	0.000000	0.000000	1543371930.287876	4.124690	1.490740	1.385660
-1.458213	470908.517543	4399043.185867	0.000000	0.000000	0.000000	1543371930.381377	4.124690	1.490740	1.385660
-1.456694	470908.451105	4399043.921449	0.000000	0.000000	0.000000	1543371930.486378	4.124690	1.490740	1.385660
-1.464647	470908.421708	4399044.301009	0.000000	0.000000	0.000000	1543371930.577533	4.124690	1.490740	1.385660
-1.461287	470908.459984	4399044.099192	0.000000	0.000000	0.000000	1543371930.686484	4.124690	1.490740	1.385660
-1.464361	470908.460884	4399044.149782	2.387976	-0.206764	2.379007	1543371930.780620	4.124690	1.490740	1.385660
-1.459016	470908.430653	4399044.624354	0.000000	0.000000	0.000000	1543371930.886786	4.124690	1.490740	1.385660
-1.462748	470908.443865	4399044.579616	0.000000	0.000000	0.000000	1543371930.975920	4.124690	1.490740	1.385660
-1.460897	470908.389775	4399045.289807	0.000000	0.000000	0.000000	1543371931.090549	4.124690	1.490740	1.385660
-1.461571	470908.346293	4399045.785102	0.000000	0.000000	0.000000	1543371931.178514	4.124690	1.490740	1.385660
-1.464879	470908.325265	4399046.067197	0.000000	0.000000	0.000000	1543371931.287113	4.124690	1.490740	1.385660
-1.465061	470908.271101	4399046.654070	0.000000	0.000000	0.000000	1543371931.380351	4.124690	1.490740	1.385660
-1.465640	470908.303039	4399046.379848	0.000000	0.000000	0.000000	1543371931.488107	4.124690	1.490740	1.385660
-1.464972	470908.345952	4399046.040531	0.000000	0.000000	0.000000	1543371931.579163	4.124690	1.490740	1.385660
-1.462767	470908.374362	4399045.909073	0.000000	0.000000	0.000000	1543371931.687588	4.124690	1.490740	1.385660
-1.463909	470908.372984	4399045.989993	0.000000	0.000000	0.000000	1543371931.779114	4.124690	1.490740	1.385660
-1.459176	470908.318883	4399046.683513	0.000000	0.000000	0.000000	1543371931.977963	4.124690	1.490740	1.385660
-1.460614	470908.315740	4399046.781032	0.000000	0.000000	0.000000	1543371932.084350	4.124690	1.490740	1.385660
-1.462996	470908.347812	4399046.510733	0.000000	0.000000	0.000000	1543371932.179729	4.124690	1.490740	1.385660
-1.467266	470908.368312	4399046.401493	0.000000	0.000000	0.000000	1543371932.287641	4.124690	1.490740	1.385660
-1.458659	470908.354624	4399046.589734	0.000000	0.000000	0.000000	1543371932.377135	4.124690	1.490740	1.385660
-1.457854	470908.353043	4399046.653677	0.000000	0.000000	0.000000	1543371932.486901	4.124690	1.490740	1.385660
-1.465711	470908.337731	4399046.816133	0.000000	0.000000	0.000000	1543371932.578093	4.124690	1.490740	1.385660
-1.465174	470908.307610	4399047.171659	0.000000	0.000000	0.000000	1543371932.686782	4.124690	1.490740	1.385660
-1.463889	470908.288361	4399047.417731	0.000000	0.000000	0.000000	1543371932.781478	4.124690	1.490740	1.385660
-1.460401	470908.247395	4399047.932361	0.000000	0.000000	0.000000	1543371932.890567	4.124690	1.490740	1.385660
-1.463863	470908.261027	4399047.846760	0.000000	0.000000	0.000000	1543371932.975312	4.124690	1.490740	1.385660
-1.463910	470908.273669	4399047.819141	0.000000	0.000000	0.000000	1543371933.085796	4.124690	1.490740	1.385660
-1.460565	470908.251067	4399048.107868	0.000000	0.000000	0.000000	1543371933.175995	4.124690	1.490740	1.385660
-1.455890	470908.238980	4399048.286205	0.000000	0.000000	0.000000	1543371933.286916	4.124690	1.490740	1.385660
-1.463312	470908.224741	4399048.533281	0.000000	0.000000	0.000000	1543371933.487503	4.124690	1.490740	1.385660
-1.463402	470908.203667	4399048.803107	0.000000	0.000000	0.000000	1543371933.578293	4.124690	1.490740	1.385660
-1.468832	470908.216637	4399048.777319	0.000000	0.000000	0.000000	1543371933.687373	4.124690	1.490740	1.385660
-1.470512	470908.223807	4399048.759960	0.000000	0.000000	0.000000	1543371933.775287	4.124690	1.490740	1.385660
-1.472789	470908.229624	4399048.841096	0.000000	0.000000	0.000000	1543371933.886836	4.124690	1.490740	1.385660
-1.473567	470908.217754	4399049.038273	0.000000	0.000000	0.000000	1543371933.978027	4.124690	1.490740	1.385660
-1.474196	470908.127171	4399063.975329	0.000000	0.000000	0.000000	1543371934.086409	4.124690	1.490740	1.385660
-1.475129	470908.177641	4399049.570225	0.000000	0.000000	0.000000	1543371934.178344	4.124690	1.490740	1.385660
-1.472476	470908.151001	4399049.906264	0.000000	0.000000	0.000000	1543371934.287853	4.124690	1.490740	1.385660
-1.463877	470908.091579	4399050.647313	0.000000	0.000000	0.000000	1543371934.487793	4.124690	1.490740	1.385660
-1.470822	470908.080663	4399050.779118	0.000000	0.000000	0.000000	1543371934.582161	4.124690	1.490740	1.385660
-1.466127	470907.985058	4399051.896973	0.000000	0.000000	0.000000	1543371934.782376	4.124690	1.490740	1.385660
-1.467097	470907.947942	4399052.432081	0.000000	0.000000	0.000000	1543371934.977561	4.124690	1.490740	1.385660
-1.470101	470907.961798	4399052.375837	0.000000	0.000000	0.000000	1543371935.088498	4.124690	1.490740	1.385660
-1.461248	470907.936897	4399052.673448	0.000000	0.000000	0.000000	1543371935.181660	4.124690	1.490740	1.385660
-1.467841	470907.948569	4399052.601163	0.000000	0.000000	0.000000	1543371935.289430	4.124690	1.490740	1.385660
-1.467699	470908.190382	4399050.368968	0.000000	0.000000	0.000000	1543371935.488496	4.124690	1.490740	1.385660
-1.466623	470908.237182	4399049.926076	0.000000	0.000000	0.000000	1543371935.577112	4.124690	1.490740	1.385660
-1.465526	470908.355404	4399048.855694	0.000000	0.000000	0.000000	1543371935.688445	4.124690	1.490740	1.385660
-1.465182	470908.419885	4399048.278053	0.000000	0.000000	0.000000	1543371935.776157	4.124690	1.490740	1.385660
-1.467765	470908.476903	4399047.787791	0.000000	0.000000	0.000000	1543371935.889532	4.124690	1.490740	1.385660
-1.463443	470908.513737	4399047.436972	0.000000	0.000000	0.000000	1543371935.979141	4.124690	1.490740	1.385660
-1.462990	470908.557555	4399047.020467	0.000000	0.000000	0.000000	1543371936.090191	4.124690	1.490740	1.385660
-1.466350	470908.565561	4399046.952432	0.000000	0.000000	0.000000	1543371936.177513	4.124690	1.490740	1.385660
-1.459056	470908.598327	4399046.717637	0.000000	0.000000	0.000000	1543371936.290262	4.124690	1.490740	1.385660
-1.464112	470908.609287	4399046.595529	0.000000	0.000000	0.000000	1543371936.385320	4.124690	1.490740	1.385660
-1.463688	470908.621240	4399046.547674	0.000000	0.000000	0.000000	1543371936.489242	4.124690	1.490740	1.385660
-1.467162	470908.623226	4399046.552060	0.000000	0.000000	0.000000	1543371936.588100	4.124690	1.490740	1.385660
-1.460330	470908.622834	4399046.606186	0.000000	0.000000	0.000000	1543371936.687528	4.124690	1.490740	1.385660
-1.465578	470908.613108	4399046.707880	0.000000	0.000000	0.000000	1543371936.787514	4.124690	1.490740	1.385660
-1.460266	470908.605208	4399046.864559	0.000000	0.000000	0.000000	1543371936.883845	4.124690	1.490740	1.385660
-1.468440	470908.588517	4399047.051318	0.000000	0.000000	0.000000	1543371936.987252	4.124690	1.490740	1.385660
-1.459502	470908.549592	4399047.517059	0.000000	0.000000	0.000000	1543371937.087123	4.124690	1.490740	1.385660
-1.464241	470908.423160	4399048.884516	0.000000	0.000000	0.000000	1543371937.491357	4.124690	1.490740	1.385660
-1.464041	470908.409607	4399049.034604	0.000000	0.000000	0.000000	1543371937.590398	4.124690	1.490740	1.385660
-1.462376	470908.389671	4399049.295195	0.000000	0.000000	0.000000	1543371937.690156	4.124690	1.490740	1.385660
-1.465541	470908.364752	4399049.560997	0.831655	-0.043483	0.830517	1543371937.789981	4.544440	1.651120	1.464460
-1.463585	470908.282540	4399050.395266	1.052038	-0.066657	1.049924	1543371937.887836	4.544440	1.651120	1.464460
-1.461177	470908.238536	4399050.830996	1.167945	-0.079131	1.165261	1543371937.985558	4.544440	1.651120	1.464460
-1.456838	470908.179012	4399051.394671	1.292827	-0.094069	1.289401	1543371938.085473	4.544440	1.651120	1.464460
-1.460596	470908.135297	4399051.777971	1.392480	-0.106431	1.388406	1543371938.191067	4.544440	1.651120	1.464460
-1.458615	470908.083372	4399052.241986	1.483850	-0.118665	1.479098	1543371938.285196	4.544440	1.651120	1.464460
-1.459380	470908.053724	4399052.498180	1.535199	-0.125684	1.530046	1543371938.387119	4.544440	1.651120	1.464460
-1.458819	470907.996915	4399053.029919	1.638106	-0.138148	1.632270	1543371938.487109	4.544440	1.651120	1.464460
-1.462509	470907.963634	4399053.319487	1.698030	-0.146059	1.691737	1543371938.574994	4.544440	1.651120	1.464460
-1.467863	470907.923359	4399053.706509	1.750348	-0.152738	1.743671	1543371938.683784	4.544440	1.651120	1.464460
-1.459831	470907.891689	4399054.057570	1.828381	-0.159884	1.821377	1543371938.777392	4.544440	1.651120	1.464460
-1.467551	470907.830289	4399054.661093	1.945085	-0.172774	1.937396	1543371938.887338	4.544440	1.651120	1.464460
-1.465114	470907.805499	4399054.933274	1.993457	-0.177250	1.985561	1543371938.980373	4.544440	1.651120	1.464460
-1.464482	470907.766875	4399055.367219	2.049840	-0.182211	2.041725	1543371939.087598	4.544440	1.651120	1.464460
-1.463558	470907.750558	4399055.556376	2.067723	-0.183614	2.059555	1543371939.176711	4.544440	1.651120	1.464460
-1.462575	470907.702024	4399056.064667	2.145761	-0.191603	2.137189	1543371939.287423	4.544440	1.651120	1.464460
-1.466634	470907.675462	4399056.363542	2.150515	-0.191949	2.141931	1543371939.379951	4.544440	1.651120	1.464460
-1.463661	470907.630038	4399056.834241	2.212740	-0.198579	2.203811	1543371939.494215	4.544440	1.651120	1.464460
-1.459848	470907.606102	4399057.067950	2.242646	-0.202236	2.233509	1543371939.579568	4.544440	1.651120	1.464460
-1.462466	470907.543329	4399057.649690	2.338224	-0.214186	2.328394	1543371939.691455	4.544440	1.651120	1.464460
-1.468685	470907.531515	4399057.766379	2.325168	-0.213338	2.315360	1543371939.780569	4.544440	1.651120	1.464460
-1.467511	470907.507267	4399058.048737	2.316167	-0.211927	2.306451	1543371939.887852	4.544440	1.651120	1.464460
-1.458859	470907.489024	4399058.242667	2.329365	-0.213267	2.319582	1543371939.979919	4.544440	1.651120	1.464460
-1.461339	470907.489214	4399058.296052	2.243486	-0.203693	2.234220	1543371940.092194	4.544440	1.651120	1.464460
-1.460932	470907.471601	4399058.448221	1.624571	-0.141343	1.618410	1543371940.180308	4.544440	1.651120	1.464460
-1.466579	470907.459465	4399058.574949	1.450236	-0.124349	1.444895	1543371940.291125	4.544440	1.651120	1.464460
-1.465858	470907.448060	4399058.699526	1.443532	-0.123747	1.438218	1543371940.376091	4.544440	1.651120	1.464460
-1.458307	470907.415914	4399059.029476	1.487176	-0.128741	1.481593	1543371940.489070	4.544440	1.651120	1.464460
-1.462533	470907.478421	4399058.491208	0.000000	0.000000	0.000000	1543371940.586472	4.544440	1.651120	1.464460
-1.467865	470907.553817	4399057.878247	0.000000	0.000000	0.000000	1543371940.685069	4.544440	1.651120	1.464460
-1.459791	470907.578367	4399057.704927	0.000000	0.000000	0.000000	1543371940.786121	4.544440	1.651120	1.464460
-1.462741	470907.627833	4399057.301156	0.000000	0.000000	0.000000	1543371940.887381	4.544440	1.651120	1.464460
-3.070907	470907.185181	4399063.257386	0.000000	0.000000	0.000000	1543371940.986947	0.010000	0.010000	0.540961
-3.081304	470907.026867	4399063.140067	0.000000	0.000000	0.000000	1543371941.086670	1.335559	0.202822	0.546596
-3.073956	470906.963852	4399064.250955	0.000000	0.000000	0.000000	1543371941.189935	1.313906	2.326353	0.983947
-3.076768	470906.775361	4399065.365616	0.000000	0.000000	0.000000	1543371941.292996	0.439574	0.105165	0.971986
-3.076473	470906.598789	4399065.289734	0.000000	0.000000	0.000000	1543371941.392281	0.010000	0.010000	0.954516
-3.080273	470906.903288	4399064.235017	0.000000	0.000000	0.000000	1543371941.488667	1.543553	2.266890	0.943732
-3.087257	470906.950060	4399064.229923	0.000000	0.000000	0.000000	1543371941.590003	1.238388	2.330259	0.923858
-3.095445	470906.963481	4399064.154417	0.000000	0.000000	0.000000	1543371941.689388	1.228281	2.228364	1.448939
-3.103995	470906.969883	4399064.228280	0.000000	0.000000	0.000000	1543371941.790724	0.943647	2.231608	1.427063
-3.095851	470906.943513	4399064.229717	0.000000	0.000000	0.000000	1543371941.890763	1.584918	2.403678	1.411016
-3.105686	470906.931058	4399064.205352	0.000000	0.000000	0.000000	1543371941.988243	1.434743	2.266863	1.395392
-3.102944	470906.962766	4399064.257849	0.000000	0.000000	0.000000	1543371942.088735	1.401989	2.240685	0.863089
-3.110421	470907.013178	4399063.429432	0.000000	0.000000	0.000000	1543371942.190641	1.665672	0.606254	1.501782
-3.120547	470906.948052	4399064.220800	0.000000	0.000000	0.000000	1543371942.287922	1.362544	2.254047	1.957041
-3.129443	470906.957367	4399064.231659	0.000000	0.000000	0.000000	1543371942.386080	1.703653	2.276911	1.923996
-3.136027	470906.988806	4399064.232313	0.000000	0.000000	0.000000	1543371942.491236	1.552682	2.252281	1.421176
3.141371	470906.903777	4399063.577890	0.000000	0.000000	0.000000	1543371942.592651	1.661545	0.940010	1.871469
3.124599	470907.007066	4399064.191912	0.000000	0.000000	0.000000	1543371942.689204	1.599655	2.141495	1.834818
3.105350	470906.981522	4399064.144769	0.000000	0.000000	0.000000	1543371942.788454	1.583227	2.403244	1.798985
3.084785	470907.001399	4399064.102663	0.000000	0.000000	0.000000	1543371942.892933	1.521578	2.321448	1.768434
3.065008	470907.039209	4399064.033615	0.000000	0.000000	0.000000	1543371942.990381	1.186140	1.933990	1.735964
3.047055	470906.953974	4399063.940415	0.000000	0.000000	0.000000	1543371943.087448	1.501000	1.710704	1.702589
3.021803	470907.042416	4399064.081366	0.000000	0.000000	0.000000	1543371943.188851	1.639982	2.366776	1.674572
2.966275	470906.974617	4399063.978309	0.000000	0.000000	0.000000	1543371943.386798	1.444331	2.453634	1.577812
2.934241	470906.931978	4399063.683628	0.000000	0.000000	0.000000	1543371943.488048	1.538146	1.636415	1.546203
2.903347	470906.955860	4399063.684032	0.000000	0.000000	0.000000	1543371943.587499	1.611901	1.664188	1.570608
2.828424	470907.028706	4399063.943145	0.000000	0.000000	0.000000	1543371943.788139	1.761327	2.214444	1.447153
2.786267	470906.925548	4399063.680827	0.000000	0.000000	0.000000	1543371943.886640	1.716030	1.698726	1.779684
2.741392	470906.884351	4399063.664985	0.000000	0.000000	0.000000	1543371943.987560	1.705410	1.714043	1.748831
2.690277	470906.983547	4399063.952342	0.000000	0.000000	0.000000	1543371944.088915	1.765174	2.300199	1.710898
2.629982	470906.993083	4399063.894112	0.000000	0.000000	0.000000	1543371944.187332	1.782102	2.189525	1.951321
2.568032	470906.901674	4399063.635313	0.000000	0.000000	0.000000	1543371944.290064	1.721063	1.768442	1.926661
2.493782	470906.784286	4399063.705697	0.000000	0.000000	0.000000	1543371944.388629	1.884344	1.800999	1.877901
2.415918	470906.818679	4399063.699680	0.000000	0.000000	0.000000	1543371944.488001	1.782350	1.841414	1.827365
2.351630	470906.793314	4399063.718409	0.000000	0.000000	0.000000	1543371944.588301	1.878832	1.787015	2.039239
2.291577	470907.100570	4399064.429608	0.000000	0.000000	0.000000	1543371944.689598	2.587044	3.218346	2.040047
2.233654	470907.076933	4399064.497723	0.000000	0.000000	0.000000	1543371944.789759	2.786361	3.323366	2.031661
2.181962	470906.821478	4399063.727422	0.000000	0.000000	0.000000	1543371944.887359	1.802021	1.820228	1.938709
2.134446	470907.059880	4399064.628871	0.000000	0.000000	0.000000	1543371944.986336	3.102686	3.067151	1.980084
2.089529	470907.053693	4399064.662849	0.000000	0.000000	0.000000	1543371945.087690	3.378119	3.000258	1.994590
2.048445	470907.011119	4399064.798796	0.000000	0.000000	0.000000	1543371945.188969	3.527704	3.041559	2.008186
2.012804	470906.965222	4399064.378094	0.000000	0.000000	0.000000	1543371945.288883	2.781300	2.549028	2.044745
1.948463	470906.959511	4399064.822202	0.000000	0.000000	0.000000	1543371945.489301	3.641439	2.753505	2.077006
1.923449	470906.929213	4399064.919149	0.000000	0.000000	0.000000	1543371945.587540	3.823343	2.741528	2.014285
1.877597	470906.896468	4399064.902527	0.000000	0.000000	0.000000	1543371945.796022	4.028039	2.576845	1.928208
1.839338	470906.834697	4399064.978152	0.000000	0.000000	0.000000	1543371945.986980	3.958408	2.430725	1.971376
1.822921	470906.846891	4399064.955292	0.000000	0.000000	0.000000	1543371946.089208	3.924743	2.366284	1.955787
1.795949	470906.844215	4399064.928437	0.000000	0.000000	0.000000	1543371946.286507	4.074948	2.261707	1.947857
1.760322	470906.849740	4399064.991695	0.000000	0.000000	0.000000	1543371946.589102	4.212551	2.097213	1.942639
1.748481	470906.823823	4399064.927373	0.000000	0.000000	0.000000	1543371946.689156	4.300785	2.124258	2.061053
1.783003	470906.818125	4399064.975539	0.000000	0.000000	0.000000	1543371946.390992	4.056512	2.267458	1.957913
1.769880	470906.852730	4399065.010661	0.000000	0.000000	0.000000	1543371946.487989	4.291228	2.156111	1.963512
1.737971	470906.825741	4399064.986098	0.000000	0.000000	0.000000	1543371946.789660	4.228053	2.099315	2.050391
1.728961	470906.827757	4399065.038120	0.000000	0.000000	0.000000	1543371946.892886	4.290091	2.044923	2.043371
1.675178	470906.839976	4399065.094235	0.000000	0.000000	0.000000	1543371947.091236	4.436003	1.961551	2.041275
1.665137	470906.846434	4399065.066123	0.000000	0.000000	0.000000	1543371947.190824	4.508255	1.908660	2.015888
1.665569	470906.804103	4399065.112661	0.000000	0.000000	0.000000	1543371947.389260	4.325397	1.913287	2.042957
1.666971	470906.842066	4399065.085206	0.000000	0.000000	0.000000	1543371947.586458	4.288477	1.835165	2.008346
1.661680	470906.824799	4399065.144953	0.000000	0.000000	0.000000	1543371947.690743	4.391938	1.847150	2.067495
1.679944	470906.824436	4399065.167715	0.000000	0.000000	0.000000	1543371947.786805	4.326692	1.891430	2.056641
1.657795	470906.828260	4399065.313702	0.000000	0.000000	0.000000	1543371947.986668	4.757492	1.876222	2.157920
1.647457	470906.848368	4399065.205597	0.000000	0.000000	0.000000	1543371948.089115	4.433272	1.831530	2.055086
1.642790	470906.829621	4399065.189327	0.000000	0.000000	0.000000	1543371948.189238	4.456852	1.865396	2.037964
1.654083	470906.833085	4399065.253815	0.000000	0.000000	0.000000	1543371948.308907	4.642559	1.847468	2.072246
1.635759	470906.839690	4399065.302561	0.000000	0.000000	0.000000	1543371948.391492	4.679537	1.740419	2.031811
1.662875	470906.916648	4399065.290383	0.000000	0.000000	0.000000	1543371948.595022	4.605569	1.736656	2.044188
1.679144	470906.903132	4399065.317876	0.000000	0.000000	0.000000	1543371948.693665	4.635846	1.770810	2.042416
1.663959	470906.792432	4399065.420878	0.000000	0.000000	0.000000	1543371948.792959	4.672235	1.898696	2.033225
1.666866	470906.769581	4399065.492831	0.000000	0.000000	0.000000	1543371948.895570	4.782231	1.942130	1.945906
1.680365	470906.808315	4399065.567403	0.000000	0.000000	0.000000	1543371948.994377	4.873904	1.879529	2.024221
1.654059	470906.783512	4399065.561820	0.000000	0.000000	0.000000	1543371949.094259	4.889634	1.921115	2.041511
1.669124	470906.713768	4399065.609277	0.000000	0.000000	0.000000	1543371949.193740	4.778413	1.918589	1.936336
1.652823	470906.705440	4399065.590526	0.000000	0.000000	0.000000	1543371949.293674	4.830616	1.912273	1.923478
1.672518	470906.644476	4399065.637454	0.316767	-0.031126	0.315234	1543371949.490811	4.804271	2.044926	1.953712
1.664101	470906.662098	4399065.680986	0.302819	-0.029396	0.301389	1543371949.588354	4.669412	2.046777	2.037462
1.688837	470906.655888	4399065.683693	0.300414	-0.030997	0.298811	1543371949.697339	4.687851	2.082038	2.045479
1.677235	470906.642992	4399065.723149	0.061818	-0.006383	0.061488	1543371949.788715	4.582240	2.079677	2.046092
1.707342	470906.683860	4399065.718557	0.000000	0.000000	0.000000	1543371949.887673	4.601961	2.029554	2.041198
1.681644	470906.649740	4399065.738549	0.000000	0.000000	0.000000	1543371949.987709	4.485875	2.037079	2.028892
1.685347	470906.655155	4399065.785984	0.000000	0.000000	0.000000	1543371950.102785	4.404553	2.034468	2.018629
1.667761	470906.647170	4399065.793042	0.000000	0.000000	0.000000	1543371950.302881	4.419174	2.029303	2.002386
1.664958	470906.599306	4399065.813725	0.000000	0.000000	0.000000	1543371950.388789	4.387558	2.145611	2.019676
1.682589	470906.668039	4399065.822326	0.000000	0.000000	0.000000	1543371950.590995	4.336283	2.048378	2.039073
1.681679	470906.650905	4399065.832226	0.000000	0.000000	0.000000	1543371950.690362	4.416149	2.122233	2.034099
1.682339	470906.662801	4399065.819887	0.000000	0.000000	0.000000	1543371950.790392	4.437565	1.968480	2.029997
1.690858	470906.621060	4399065.963552	0.000000	0.000000	0.000000	1543371950.896942	4.187287	2.001223	2.032384
1.688764	470906.616536	4399065.888967	0.000000	0.000000	0.000000	1543371950.989114	4.337446	1.939000	2.037650
1.685998	470906.585893	4399065.915759	0.000000	0.000000	0.000000	1543371951.188864	4.252606	2.043981	2.015702
1.682372	470906.600535	4399065.924159	0.000000	0.000000	0.000000	1543371951.389644	4.172803	1.993051	1.990389
1.682001	470906.552656	4399065.931986	0.000000	0.000000	0.000000	1543371951.489832	4.169951	2.074517	1.969133
1.676977	470906.622304	4399065.919271	0.000000	0.000000	0.000000	1543371951.692536	4.137724	1.888482	1.937830
1.676777	470906.570578	4399065.885337	0.000000	0.000000	0.000000	1543371951.788409	4.092363	1.955045	1.928776
1.675968	470906.536942	4399066.018408	0.000000	0.000000	0.000000	1543371951.900765	3.878581	2.074560	1.911910
1.674922	470906.562137	4399066.038972	0.000000	0.000000	0.000000	1543371951.990424	3.940565	1.990494	1.907540
1.673212	470906.560587	4399065.880234	0.000000	0.000000	0.000000	1543371952.189380	4.091636	1.866393	1.917256
1.673045	470906.564580	4399066.101945	0.000000	0.000000	0.000000	1543371952.290879	3.691903	1.971039	1.925818
1.673446	470906.534578	4399066.169088	0.000000	0.000000	0.000000	1543371952.395844	3.512635	1.878487	1.923342
1.675035	470906.586820	4399066.048337	0.000000	0.000000	0.000000	1543371952.590498	3.769456	1.889692	2.017950
1.676623	470906.634300	4399065.895130	0.000000	0.000000	0.000000	1543371952.697413	4.048026	1.944358	2.038306
1.672430	470906.538612	4399065.945147	0.000000	0.000000	0.000000	1543371952.788320	3.928904	1.986739	2.006983
1.669146	470906.547473	4399066.252468	0.000000	0.000000	0.000000	1543371952.897497	3.375373	2.042012	1.962309
1.666444	470906.554326	4399065.884426	0.000000	0.000000	0.000000	1543371952.987817	4.108502	1.984525	2.016480
1.665742	470906.560336	4399065.871912	0.000000	0.000000	0.000000	1543371953.093948	4.130977	2.015482	2.054500
1.663371	470906.529313	4399066.008407	0.000000	0.000000	0.000000	1543371953.187681	3.855351	1.929046	2.075864
1.664121	470906.542078	4399066.253833	0.000000	0.000000	0.000000	1543371953.290458	3.350528	1.792220	2.069505
1.661439	470906.611720	4399066.084103	0.000000	0.000000	0.000000	1543371953.390208	3.749068	1.680766	2.069252
1.661815	470906.578173	4399066.169241	0.000000	0.000000	0.000000	1543371953.487764	3.549632	1.733459	2.025110
1.662160	470906.635844	4399066.192745	0.000000	0.000000	0.000000	1543371953.787920	3.425570	1.616228	1.850746
1.658516	470906.494693	4399066.707891	0.000000	0.000000	0.000000	1543371953.897131	2.448322	2.026613	2.020919
1.657140	470906.458526	4399066.689036	0.000000	0.000000	0.000000	1543371953.989205	2.473179	1.814150	1.868905
1.663967	470906.519496	4399066.649200	0.000000	0.000000	0.000000	1543371954.099722	2.492686	1.830722	1.953172
1.664977	470906.481067	4399066.689427	0.000000	0.000000	0.000000	1543371954.191187	2.433999	1.815682	1.953533
1.664752	470906.546539	4399066.278113	0.000000	0.000000	0.000000	1543371954.295347	3.328983	1.736364	1.358823
1.664290	470906.536752	4399066.269067	0.000000	0.000000	0.000000	1543371954.386817	3.361121	1.781069	1.711277
1.669633	470906.493477	4399066.241862	0.000000	0.000000	0.000000	1543371954.496532	3.301784	1.899682	1.837037
1.672330	470906.552067	4399066.287031	0.000000	0.000000	0.000000	1543371954.590810	3.212365	1.937748	1.835588
1.659557	470906.409376	4399066.242034	0.000000	0.000000	0.000000	1543371954.697104	3.326037	1.984972	1.832794
1.656794	470906.483959	4399066.265799	0.000000	0.000000	0.000000	1543371954.787554	3.361407	1.750841	1.859702
1.654826	470906.495057	4399067.070741	0.000000	0.000000	0.000000	1543371954.890976	1.771790	1.945471	1.920326
1.657930	470906.407929	4399067.104879	0.000000	0.000000	0.000000	1543371954.987794	1.699425	2.078794	1.907452
1.662079	470906.430331	4399067.115118	0.000000	0.000000	0.000000	1543371955.096274	1.686407	1.838349	1.906180
1.655202	470906.365980	4399067.075690	0.000000	0.000000	0.000000	1543371955.188401	1.598533	1.835531	1.570436
1.659315	470906.469202	4399067.070367	0.000000	0.000000	0.000000	1543371955.295606	1.608203	1.898307	1.634931
1.658826	470906.332709	4399067.058183	0.000000	0.000000	0.000000	1543371955.388714	1.604935	1.889732	1.642327
1.659595	470906.424512	4399067.068482	0.000000	0.000000	0.000000	1543371955.592077	1.607659	2.046101	1.630091
1.668185	470906.410087	4399067.101042	0.000000	0.000000	0.000000	1543371955.705608	1.613910	2.072025	1.640388
1.670940	470906.360305	4399067.530556	0.000000	0.000000	0.000000	1543371955.789768	0.880712	1.710565	1.696259
1.671054	470906.450283	4399067.455029	0.000000	0.000000	0.000000	1543371955.896546	1.017629	1.521068	1.713950
1.662236	470906.471548	4399067.542939	0.000000	0.000000	0.000000	1543371956.089161	0.880178	1.540669	1.737168
1.659968	470906.523010	4399066.283235	0.000000	0.000000	0.000000	1543371956.200567	3.354494	1.574600	1.791809
1.656731	470906.466432	4399067.652595	0.000000	0.000000	0.000000	1543371956.306030	0.675743	1.580322	0.814605
1.654883	470906.435238	4399067.705322	0.000000	0.000000	0.000000	1543371956.400643	0.529878	1.609465	1.871790
1.656473	470906.381360	4399067.709210	0.000000	0.000000	0.000000	1543371956.498264	0.576209	1.394400	0.820158
1.659605	470906.432811	4399067.692432	0.000000	0.000000	0.000000	1543371956.599102	0.609463	1.637018	1.836976
1.663810	470906.360699	4399067.749892	0.000000	0.000000	0.000000	1543371956.692151	0.476408	1.669083	1.857994
1.658347	470906.414093	4399067.669603	0.000000	0.000000	0.000000	1543371956.799259	0.690395	1.665580	0.860212
1.656317	470906.408673	4399067.796482	0.000000	0.000000	0.000000	1543371956.887686	0.372058	1.331345	0.853927
1.654673	470906.446905	4399066.873795	0.000000	0.000000	0.000000	1543371956.997608	2.200908	1.468140	1.446340
1.656768	470906.482267	4399066.886232	0.000000	0.000000	0.000000	1543371957.097577	2.217377	1.513846	1.523863
1.658265	470906.469264	4399066.704063	0.000000	0.000000	0.000000	1543371957.198847	2.543342	1.500060	1.540757
1.671007	470906.386044	4399066.764694	0.000000	0.000000	0.000000	1543371957.295336	2.427710	1.395972	1.490920
1.669479	470906.345805	4399067.799723	0.000000	0.000000	0.000000	1543371957.390530	0.331421	1.405091	1.556095
1.666580	470906.425664	4399067.750039	0.000000	0.000000	0.000000	1543371957.497749	0.516548	1.404887	0.467282
1.666021	470906.334464	4399067.736110	0.000000	0.000000	0.000000	1543371957.587362	0.463330	1.573878	1.578056
1.675696	470906.488683	4399067.736736	0.000000	0.000000	0.000000	1543371957.697067	0.380652	1.559671	0.475128
1.679407	470906.430438	4399067.768785	0.000000	0.000000	0.000000	1543371957.787894	0.339744	1.568226	0.482280
1.689051	470906.418002	4399067.701583	0.000000	0.000000	0.000000	1543371957.892047	0.546219	1.677371	0.485914
1.694951	470906.378342	4399067.726381	0.000000	0.000000	0.000000	1543371957.989100	0.413302	1.452068	0.482968
1.706430	470906.342567	4399067.742641	0.000000	0.000000	0.000000	1543371958.096644	0.407916	1.471174	0.490203
1.715348	470906.341500	4399067.768593	0.000000	0.000000	0.000000	1543371958.190404	0.442817	1.603344	0.490664
1.716089	470906.322661	4399067.785227	0.000000	0.000000	0.000000	1543371958.297920	0.446505	1.627323	0.487693
1.710189	470906.552764	4399066.791494	0.000000	0.000000	0.000000	1543371958.386166	2.484355	1.372545	1.601644
1.711144	470906.387166	4399067.827395	0.000000	0.000000	0.000000	1543371958.496719	0.416973	1.229114	0.497470
1.707693	470906.520883	4399066.784911	0.000000	0.000000	0.000000	1543371958.589040	2.526531	1.374249	1.721437
1.706777	470906.508442	4399066.752566	0.000000	0.000000	0.000000	1543371958.695925	2.427984	1.525778	1.743956
1.697456	470906.573219	4399065.678445	0.000000	0.000000	0.000000	1543371958.788052	0.391871	0.994877	1.699433
1.698739	470907.103303	4399067.805409	0.000000	0.000000	0.000000	1543371958.889071	0.010000	0.010000	0.512969
1.696643	470906.568438	4399065.679212	0.000000	0.000000	0.000000	1543371958.986962	0.295456	1.011467	1.752037
1.692061	470906.361345	4399067.795462	0.000000	0.000000	0.000000	1543371959.094775	0.298129	1.455798	0.511095
1.693842	470906.543496	4399067.730242	0.000000	0.000000	0.000000	1543371959.291393	0.508725	1.277387	0.501684
1.702053	470906.366880	4399067.792614	0.000000	0.000000	0.000000	1543371959.388134	0.281526	1.530173	0.509323
1.701719	470906.417111	4399067.714668	0.000000	0.000000	0.000000	1543371959.492170	0.556170	1.704562	0.521047
1.713555	470906.358134	4399067.764328	0.000000	0.000000	0.000000	1543371959.591334	0.344568	1.586897	0.522562
1.717461	470906.336022	4399067.751841	0.000000	0.000000	0.000000	1543371959.698346	0.411367	1.735074	0.523095
1.717063	470906.357195	4399067.736771	0.000000	0.000000	0.000000	1543371959.788421	0.434123	1.735014	0.524702
1.746041	470906.415921	4399067.639021	0.000000	0.000000	0.000000	1543371960.100977	0.261913	1.745077	0.524370
1.756624	470906.344091	4399067.685384	0.000000	0.000000	0.000000	1543371960.188830	0.199837	1.760872	0.527742
1.759622	470906.482677	4399067.723929	0.000000	0.000000	0.000000	1543371960.306297	0.191518	1.314887	0.528261
1.768456	470906.416756	4399067.687578	0.000000	0.000000	0.000000	1543371960.400266	0.190605	1.620291	0.530183
1.772943	470906.310244	4399067.882697	0.000000	0.000000	0.000000	1543371960.495379	0.434570	1.340974	0.522189
1.772909	470906.509058	4399066.986118	0.000000	0.000000	0.000000	1543371960.587820	2.213011	1.480904	1.781876
1.770006	470906.640229	4399066.944159	0.000000	0.000000	0.000000	1543371960.686822	2.189460	1.472833	1.255294
1.754041	470906.536903	4399067.872160	0.000000	0.000000	0.000000	1543371960.790128	0.324574	1.460937	0.540679
1.749420	470906.466101	4399067.724708	0.000000	0.000000	0.000000	1543371960.897868	0.696830	1.774908	0.529262
1.742176	470906.366878	4399067.727417	0.000000	0.000000	0.000000	1543371960.986563	0.889044	1.386748	0.532977
1.734118	470906.371989	4399067.685807	0.000000	0.000000	0.000000	1543371961.098291	0.894545	1.528254	0.534179
1.686590	470906.889589	4399068.047238	0.000000	0.000000	0.000000	1543371961.190126	0.344803	2.500678	0.517152
1.676453	470906.407045	4399068.069348	0.000000	0.000000	0.000000	1543371961.290950	0.158399	1.047760	0.010000
1.680807	470906.495358	4399068.049543	0.000000	0.000000	0.000000	1543371961.400922	0.137898	1.049304	0.010000
1.685558	470906.717973	4399068.084811	0.000000	0.000000	0.000000	1543371961.491964	0.096100	0.452528	0.010000
