front	position-x	position-y	speed	speed-x	speed-y	timestamp	v-x	v-y	v-z
0.024198	470845.446631	4399226.894916	0.000000	0.000000	0.000000	1543477275.444933	3.826467	1.805631	1.667386
0.024879	470844.782510	4399226.727192	0.000000	0.000000	0.000000	1543477275.537932	2.454716	1.600417	1.759346
0.027115	470844.835950	4399226.902556	0.000000	0.000000	0.000000	1543477275.648357	2.527467	1.763945	1.668240
0.020175	470844.744441	4399226.852503	0.000000	0.000000	0.000000	1543477275.735132	2.443910	1.843385	1.668014
0.027767	470845.692196	4399226.866351	0.000000	0.000000	0.000000	1543477275.843586	4.301166	1.632002	1.759407
0.029879	470845.115895	4399226.904548	0.000000	0.000000	0.000000	1543477275.944878	3.152589	1.779940	1.666178
0.033031	470844.790148	4399226.843978	0.000000	0.000000	0.000000	1543477276.045388	2.509575	1.631541	1.759638
0.026381	470844.749412	4399226.908747	0.000000	0.000000	0.000000	1543477276.140689	2.417128	1.737098	1.666897
0.029631	470845.302262	4399226.915803	0.000000	0.000000	0.000000	1543477276.247206	3.523407	1.757634	1.668172
0.028402	470844.804569	4399226.904364	0.000000	0.000000	0.000000	1543477276.357788	2.535492	1.755096	1.666614
0.036552	470845.717316	4399226.868770	0.000000	0.000000	0.000000	1543477276.439303	4.371480	1.660642	1.760511
0.039878	470845.510200	4399226.837029	0.000000	0.000000	0.000000	1543477276.538699	3.926637	1.723284	1.760126
0.035614	470845.572089	4399226.844546	0.000000	0.000000	0.000000	1543477276.644064	4.013518	1.695974	1.808695
0.039163	470844.860324	4399226.856193	0.000000	0.000000	0.000000	1543477276.760554	2.432031	1.771099	1.657716
0.036734	470845.361605	4399226.908934	0.000000	0.000000	0.000000	1543477276.845263	3.311617	1.988491	1.654687
0.042552	470845.280312	4399226.811093	0.000000	0.000000	0.000000	1543477276.947103	3.301628	1.923416	1.660502
0.059704	470844.420162	4399226.725357	0.000000	0.000000	0.000000	1543477277.046953	1.565310	1.657078	0.469456
0.061766	470843.832641	4399226.875403	0.000000	0.000000	0.000000	1543477277.158811	0.375270	1.525271	0.437582
0.063606	470843.871371	4399226.814969	0.000000	0.000000	0.000000	1543477277.244242	0.456696	1.628236	0.435536
0.069374	470844.085171	4399226.656643	0.000000	0.000000	0.000000	1543477277.361156	0.642735	1.236552	0.430668
0.068918	470844.928327	4399226.832928	0.000000	0.000000	0.000000	1543477277.451401	2.284599	1.454219	1.250750
0.064440	470844.989639	4399226.709698	0.000000	0.000000	0.000000	1543477277.560192	2.193281	1.505907	1.217021
0.057677	470844.845804	4399226.707255	0.000000	0.000000	0.000000	1543477277.644366	2.425643	1.497818	1.216962
0.051405	470844.374468	4399226.817742	0.000000	0.000000	0.000000	1543477277.766557	1.484841	1.630734	1.218967
0.053529	470844.404704	4399226.816905	0.000000	0.000000	0.000000	1543477277.841435	1.576823	1.623048	1.219133
0.050434	470844.837866	4399226.748131	0.000000	0.000000	0.000000	1543477277.952329	2.444601	1.508410	1.212005
0.055436	470844.235892	4399226.767044	0.000000	0.000000	0.000000	1543477278.045332	1.226132	1.397386	1.211044
0.042834	470845.232241	4399226.814409	0.000000	0.000000	0.000000	1543477278.365733	1.721202	1.595524	1.208563
0.040292	470845.280096	4399226.968597	0.000000	0.000000	0.000000	1543477278.445783	1.660207	1.886125	1.790530
0.053937	470844.868483	4399227.000472	0.000000	0.000000	0.000000	1543477278.544113	2.486278	2.007540	1.791995
0.052602	470844.910182	4399226.832093	0.000000	0.000000	0.000000	1543477278.647042	2.409141	1.869703	1.787122
0.060958	470845.051174	4399226.909147	0.000000	0.000000	0.000000	1543477278.737467	2.123537	1.968191	1.792323
0.060193	470845.781706	4399226.889117	0.000000	0.000000	0.000000	1543477278.846070	2.056199	1.857398	1.780189
0.063710	470844.894673	4399226.912007	0.000000	0.000000	0.000000	1543477278.944466	2.419112	1.957311	1.774595
0.065986	470845.519274	4399226.897057	0.000000	0.000000	0.000000	1543477279.059189	1.180184	1.848112	1.764926
0.060548	470845.534414	4399226.899495	0.000000	0.000000	0.000000	1543477279.185341	1.138564	1.840765	1.759195
0.062254	470845.960604	4399227.032262	0.000000	0.000000	0.000000	1543477279.280031	1.799304	1.844463	1.843029
0.054852	470845.134210	4399226.867974	0.000000	0.000000	0.000000	1543477279.351279	3.268910	1.823401	1.837368
0.060685	470845.135002	4399226.873326	0.000000	0.000000	0.000000	1543477279.443410	3.351847	1.814161	1.730181
0.053213	470844.986926	4399226.867797	0.000000	0.000000	0.000000	1543477279.538788	3.407611	1.814227	1.814709
0.056984	470844.867014	4399226.847011	0.000000	0.000000	0.000000	1543477279.645283	3.358576	1.798727	1.804375
0.054761	470844.594812	4399226.846669	0.000000	0.000000	0.000000	1543477279.734367	3.270483	1.614460	1.786090
0.049764	470844.360740	4399226.768728	0.000000	0.000000	0.000000	1543477279.850214	3.246584	1.600696	1.767303
0.054577	470844.108507	4399226.808246	0.000000	0.000000	0.000000	1543477279.944588	3.361725	1.680596	1.666451
0.050617	470843.778076	4399226.784261	0.000000	0.000000	0.000000	1543477280.050514	3.401987	1.585268	1.728253
0.056285	470843.417807	4399226.813312	0.000000	0.000000	0.000000	1543477280.131515	3.453658	1.636508	1.700297
0.054972	470843.092257	4399226.883139	0.135121	-0.135052	-0.004305	1543477280.245764	3.443980	1.818078	1.695260
0.052384	470842.689194	4399226.748938	0.233286	-0.232867	-0.013981	1543477280.335232	3.393252	1.685619	1.658756
-3.090034	470842.348567	4399226.813816	3.897397	-3.892216	-0.200905	1543477280.446419	3.555470	1.825824	1.654401
-3.110486	470841.928257	4399226.746510	4.360646	-4.358519	-0.136199	1543477280.539322	3.564796	1.689236	1.635646
-3.134785	470841.601876	4399226.779651	4.549693	-4.549582	-0.031689	1543477280.648626	3.705008	1.731312	1.640172
3.134586	470840.961984	4399226.675545	4.951444	-4.951325	0.034345	1543477280.736955	3.470000	1.672820	1.842808
3.129755	470840.542020	4399226.650185	5.149622	-5.149263	0.060777	1543477280.846217	3.694640	1.670784	1.827000
3.134500	470839.849141	4399226.713798	5.351800	-5.351665	0.037976	1543477280.941971	3.527767	1.811833	1.825493
-3.138139	470839.198943	4399226.664789	6.052653	-6.052618	-0.020553	1543477281.046444	3.355499	1.802207	1.805239
-3.131956	470838.526126	4399226.641111	6.271329	-6.271040	-0.060194	1543477281.134447	3.371919	1.722765	1.816250
-3.120049	470838.088069	4399226.646042	6.705900	-6.704353	-0.144054	1543477281.258487	3.943203	1.708509	1.811363
-3.116437	470837.120292	4399226.608312	7.156629	-7.154366	-0.179950	1543477281.343998	3.598301	1.748020	1.783840
-3.114475	470836.618636	4399226.633586	7.382704	-7.379990	-0.200169	1543477281.447196	4.009709	1.794549	1.755203
-3.110009	470835.890017	4399226.552459	7.845441	-7.841533	-0.247605	1543477281.564098	4.162386	1.666044	1.713125
-3.103464	470834.815872	4399226.530287	8.094539	-8.088666	-0.308284	1543477281.655027	3.684756	1.733874	1.680288
-3.100471	470833.325329	4399226.536889	8.490328	-8.483146	-0.349149	1543477281.846498	4.025680	1.850130	1.810506
-3.098911	470832.408624	4399226.586183	8.920597	-8.912475	-0.380593	1543477281.961328	3.845410	2.009541	1.838097
-3.101426	470830.613105	4399226.463033	8.841041	-8.833920	-0.354784	1543477282.177104	3.792639	1.879655	1.879419
-3.102724	470829.867800	4399226.353675	9.001879	-8.995070	-0.350060	1543477282.259075	4.134069	1.692385	1.888075
-3.102913	470828.928837	4399226.355711	8.948098	-8.941394	-0.346327	1543477282.354371	4.113154	1.790081	1.894887
-3.098999	470828.089906	4399226.358092	8.932575	-8.924460	-0.380655	1543477282.448946	4.167534	1.845586	1.884948
-3.097686	470827.132389	4399226.299961	8.747400	-8.738993	-0.383431	1543477282.568249	4.079793	1.771976	1.873945
-3.102614	470826.216446	4399226.263265	8.858060	-8.851339	-0.344998	1543477282.646636	4.038688	1.764426	1.850415
-3.098718	470825.403270	4399226.230919	8.951389	-8.943213	-0.382513	1543477282.747057	4.198600	1.798499	2.054966
-3.093069	470824.487685	4399226.221998	9.038365	-9.027792	-0.437055	1543477282.848116	4.212098	1.853769	2.047426
-3.094846	470823.547886	4399226.114658	9.112359	-9.102456	-0.424704	1543477282.959712	4.197754	1.748905	2.031991
-3.094843	470822.705603	4399226.166411	9.186893	-9.176884	-0.428725	1543477283.049874	4.330933	1.965134	2.064658
-3.088580	470821.796447	4399226.097833	9.248827	-9.235892	-0.488967	1543477283.154204	4.347260	2.033861	1.893078
-3.082464	470820.866633	4399226.008625	9.260022	-9.243883	-0.546473	1543477283.244022	4.185715	1.956741	1.890174
-3.076758	470820.038486	4399225.926174	9.310618	-9.291052	-0.603295	1543477283.358205	4.391953	1.923268	1.911247
-3.069473	470819.230679	4399225.875394	9.268040	-9.243944	-0.667872	1543477283.450830	4.444840	2.056105	1.933206
-3.064372	470818.219906	4399225.758287	11.411439	-11.377390	-0.880878	1543477283.553293	4.214143	1.880403	1.967123
-3.059629	470817.479106	4399225.777467	11.767493	-11.727948	-0.963911	1543477283.651129	4.520282	2.044503	1.989177
-3.056693	470816.479020	4399225.705646	12.415375	-12.370605	-1.053399	1543477283.758955	4.316247	2.053932	2.002509
-3.056956	470815.727017	4399225.588623	12.552936	-12.507887	-1.062534	1543477283.851467	4.481803	1.857660	2.008242
-3.064072	470814.006879	4399225.572126	9.022150	-8.994932	-0.700277	1543477284.054857	4.521088	2.019964	2.056858
-3.067110	470813.109342	4399225.533016	8.974849	-8.949872	-0.669102	1543477284.146833	4.446105	2.078337	2.072961
-3.072101	470812.331753	4399225.493970	8.864925	-8.843453	-0.616632	1543477284.246005	4.618400	2.004000	2.078617
0.028556	470811.489044	4399225.323127	8.802521	-8.788493	-0.496759	1543477284.337317	4.633393	1.779791	2.099361
0.011609	470810.653933	4399225.409649	8.738666	-8.725405	-0.481247	1543477284.451898	4.535167	1.979401	2.086360
0.008218	470809.817118	4399225.377399	8.691053	-8.679845	-0.441239	1543477284.540565	4.637655	2.048782	2.092339
0.020375	470808.989496	4399225.357958	8.671518	-8.661929	-0.407677	1543477284.634781	4.702245	1.990517	2.079591
0.036642	470808.060318	4399225.348001	8.654817	-8.645955	-0.391549	1543477284.739012	4.568341	1.944018	2.064024
0.028670	470807.278791	4399225.317248	8.688806	-8.680946	-0.369486	1543477284.841670	4.740790	1.937794	2.041333
0.028903	470806.389020	4399225.342038	8.659946	-8.653714	-0.328479	1543477284.940213	4.731679	2.058853	2.035426
0.054755	470805.574724	4399225.329480	8.671385	-8.663146	-0.377921	1543477285.044302	4.629787	2.089942	2.092892
0.049619	470804.689854	4399225.292728	8.666406	-8.657376	-0.395519	1543477285.138404	4.620809	2.082970	2.067445
0.017364	470803.872468	4399225.252910	8.631663	-8.626014	-0.312251	1543477285.249430	4.696921	1.953022	2.053902
0.030853	470802.989291	4399225.244788	8.668560	-8.663444	-0.297794	1543477285.331280	4.661349	2.014780	2.036305
0.059356	470802.125831	4399225.223937	8.692435	-8.684544	-0.370315	1543477285.443038	4.707691	2.022397	2.083025
0.047831	470801.298496	4399225.182135	8.624101	-8.615604	-0.382725	1543477285.530395	4.785460	1.999631	2.087939
0.044600	470800.424386	4399225.129543	8.628477	-8.619915	-0.384292	1543477285.640471	4.685541	1.843646	2.088805
0.054820	470799.604310	4399225.082361	8.654242	-8.644283	-0.415064	1543477285.731928	4.765033	1.832359	2.092443
0.055570	470798.749023	4399225.063554	8.639710	-8.628729	-0.435468	1543477285.846280	4.807203	1.838896	2.090284
0.049459	470797.859802	4399225.006912	8.602739	-8.591948	-0.430764	1543477285.933204	4.746156	1.823930	2.079025
0.055258	470797.038139	4399225.018512	8.574936	-8.563483	-0.443036	1543477286.042429	4.821504	1.791066	1.954675
0.074890	470796.160953	4399224.993513	8.502226	-8.487217	-0.504979	1543477286.140266	4.791278	1.794537	1.912143
0.069046	470795.355441	4399224.897795	8.456559	-8.440212	-0.525562	1543477286.241133	4.698663	1.780903	2.041856
0.067115	470794.472555	4399224.892485	8.438174	-8.421059	-0.537169	1543477286.329716	4.725748	1.758318	1.919588
0.072839	470793.706504	4399224.877087	8.419742	-8.400925	-0.562599	1543477286.440047	4.709708	1.914454	2.065389
0.042498	470792.857643	4399224.868652	4.116132	-4.108994	-0.242307	1543477286.540333	4.732699	2.074977	2.063047
0.053333	470792.043691	4399224.876662	8.303002	-8.289667	-0.470385	1543477286.641356	4.617571	1.920747	2.061546
0.054812	470791.203276	4399224.763687	8.322828	-8.309815	-0.465225	1543477286.741099	4.598044	1.796990	2.060081
0.068909	470789.483561	4399224.620436	8.257170	-8.242941	-0.484548	1543477286.939244	4.543839	1.665152	2.106302
0.072029	470788.617696	4399224.678379	8.260880	-8.244321	-0.522786	1543477287.042965	4.533436	1.937994	2.066712
0.070081	470787.766202	4399224.605795	6.303991	-6.290380	-0.414027	1543477287.141186	4.562525	1.786826	2.068835
0.096084	470786.894201	4399224.533459	8.319659	-8.295603	-0.632221	1543477287.238922	4.487217	1.708853	2.062027
0.087151	470786.032209	4399224.500500	8.384371	-8.357572	-0.669828	1543477287.351380	4.526196	1.740437	2.059440
0.082668	470785.185460	4399224.457580	8.454655	-8.426970	-0.683652	1543477287.451651	4.445868	1.792459	2.054134
0.072363	470784.359072	4399224.436317	8.484473	-8.458529	-0.662995	1543477287.537651	4.407317	1.804106	2.059595
0.079607	470783.478255	4399224.404758	8.501435	-8.475184	-0.667562	1543477287.645849	4.400004	1.726635	2.060047
0.057681	470782.649973	4399224.344286	8.502061	-8.480427	-0.606138	1543477287.736877	4.443932	1.884350	2.050365
0.084375	470781.826068	4399224.361831	8.511889	-8.487532	-0.643475	1543477287.849831	4.405476	1.807799	2.041586
0.065502	470780.997806	4399224.319548	8.549766	-8.527423	-0.617698	1543477287.931894	4.436155	1.737484	2.036484
0.073255	470780.143367	4399224.262636	8.534773	-8.512302	-0.618919	1543477288.048917	4.438211	1.702424	2.031931
0.079195	470779.311943	4399224.222805	8.486406	-8.462687	-0.634051	1543477288.147794	4.362251	1.720186	2.027420
0.100945	470778.508214	4399224.141255	8.388506	-8.359206	-0.700508	1543477288.246095	4.386143	1.697153	2.023582
0.084009	470777.666418	4399224.144973	6.325035	-6.302782	-0.530105	1543477288.345874	4.370982	1.696925	2.025619
0.084306	470776.872394	4399224.156505	6.285093	-6.262887	-0.527855	1543477288.451937	4.404360	1.799212	2.030536
0.058907	470776.116584	4399224.126448	6.284335	-6.266047	-0.479090	1543477288.546607	4.458582	1.724876	2.027811
0.063213	470775.347569	4399224.090746	6.284359	-6.268028	-0.452771	1543477288.645023	4.266752	1.718455	2.029877
0.068725	470774.568470	4399224.080040	6.284467	-6.268658	-0.445482	1543477288.766610	4.449293	1.719236	2.038152
-3.088667	470773.797221	4399224.083093	6.282817	-6.273944	-0.333787	1543477288.848374	4.300247	1.753202	2.047902
-3.102527	470773.103897	4399224.037926	7.976080	-7.969974	-0.312041	1543477288.964817	4.233617	1.761418	2.043858
-3.111323	470772.397688	4399224.089627	7.921692	-7.918071	-0.239496	1543477289.060030	4.134217	1.823906	2.053287
-3.115972	470771.683109	4399224.030121	7.758131	-7.755612	-0.197697	1543477289.163689	4.241585	1.762728	2.042925
-3.121331	470770.346803	4399223.991031	7.434492	-7.432977	-0.150094	1543477289.362694	4.231474	1.859325	2.028271
-3.122329	470769.760519	4399223.973318	7.213204	-7.211875	-0.138439	1543477289.454773	4.169396	1.859419	2.040285
-3.121205	470769.155249	4399223.966081	6.996742	-6.995299	-0.142079	1543477289.555861	4.152854	1.840115	2.058404
-3.122310	470768.727901	4399223.979792	6.791984	-6.790723	-0.130880	1543477289.646741	3.843037	1.870748	2.044794
-3.125416	470768.135109	4399223.931551	6.643498	-6.642625	-0.107727	1543477289.755581	3.869062	1.892700	2.044766
-3.124896	470767.630858	4399223.895542	6.443303	-6.442409	-0.107372	1543477289.850146	3.661579	1.858233	2.047807
-3.119376	470766.519980	4399223.829223	6.028543	-6.027057	-0.133817	1543477290.053281	3.754908	1.945774	2.045685
-3.098581	470765.357526	4399223.714168	5.805707	-5.800357	-0.249169	1543477290.263469	4.133380	1.977174	2.041131
-3.086656	470764.939485	4399223.642342	5.661697	-5.653180	-0.310438	1543477290.361578	4.135711	2.062868	2.045896
-3.074709	470764.523436	4399223.525684	5.484558	-5.472306	-0.366394	1543477290.449602	4.138650	2.021538	2.052014
-3.051638	470764.109817	4399223.431907	5.300760	-5.279407	-0.475305	1543477290.538816	4.147131	2.036551	2.049951
-3.035171	470763.705187	4399223.333328	5.166064	-5.136892	-0.548231	1543477290.652029	4.189168	2.148377	2.026292
-3.004554	470763.307866	4399223.215994	5.008780	-4.962010	-0.682885	1543477290.737328	4.122957	2.183785	2.031861
-2.968760	470762.921413	4399223.012711	4.905088	-4.832208	-0.842412	1543477290.852863	4.129153	2.211248	2.046802
-2.935986	470762.513284	4399222.892210	4.826315	-4.724855	-0.984407	1543477290.938383	4.046250	2.233929	2.041371
-2.848796	470761.775486	4399222.452347	4.784189	-4.580961	-1.379586	1543477291.144039	3.997555	2.288378	2.046514
-2.800319	470761.369738	4399222.218199	4.726070	-4.454240	-1.579710	1543477291.249804	4.127705	2.239832	2.063051
-2.750574	470761.041513	4399221.962219	4.677559	-4.325505	-1.780326	1543477291.346271	4.168536	2.273671	2.069841
-2.696437	470760.712782	4399221.646994	4.632985	-4.182196	-1.993435	1543477291.454361	4.221502	2.301180	1.936022
-2.639509	470760.412661	4399221.382789	4.554601	-3.993246	-2.190520	1543477291.547745	4.248637	2.228749	1.940913
-2.590389	470760.153895	4399221.074084	4.462449	-3.802217	-2.335936	1543477291.652697	4.271057	2.239146	1.962005
-2.531282	470759.911686	4399220.725436	4.408557	-3.613477	-2.525502	1543477291.738680	4.419299	2.120628	1.988303
-2.474660	470759.674325	4399220.411641	4.340756	-3.411182	-2.684400	1543477291.858411	4.325031	2.257997	2.002809
-2.416031	470759.445815	4399220.076309	4.313135	-3.227799	-2.860846	1543477291.952614	4.398273	2.286643	2.010793
-2.351456	470759.291907	4399219.748367	4.275137	-3.009181	-3.036713	1543477292.055455	4.359610	2.231635	2.019502
-2.287723	470759.193373	4399219.450126	4.241185	-2.787230	-3.196716	1543477292.162790	4.165637	2.214045	2.012567
-2.155799	470758.922882	4399218.767145	4.171618	-2.304744	-3.477147	1543477292.363014	4.183856	2.237576	2.019967
-2.091691	470758.982087	4399218.549942	4.170281	-2.076507	-3.616540	1543477292.450543	3.752084	2.039563	2.025366
-2.031642	470758.966453	4399218.366451	4.102969	-1.825530	-3.674479	1543477292.547661	3.377461	1.972853	2.018828
-1.962072	470758.995390	4399217.690164	4.157408	-1.586661	-3.842727	1543477292.648056	3.922313	1.910037	2.010004
-1.900821	470759.036731	4399217.568281	4.073883	-1.321280	-3.853666	1543477292.747741	3.423954	1.802378	2.038404
-1.837363	470759.012861	4399216.836578	3.913314	-1.031808	-3.774838	1543477292.856811	4.154036	2.029561	2.043018
-1.770247	470759.069600	4399216.190701	3.988344	-0.791333	-3.909051	1543477292.952691	4.683188	2.081947	1.548242
-1.713692	470759.170731	4399216.003221	4.083808	-0.582468	-4.042056	1543477293.049784	4.277396	2.125598	1.393643
-1.678170	470759.410232	4399215.687984	4.028215	-0.432110	-4.004972	1543477293.156769	4.196747	2.222939	1.399099
-1.630795	470759.656161	4399215.369996	4.038072	-0.243198	-4.030742	1543477293.245039	4.084308	2.075050	1.165951
-1.589401	470759.822730	4399214.815193	4.069165	-0.076747	-4.068441	1543477293.355355	4.466957	1.901992	1.495122
-1.547841	470760.297979	4399214.518503	4.024261	0.091624	-4.023218	1543477293.449192	4.455812	1.776027	1.631377
-1.473372	470760.227865	4399214.172526	4.033795	0.391350	-4.014766	1543477293.558928	4.324931	2.369810	1.610347
-1.402207	470760.822038	4399213.820338	4.110748	0.689029	-4.052590	1543477293.645508	4.254562	1.776302	1.737006
-1.335255	470761.205887	4399213.393016	4.221256	0.984465	-4.104855	1543477293.753240	4.220969	1.698793	1.542080
-1.264174	470761.460183	4399213.313176	4.200743	1.267678	-4.004901	1543477293.871859	4.519140	1.707532	1.684824
-1.193486	470761.843453	4399212.976142	4.143579	1.526354	-3.852205	1543477293.963029	4.396427	1.699005	1.969430
-1.115040	470762.191993	4399212.866130	4.029413	1.773349	-3.618204	1543477294.058644	4.616368	1.605745	1.994258
-1.022639	470762.253832	4399212.545796	3.915058	2.039480	-3.341885	1543477294.160795	4.627863	2.186311	1.984772
-0.921358	470762.594254	4399212.378879	3.765069	2.275246	-2.999834	1543477294.256154	4.656575	2.212083	1.981781
-0.809398	470763.085570	4399212.320235	3.709558	2.558050	-2.686485	1543477294.352809	4.771231	1.873757	2.004944
-0.692103	470763.287352	4399212.003660	3.653615	2.811584	-2.333216	1543477294.455298	4.782876	2.282751	2.001896
-0.572176	470763.778098	4399211.953027	3.667873	3.082251	-1.988221	1543477294.558072	4.719255	1.843651	2.003531
-0.467313	470764.135592	4399211.759966	3.946232	3.521862	-1.780235	1543477294.652034	4.698865	1.895426	2.009013
-0.369920	470764.925009	4399211.503765	4.041345	3.766982	-1.463665	1543477294.752703	4.076668	1.832841	1.995564
2.931488	470765.534904	4399211.455622	4.455638	4.338670	-1.014227	1543477294.962229	4.679812	1.919189	1.996631
2.999187	470766.024286	4399211.446245	4.568711	4.497589	-0.803004	1543477295.055728	4.634988	1.746734	2.003761
3.057589	470767.034801	4399211.447895	4.803424	4.780935	-0.464268	1543477295.254514	4.666860	1.763083	1.996857
3.092888	470767.518766	4399211.395009	4.843480	4.834490	-0.294968	1543477295.357269	4.596582	1.868516	2.001544
3.122416	470768.013238	4399211.342449	4.891307	4.889472	-0.133981	1543477295.454879	4.609266	1.922447	1.996946
3.123341	470768.519682	4399211.457087	4.957302	4.957236	-0.025530	1543477295.551737	4.671830	1.797546	2.000345
-3.137099	470769.060699	4399211.382590	5.050174	5.049509	0.081941	1543477295.644483	4.654862	1.823875	1.949664
-3.133246	470770.090934	4399211.500981	5.126145	5.121378	0.221030	1543477295.847919	4.743266	1.655218	1.918298
-3.110291	470770.603738	4399211.506212	5.216770	5.209151	0.281831	1543477295.954427	4.786247	1.695432	2.075443
-3.119068	470771.194646	4399211.463681	5.269729	5.260025	0.319657	1543477296.048719	4.709862	1.858494	2.068361
-3.101221	470771.690548	4399211.532891	5.331793	5.320297	0.349946	1543477296.157198	4.874454	1.805318	2.067964
-3.081470	470772.898963	4399211.573386	12.630244	12.593665	0.960547	1543477296.360112	4.679670	1.786264	2.072173
-3.100965	470773.481678	4399211.629198	13.176710	13.138762	0.999322	1543477296.453352	4.723372	1.826865	2.052333
-3.072145	470774.051094	4399211.660891	13.183277	13.144142	1.015050	1543477296.550464	4.757280	1.798663	2.050097
-3.090076	470774.636566	4399211.644227	13.180161	13.137794	1.055944	1543477296.646484	4.793324	1.671317	1.912865
-3.109084	470775.214281	4399211.808856	13.178247	13.133876	1.080508	1543477296.743601	4.782871	1.604837	2.054931
-3.090503	470776.443649	4399211.782988	13.181753	13.145336	0.979153	1543477296.942043	4.818536	1.729317	2.055229
-3.099213	470776.950676	4399211.886969	5.645221	5.632052	0.385357	1543477297.048532	4.896608	1.532532	2.057087
-3.085289	470777.600733	4399211.881067	5.523346	5.513880	0.323239	1543477297.151423	4.802235	1.517414	2.050705
-3.080144	470778.145039	4399211.796951	5.497652	5.490114	0.287788	1543477297.245336	4.872381	1.765996	2.052571
-3.121279	470778.767365	4399211.816879	5.491298	5.485626	0.249525	1543477297.342916	4.833930	1.839023	2.053504
-3.075410	470779.353792	4399211.700059	5.471833	5.467929	0.206642	1543477297.451557	4.798694	1.901405	2.053385
-3.108730	470779.953352	4399211.698225	5.484995	5.482591	0.162377	1543477297.554623	4.869718	1.992715	2.060284
-3.122093	470780.543455	4399211.893166	5.481613	5.479890	0.137395	1543477297.645999	4.822536	1.730147	2.061997
-3.102788	470781.064385	4399211.894963	5.482636	5.481184	0.126200	1543477297.741137	4.719565	1.740002	2.052204
-3.101681	470781.612271	4399211.734365	5.514892	5.512692	0.155772	1543477297.852616	4.662142	1.997323	2.062145
-3.100860	470782.172566	4399211.791196	5.563191	5.560220	0.181809	1543477297.973896	4.675588	1.963250	2.064331
-3.095658	470783.237732	4399211.961269	13.189730	13.179289	0.524723	1543477298.145346	4.656126	1.723187	2.070268
-3.069875	470783.764115	4399212.015610	13.190511	13.173489	0.669906	1543477298.243376	4.605399	1.568402	2.064380
-3.084481	470784.288084	4399212.045815	5.593897	5.586041	0.296354	1543477298.341798	4.589140	1.689063	2.063002
-3.097951	470784.786047	4399211.953126	5.502841	5.495921	0.275885	1543477298.449084	4.558778	1.849863	2.065989
-3.069699	470785.259042	4399212.032593	5.433033	5.424205	0.309593	1543477298.547965	4.436826	1.583463	2.064801
-3.073347	470785.877958	4399211.873996	5.351898	5.342007	0.325232	1543477298.645426	4.635627	2.039492	2.062060
-3.086318	470786.353382	4399212.046962	5.320431	5.311159	0.313966	1543477298.757111	4.579454	1.602214	2.058269
-3.074314	470786.886109	4399212.073401	5.308690	5.298528	0.328310	1543477298.847515	4.573422	1.637254	2.054988
-3.056585	470787.387214	4399212.146077	5.250979	5.238371	0.363654	1543477298.957175	4.543311	1.589070	2.050600
-3.039422	470787.922045	4399212.175880	5.265707	5.248526	0.425027	1543477299.048963	4.556183	1.594889	2.053046
-3.083318	470788.436800	4399212.149812	5.292705	5.278579	0.386433	1543477299.160665	4.516469	1.690740	2.060047
-3.074187	470788.981782	4399212.105584	5.294085	5.280689	0.376379	1543477299.241981	4.532013	1.712206	1.954270
-3.061749	470789.537085	4399212.176489	5.282795	5.268264	0.391551	1543477299.362158	4.581706	1.658682	1.955096
-3.033822	470790.083345	4399212.239782	5.305881	5.286389	0.454380	1543477299.445473	4.613456	1.676950	1.954530
0.067173	470790.637042	4399212.220690	5.305601	5.293569	0.357112	1543477299.559066	4.480825	1.678325	1.958626
0.061946	470791.236885	4399212.186127	5.366456	5.356149	0.332432	1543477299.652694	4.498199	1.749281	1.955753
0.052138	470791.778526	4399212.225715	5.402730	5.395345	0.282404	1543477299.758062	4.416977	1.730433	2.078691
0.041306	470792.357888	4399212.168410	5.434017	5.429317	0.225967	1543477299.854085	4.407987	1.870522	2.076589
0.032766	470792.977643	4399212.200317	5.437792	5.434817	0.179865	1543477299.953273	4.390031	1.851498	2.080313
0.028092	470793.646976	4399212.256627	5.464369	5.462152	0.155635	1543477300.057379	4.501204	1.790545	2.077248
0.020837	470794.259571	4399212.293903	5.506307	5.505081	0.116190	1543477300.156403	4.403930	1.749395	2.045803
0.022859	470794.878559	4399212.332756	5.692090	5.690609	0.129818	1543477300.251917	4.336720	1.823837	2.020212
0.021295	470795.525423	4399212.353691	5.810745	5.809429	0.123671	1543477300.363671	4.337089	1.730503	2.006927
0.022030	470796.198415	4399212.397131	5.991730	5.990281	0.131741	1543477300.452954	4.400055	1.891705	2.000826
0.028052	470796.929345	4399212.429855	6.165755	6.163349	0.172228	1543477300.556947	4.411782	1.757688	1.977896
0.031357	470797.623115	4399212.390816	6.350080	6.346966	0.198831	1543477300.651769	4.393250	1.815522	1.971751
0.034137	470798.340763	4399212.478785	6.513191	6.509398	0.222256	1543477300.757881	4.402959	1.728288	1.968178
0.039928	470799.081355	4399212.497637	6.743099	6.737738	0.268834	1543477300.851559	4.407465	1.886415	2.082221
0.039617	470799.818035	4399212.512547	6.878313	6.872899	0.272864	1543477300.959549	4.411798	1.833573	2.083146
0.031453	470800.555518	4399212.483621	6.983794	6.980297	0.220982	1543477301.051599	4.423034	1.741251	2.069665
0.029285	470801.326960	4399212.399815	7.088710	7.085663	0.207834	1543477301.158774	4.415050	1.928877	2.049439
