front	position-x	position-y	speed	speed-x	speed-y	timestamp	v-x	v-y	v-z
-1.373367	470792.272316	4399325.525515	1.663545	-0.055099	-1.662633	1543473332.984031	0.159034	0.405240	1.134784
-1.383243	470792.261731	4399325.365888	1.606117	-0.059841	-1.605002	1543473333.100540	0.129350	0.414081	1.129991
-1.201765	470792.244187	4399324.861600	1.608458	-0.057614	-1.607426	1543473333.500537	0.202857	0.217282	1.559646
-1.201862	470792.183985	4399324.743754	1.659822	-0.055276	-1.658901	1543473333.583708	0.330073	0.300988	1.117914
-1.393075	470792.264983	4399324.567855	1.593461	-0.061065	-1.592291	1543473333.682621	0.224956	0.238408	1.556244
-1.394944	470792.275001	4399324.414921	1.542081	-0.058224	-1.540982	1543473333.782609	0.224617	0.239524	1.112329
-1.301732	470792.897786	4399323.975292	1.453968	-0.140485	-1.447165	1543473334.181892	0.100403	1.448583	1.557965
-1.424446	470792.462041	4399323.587231	1.534039	-0.253756	-1.512906	1543473334.390239	0.157991	0.259207	1.556305
-1.191638	470792.483904	4399323.449197	1.570551	-0.258215	-1.549179	1543473334.481118	0.137071	0.249405	1.552508
-1.788322	470792.403651	4399323.313147	1.619643	-0.250862	-1.600097	1543473334.593617	0.138541	0.379664	1.550332
-1.443695	470792.347454	4399322.751923	1.600090	-0.058474	-1.599021	1543473334.992220	0.235486	0.645354	1.526646
-1.417945	470792.355733	4399322.471759	1.598671	-0.056007	-1.597689	1543473335.196457	0.203688	0.627283	1.525948
-1.410779	470792.429394	4399322.338625	1.556872	-0.054795	-1.555907	1543473335.289020	0.186908	0.245011	1.526973
-1.382317	470792.426397	4399321.820174	1.513906	-0.047342	-1.513165	1543473335.682100	0.258456	0.388798	1.510931
-1.390587	470792.360714	4399321.669596	1.479509	-0.049292	-1.478688	1543473335.788500	0.325322	0.475041	1.511377
-1.385657	470792.326802	4399321.351114	1.475589	-0.065233	-1.474146	1543473335.989968	0.303955	0.600872	1.502388
-1.388502	470792.461868	4399321.211644	1.478130	-0.066714	-1.476623	1543473336.091154	0.249512	0.608124	1.505452
-1.394399	470792.350410	4399321.043859	0.000000	0.000000	0.000000	1543473336.190283	0.207773	0.618029	1.498118
-1.379581	470792.364456	4399320.912046	0.000000	0.000000	0.000000	1543473336.297210	0.066554	0.385382	1.493427
-1.380477	470792.462873	4399320.912298	0.000000	0.000000	0.000000	1543473336.395174	0.222385	0.612135	1.499732
-1.304203	470792.534257	4399320.280551	0.139009	0.028238	-0.136111	1543473336.796195	0.328663	0.571993	1.479757
-1.801185	470792.438014	4399320.061613	0.171582	0.071692	-0.155886	1543473336.880809	0.303989	0.500441	1.472696
-1.588368	470792.479749	4399319.951619	0.202032	0.070429	-0.189359	1543473336.992074	0.369626	0.487635	1.471678
-1.495752	470792.498250	4399319.787385	1.494465	0.112135	-1.490252	1543473337.099715	0.199486	0.481757	1.474504
-1.457230	470792.501330	4399319.729161	1.492243	0.168602	-1.482687	1543473337.195168	0.299925	0.484307	1.473798
-1.410584	470792.733881	4399319.132799	1.368190	0.251059	-1.344959	1543473337.595414	0.139613	0.353476	1.042240
-1.425184	470792.622386	4399319.004126	1.412441	0.268457	-1.386694	1543473337.689785	0.108351	0.593686	1.469012
-1.475019	470792.695440	4399318.850634	1.475085	0.259555	-1.452070	1543473337.792796	0.228695	0.473063	1.457127
-1.361811	470792.773539	4399318.708302	0.512295	0.106206	-0.501165	1543473337.899890	0.361443	0.571658	1.448963
-1.521943	470792.666294	4399318.513307	0.663798	0.033139	-0.662970	1543473337.992811	0.413498	0.377380	1.440690
-1.523663	470792.711949	4399318.638666	0.000000	0.000000	0.000000	1543473338.081708	0.493116	0.240302	1.454308
-1.524763	470792.662423	4399318.535207	0.000000	0.000000	0.000000	1543473338.189775	0.508379	0.590720	1.451063
-1.519146	470792.679513	4399318.245219	0.000000	0.000000	0.000000	1543473338.304254	0.384470	0.588034	1.448689
-1.524305	470792.690927	4399318.087712	0.000000	0.000000	0.000000	1543473338.392915	0.339379	0.586442	1.444960
-1.504177	470792.706479	4399318.001238	0.000000	0.000000	0.000000	1543473338.486119	0.404786	0.329222	1.442895
-1.576540	470792.711794	4399317.974620	1.125227	-0.005783	-1.125212	1543473338.590508	0.584022	0.583092	1.450366
-1.559634	470792.775826	4399317.717014	1.496643	0.016286	-1.496554	1543473338.696209	0.428934	0.469335	1.439116
-1.547495	470792.727431	4399317.496685	1.498769	0.034279	-1.498377	1543473338.792695	0.259400	0.587510	1.430116
-1.523124	470792.797921	4399317.291908	1.496062	0.070454	-1.494402	1543473338.881109	0.245398	0.468045	1.430848
-1.509338	470792.805003	4399317.123361	1.246930	0.076437	-1.244585	1543473338.992056	0.358247	0.465931	1.412048
-1.501928	470792.824548	4399317.034675	1.337145	0.092474	-1.333943	1543473339.099787	0.166360	0.256912	1.416188
-1.522784	470792.706413	4399316.903007	1.485540	0.072352	-1.483777	1543473339.190555	0.062374	0.464147	1.417706
-1.512348	470792.823928	4399316.860807	1.490299	0.086964	-1.487759	1543473339.283978	0.493018	0.463172	1.413306
-1.512090	470792.838480	4399316.661805	1.490271	0.087469	-1.487702	1543473339.391536	0.363784	0.460631	1.410140
-1.540342	470792.750843	4399316.445516	1.484347	0.045595	-1.483646	1543473339.501878	0.303858	0.484905	1.409185
-1.441943	470792.781572	4399316.457332	1.340586	0.170891	-1.329650	1543473339.592622	0.585528	0.574959	1.417856
-1.518624	470792.752901	4399316.146111	1.238821	0.065301	-1.237099	1543473339.681091	0.219568	0.459600	1.403485
-1.439720	470792.857595	4399316.197466	1.483047	0.192903	-1.470448	1543473339.790768	0.446082	0.446409	1.405036
-1.439720	470792.857595	4399316.197466	1.481188	0.188181	-1.469185	1543473339.898621	0.446082	0.446409	1.405036
-1.439720	470792.857595	4399316.197466	1.534270	0.205918	-1.520388	1543473339.990880	0.446082	0.446409	1.405036
-1.500550	470792.786736	4399315.777356	1.545126	0.218816	-1.529554	1543473340.088305	0.582593	0.340283	1.397682
-1.505397	470792.842356	4399315.654747	1.540573	0.214457	-1.525573	1543473340.189429	0.524681	0.568907	1.395761
-1.241139	470793.331559	4399315.421105	1.502582	0.171607	-1.492750	1543473340.302797	0.669912	1.681808	1.391633
-1.241139	470792.760128	4399315.227745	0.419514	0.135134	-0.397153	1543473340.390624	0.317864	0.284639	1.387392
-1.261686	470792.824041	4399315.070182	0.549501	0.166511	-0.523666	1543473340.487469	0.225934	0.448249	1.382526
-1.302737	470792.787398	4399315.031858	0.000000	0.000000	0.000000	1543473340.590173	0.489125	0.306094	1.387166
-1.310967	470792.862883	4399314.980902	0.000000	0.000000	0.000000	1543473340.695498	0.633709	0.541067	1.388152
-1.300371	470792.871045	4399314.617844	0.000000	0.000000	0.000000	1543473340.796823	0.269659	0.426897	1.374976
-1.304712	470792.809956	4399314.539416	0.000000	0.000000	0.000000	1543473340.906208	0.331351	0.523524	1.376570
-1.321665	470792.880706	4399314.368877	0.000000	0.000000	0.000000	1543473340.991652	0.303108	0.427528	1.370802
-1.368898	470792.959961	4399314.225926	0.000000	0.000000	0.000000	1543473341.098520	0.308345	0.530020	1.364776
-1.390398	470792.956582	4399314.123649	0.000000	0.000000	0.000000	1543473341.192093	0.312126	0.543025	1.361283
-1.508817	470792.969007	4399313.950199	1.147709	0.071085	-1.145506	1543473341.291394	0.182114	0.556821	1.358610
-1.487549	470792.932473	4399313.863928	1.203172	0.099771	-1.199029	1543473341.391710	0.356434	0.247025	1.359036
-1.463794	470793.039125	4399313.731394	1.213364	0.129345	-1.206451	1543473341.502653	0.397146	0.441662	1.360116
-1.457691	470793.056640	4399313.514916	1.243334	0.140276	-1.235395	1543473341.592673	0.292748	0.441452	1.350241
-1.453956	470793.025219	4399313.359414	1.292519	0.150773	-1.283695	1543473341.695489	0.290229	0.351600	1.345954
-1.455266	470793.005094	4399313.375722	1.305964	0.150550	-1.297257	1543473341.790052	0.577813	0.548994	1.359154
-1.446351	470793.078705	4399313.167539	1.491119	0.185404	-1.479547	1543473341.900743	0.402395	0.436704	1.350603
-1.450748	470793.060310	4399313.006898	1.492283	0.179233	-1.481481	1543473341.996861	0.391475	0.333494	1.346220
-1.458966	470793.156199	4399312.900878	1.343411	0.150436	-1.334961	1543473342.091897	0.514159	0.542101	1.341333
-1.452049	470793.058660	4399312.713708	1.339462	0.158632	-1.330036	1543473342.193496	0.425028	0.319604	1.337756
-1.525960	470793.016174	4399312.624997	1.256008	0.057184	-1.254705	1543473342.304768	0.506390	0.437780	1.336870
-1.442891	470793.194969	4399312.423051	1.498881	0.190505	-1.486725	1543473342.388492	0.298624	0.541112	1.330196
-1.438303	470793.145283	4399312.329333	1.267096	0.167739	-1.255944	1543473342.491162	0.344574	0.432504	1.328183
-1.399590	470793.217993	4399312.128418	1.346006	0.229543	-1.326289	1543473342.590637	0.263316	0.538233	1.323436
-1.448737	470793.182570	4399311.771619	1.488598	0.182495	-1.477369	1543473342.896773	0.471686	0.426579	1.324545
-1.367360	470793.248644	4399311.614151	1.500042	0.301975	-1.469332	1543473342.997911	0.356140	0.517421	1.316645
-1.572016	470793.102278	4399311.554065	1.497564	0.000985	-1.497564	1543473343.100927	0.414928	0.440011	1.316587
-1.478306	470793.275333	4399311.264975	1.475510	0.134831	-1.469337	1543473343.190947	0.178479	0.532377	1.303084
-1.541563	470793.124497	4399311.134723	1.484096	0.044076	-1.483442	1543473343.304541	0.174929	0.432869	1.304197
-1.545381	470793.147553	4399310.966058	1.744064	0.044009	-1.743508	1543473343.394723	0.146845	0.242917	1.300614
-1.473185	470793.197633	4399310.876422	1.492974	0.144177	-1.485996	1543473343.490972	0.248334	0.530351	1.306293
-1.564930	470793.159804	4399310.757043	1.351570	0.008734	-1.351542	1543473343.588225	0.218612	0.421905	1.301000
-1.422249	470793.313345	4399310.668370	1.281196	0.187810	-1.267356	1543473343.701622	0.460405	0.527283	1.298559
-1.502451	470793.232093	4399310.394472	1.373471	0.094841	-1.370192	1543473343.790545	0.151076	0.527335	1.290756
-1.477833	470793.253164	4399310.279998	1.314726	0.121842	-1.309068	1543473343.889371	0.189640	0.285643	1.290083
-1.475464	470793.311809	4399310.190824	1.344158	0.127963	-1.338053	1543473343.990790	0.307891	0.603302	1.290972
-1.483735	470793.254588	4399310.079767	1.491491	0.129814	-1.485831	1543473344.100314	0.387822	0.522487	1.290333
-1.484073	470793.288742	4399309.845027	1.348057	0.116764	-1.342991	1543473344.194483	0.218676	0.342908	1.282112
-1.542177	470793.228503	4399309.822455	1.289108	0.037533	-1.288561	1543473344.286749	0.420880	0.423277	1.282301
-1.496375	470793.244866	4399309.512105	1.314498	0.097147	-1.310903	1543473344.393245	0.139760	0.416437	1.276910
-1.556190	470793.197246	4399309.448361	1.758087	0.026034	-1.757895	1543473344.498630	0.175059	0.522343	1.275316
-1.461634	470793.301536	4399309.344409	1.494340	0.160773	-1.485666	1543473344.589178	0.364288	0.517445	1.280154
-1.447983	470793.315671	4399309.148450	1.489558	0.182319	-1.478358	1543473344.682414	0.275569	0.518199	1.610214
-1.512911	470793.288371	4399309.072752	1.322236	0.077459	-1.319965	1543473344.793728	0.406280	0.235436	1.608896
-1.451228	470793.336119	4399308.844503	1.307871	0.155702	-1.298570	1543473344.896475	0.491929	0.303958	1.609677
-1.435607	470793.400203	4399308.719811	1.285960	0.173211	-1.274242	1543473344.990992	0.294771	0.401793	1.609307
-1.325810	470793.507329	4399308.594014	1.294707	0.313387	-1.256206	1543473345.088222	0.309180	0.387635	1.602274
-1.501195	470793.374691	4399308.455278	1.236713	0.088211	-1.233563	1543473345.192391	0.329981	0.307346	1.599062
-1.513236	470793.441615	4399308.230578	1.246959	0.071792	-1.244891	1543473345.301353	0.112440	0.409896	1.601526
-1.468135	470793.504067	4399308.070122	1.210953	0.123285	-1.204661	1543473345.392391	0.154934	0.506160	1.585891
-1.597587	470793.360203	4399307.974675	1.743582	-0.045373	-1.742991	1543473345.493675	0.162810	0.415985	1.593338
-1.523290	470793.416752	4399307.839290	1.503352	0.070094	-1.501717	1543473345.592721	0.237994	0.508007	1.590438
-1.546832	470793.408527	4399307.768812	1.501437	0.036246	-1.500999	1543473345.699355	0.335239	0.464637	1.586619
-1.464562	470793.529438	4399307.628847	1.121107	0.117777	-1.114903	1543473345.790490	0.391285	0.504021	1.591670
-1.468273	470793.500581	4399307.381160	1.332807	0.136538	-1.325795	1543473345.890293	0.264561	0.400635	1.569004
-1.495651	470793.459914	4399307.225114	1.497880	0.112835	-1.493624	1543473345.991282	0.198027	0.502126	1.569856
-1.579837	470793.471101	4399307.161041	1.504158	-0.012469	-1.504106	1543473346.103875	0.268818	0.509066	1.574580
-1.542025	470793.529391	4399306.997826	1.375864	0.039377	-1.375300	1543473346.189458	0.332843	0.403695	1.560905
-1.515234	470793.562647	4399306.892345	1.228068	0.068109	-1.226178	1543473346.289827	0.401446	0.456779	1.563736
-1.535770	470793.601104	4399306.603144	1.489756	0.052491	-1.488831	1543473346.389466	0.162097	0.501354	1.545858
-1.564473	470793.474542	4399306.489386	1.506719	0.009732	-1.506688	1543473346.504292	0.126483	0.429029	1.547595
-1.560693	470793.519399	4399306.435027	1.754964	0.017192	-1.754880	1543473346.593020	0.367319	0.500590	1.551251
-1.556210	470793.532251	4399306.281174	1.508749	0.021838	-1.508590	1543473346.697121	0.313491	0.301927	1.544722
-1.519402	470793.582378	4399306.206068	1.513407	0.077209	-1.511436	1543473346.790836	0.481374	0.396086	1.550651
-1.509407	470793.600537	4399305.911921	1.504296	0.091845	-1.501489	1543473346.904141	0.240144	0.394752	1.528395
-1.514537	470793.577458	4399305.748069	1.649846	0.092922	-1.647227	1543473346.994301	0.212791	0.324970	1.534501
-1.586758	470793.573390	4399305.754369	1.644893	-0.025065	-1.644702	1543473347.090325	0.522438	0.501428	1.541911
-1.641072	470793.500396	4399305.469648	1.693597	-0.117833	-1.689493	1543473347.190491	0.210108	0.485401	1.528689
-1.622471	470793.499640	4399305.372143	1.630925	-0.084756	-1.628721	1543473347.304410	0.462933	0.704205	1.516017
-1.618029	470793.474467	4399305.164453	1.528006	-0.072384	-1.526291	1543473347.394974	0.297916	0.420281	1.529737
-1.582648	470793.446370	4399305.015151	1.366966	-0.016700	-1.366864	1543473347.494383	0.220392	0.535520	1.526354
-1.585602	470793.533909	4399304.984308	1.421304	-0.021020	-1.421148	1543473347.591577	0.426134	0.676638	1.520123
-1.569071	470793.607300	4399304.783818	1.258127	0.001983	-1.258125	1543473347.701183	0.364965	0.545815	1.514144
-1.527799	470793.597503	4399304.632762	1.254535	0.053494	-1.253394	1543473347.792153	0.572788	0.387594	1.513244
-1.541321	470793.558682	4399304.582518	1.455216	0.043156	-1.454576	1543473347.890853	0.593225	0.484170	1.515168
-1.526469	470793.574600	4399304.257965	1.753142	0.077587	-1.751424	1543473347.989501	0.274843	0.482367	1.501588
-1.552239	470793.586866	4399304.065820	1.510043	0.028472	-1.509775	1543473348.093846	0.296775	0.483398	1.510586
-1.597867	470793.526664	4399303.897335	1.751627	-0.046800	-1.751002	1543473348.193485	0.306259	0.476712	1.497748
-1.566926	470793.491884	4399303.865457	1.506710	0.005200	-1.506701	1543473348.288980	0.346669	0.605035	1.481158
-1.563966	470793.499385	4399303.745458	1.544104	0.010409	-1.544068	1543473348.394823	0.434462	0.606656	1.474209
-1.550402	470793.511124	4399303.740275	1.767700	0.035480	-1.767344	1543473348.499657	0.717270	0.609046	1.488703
-1.508339	470793.626943	4399303.531923	1.583602	0.097725	-1.580584	1543473348.592554	0.595505	0.473216	1.482442
-1.532032	470793.538422	4399303.256013	1.618596	0.062754	-1.617379	1543473348.698485	0.298228	0.378082	1.473596
-1.546852	470793.566356	4399303.182059	1.567810	0.037691	-1.567357	1543473348.791864	0.404514	0.470120	1.479605
-1.480811	470793.559665	4399303.072397	1.544363	0.137804	-1.538203	1543473348.905032	0.745728	0.467772	1.479798
-1.535164	470793.583896	4399302.905230	1.515458	0.054839	-1.514465	1543473348.997330	0.520675	0.469459	1.473679
-1.508460	470793.637914	4399302.718909	1.562271	0.097021	-1.559256	1543473349.089881	0.450343	0.304824	1.466114
-1.502784	470793.653358	4399302.499072	1.513501	0.102790	-1.510006	1543473349.190889	0.350334	0.304379	1.457716
-1.475372	470793.675371	4399302.402637	1.347325	0.127969	-1.341234	1543473349.307257	0.417196	0.333775	1.452496
-1.493756	470793.652494	4399302.318933	1.373873	0.106070	-1.369773	1543473349.398000	0.572798	0.463561	1.452761
-1.561630	470793.658862	4399302.212624	1.762499	0.017017	-1.762417	1543473349.490192	0.643826	0.491380	1.452627
-1.600766	470793.551941	4399302.043227	1.772896	-0.052514	-1.772118	1543473349.591368	0.600939	0.590110	1.447606
-1.534112	470793.587959	4399301.777447	1.758998	0.063163	-1.757864	1543473349.700528	0.396450	0.614906	1.443035
-1.464678	470793.660428	4399301.675163	1.435892	0.151009	-1.427929	1543473349.791923	0.459412	0.455752	1.441491
-1.510129	470793.679406	4399301.548674	1.436727	0.088389	-1.434006	1543473349.890534	0.465206	0.456458	1.438378
-1.466398	470793.724759	4399301.409065	1.403263	0.146291	-1.395617	1543473349.993407	0.539862	0.293417	1.435039
-1.493325	470793.753799	4399301.319462	1.475536	0.115104	-1.471039	1543473350.104326	0.685027	0.514457	1.435117
-1.535051	470793.723414	4399301.010812	1.513029	0.054641	-1.512042	1543473350.192721	0.349007	0.456459	1.424958
-1.529357	470793.701192	4399300.807133	1.248024	0.051508	-1.246961	1543473350.291832	0.260617	0.520558	1.411931
-1.505381	470793.749955	4399300.740846	1.244023	0.080941	-1.241387	1543473350.392990	0.536925	0.606647	1.415003
-1.490410	470793.726486	4399300.695411	1.243154	0.099636	-1.239154	1543473350.499586	0.636158	0.359611	1.417024
-1.551806	470793.705232	4399300.366166	1.493658	0.029165	-1.493373	1543473350.620940	0.234028	0.640508	1.402311
-1.549451	470793.692968	4399300.286809	1.496271	0.031860	-1.495932	1543473350.689673	0.385871	0.450635	1.401855
-1.520747	470793.754329	4399300.118259	1.425841	0.071263	-1.424059	1543473350.799842	0.329641	0.313498	1.398928
-1.481563	470793.777644	4399300.024667	1.490043	0.132312	-1.484157	1543473350.901845	0.447281	0.356349	1.398309
-1.442989	470793.780607	4399299.905039	1.444056	0.183685	-1.432326	1543473351.011626	0.566317	0.352538	1.400071
-1.497823	470793.753906	4399299.674163	1.567906	0.114778	-1.563699	1543473351.091484	0.616796	0.473224	1.395119
-1.535649	470793.798989	4399299.542316	1.574506	0.055858	-1.573514	1543473351.203763	0.438161	0.356616	1.388439
-1.484138	470793.780224	4399299.326552	1.506882	0.129561	-1.501302	1543473351.300225	0.321778	0.582511	1.377456
-1.549893	470793.802168	4399299.247865	1.534283	0.032945	-1.533929	1543473351.416658	0.445774	0.461289	1.379313
-1.512745	470793.795075	4399299.125744	1.530910	0.088325	-1.528360	1543473351.491159	0.595267	0.591114	1.375817
-1.579847	470793.813287	4399298.900646	1.744646	-0.014903	-1.744582	1543473351.602957	0.337190	0.440837	1.366733
-1.545420	470793.809535	4399298.727795	1.747142	0.043702	-1.746595	1543473351.703834	0.294816	0.554991	1.366150
-1.521003	470793.749659	4399298.620970	1.580877	0.077945	-1.578954	1543473351.816978	0.429334	0.564817	1.363835
-1.434149	470793.881941	4399298.473571	1.486242	0.201331	-1.472542	1543473351.888887	0.505927	0.484646	1.362539
-1.503615	470793.914403	4399298.261156	1.468466	0.099185	-1.465113	1543473351.999476	0.666472	0.483499	1.359015
-1.512952	470793.929324	4399298.083751	1.742672	0.101295	-1.739726	1543473352.101092	0.557711	0.481033	1.675501
-1.386234	470793.923100	4399297.935077	1.388097	0.252707	-1.364900	1543473352.205982	0.341544	0.479326	1.676595
-1.469925	470793.946066	4399297.809773	1.298188	0.132415	-1.291417	1543473352.291570	0.367291	0.476147	1.676799
-1.551875	470793.930002	4399297.696512	1.298700	0.025618	-1.298447	1543473352.400361	0.428114	0.445676	1.676451
-1.471159	470793.936287	4399297.575783	1.326592	0.130870	-1.320121	1543473352.500291	0.498017	0.419647	1.664793
-1.506200	470793.954256	4399297.385457	1.741827	0.112783	-1.738172	1543473352.620103	0.443786	0.600825	1.649629
-1.452499	470793.957399	4399297.174436	1.492124	0.175281	-1.481793	1543473352.694928	0.323709	0.550001	1.646006
-1.527943	470793.971376	4399297.014236	1.495065	0.065098	-1.493647	1543473352.800992	0.271035	0.458803	1.658426
-1.477937	470793.976787	4399296.845982	1.413120	0.130303	-1.407100	1543473352.901767	0.436284	0.551133	1.645398
-1.484944	470794.004508	4399296.731641	1.243373	0.106660	-1.238790	1543473353.006787	0.612944	0.420519	1.648511
-1.529789	470793.970294	4399296.505265	1.245157	0.051586	-1.244088	1543473353.092179	0.512543	0.461989	1.621425
-1.430437	470794.106269	4399296.440073	1.204444	0.167368	-1.192759	1543473353.201491	0.371673	0.413016	1.632494
-1.478822	470794.080430	4399296.121853	1.489361	0.137338	-1.483016	1543473353.299978	0.577555	0.463188	1.618888
-1.605679	470794.006572	4399296.168077	1.328473	-0.044572	-1.327725	1543473353.402427	0.342532	0.366057	1.618271
-1.592346	470793.968337	4399296.048584	1.220768	-0.027113	-1.220466	1543473353.497478	0.453631	0.616660	1.619644
-1.553716	470794.029692	4399295.774680	1.294911	0.021072	-1.294739	1543473353.602913	0.638478	0.353511	1.615980
-1.572591	470794.004156	4399295.615850	1.149255	-0.002344	-1.149252	1543473353.703553	0.326558	0.592396	1.602494
-1.525084	470794.044864	4399295.478005	1.136484	0.051408	-1.135320	1543473353.807010	0.379341	0.626294	1.598117
-1.545406	470794.077492	4399295.383793	1.139446	0.029093	-1.139075	1543473353.891266	0.575533	0.414473	1.602625
-1.562962	470794.057624	4399295.123824	1.288546	0.010722	-1.288502	1543473354.005403	0.641954	0.404548	1.577427
-1.518016	470794.113230	4399295.123335	1.254301	0.066195	-1.252553	1543473354.107499	0.634923	0.439436	1.599663
-1.559710	470794.056293	4399294.872568	1.184140	0.014065	-1.184056	1543473354.220781	0.319116	0.525121	1.590108
-1.477165	470794.146895	4399294.676824	1.322232	0.122880	-1.316510	1543473354.289663	0.330110	0.531001	1.569073
-1.481983	470794.109801	4399294.626553	1.282668	0.113957	-1.277595	1543473354.406527	0.282107	0.448620	1.262624
-1.511625	470794.097485	4399294.419169	1.494999	0.088822	-1.492358	1543473354.503681	0.711983	0.409225	1.575460
-1.565211	470794.099065	4399294.396341	1.744927	0.010524	-1.744896	1543473354.637148	0.573456	0.426154	1.571190
-1.541080	470794.137238	4399294.211037	1.248517	0.035863	-1.248002	1543473354.689437	0.373029	0.461731	1.561996
-1.539340	470794.093561	4399294.034733	1.310415	0.041099	-1.309770	1543473354.801646	0.281675	0.500481	1.558275
-1.548836	470794.126691	4399293.832308	1.247371	0.027535	-1.247067	1543473354.899451	0.552967	0.530095	1.558533
-1.546949	470794.110993	4399293.697178	1.246863	0.029698	-1.246509	1543473355.010408	0.711588	0.458870	1.556979
-1.501493	470794.125442	4399293.637019	1.494706	0.102982	-1.491155	1543473355.088697	0.445295	0.315406	1.543704
-1.505797	470794.176726	4399293.524174	1.497235	0.097372	-1.494065	1543473355.201891	0.440858	0.393812	1.550853
-1.464903	470794.157367	4399293.279848	1.493649	0.157386	-1.485334	1543473355.302041	0.204701	0.390363	1.537147
-1.472611	470794.192421	4399293.088989	1.494091	0.146636	-1.486878	1543473355.412611	0.437618	0.510600	1.529161
-1.555668	470794.135335	4399292.981521	1.495829	0.023853	-1.495638	1543473355.491813	0.660413	0.564517	1.526894
-1.542843	470794.149245	4399292.895189	1.365194	0.037861	-1.364669	1543473355.607534	0.664140	0.563715	1.524076
-1.500563	470794.178578	4399292.822843	1.338720	0.093320	-1.335464	1543473355.699878	0.480123	0.577144	1.517824
-1.529843	470794.154801	4399292.592799	1.321473	0.054461	-1.320351	1543473355.819640	0.362122	0.516067	1.509945
-1.550492	470794.175682	4399292.389113	1.352559	0.027720	-1.352275	1543473355.889201	0.418450	0.499152	1.511582
-1.523480	470794.242416	4399292.216125	1.246766	0.058564	-1.245390	1543473356.004799	0.651959	0.473219	1.510478
-1.489307	470794.250609	4399292.133015	1.243765	0.100847	-1.239670	1543473356.102628	0.452171	0.472605	1.488994
-1.418104	470794.285596	4399292.030551	1.482984	0.224908	-1.465831	1543473356.204901	0.525162	0.382153	1.505967
-1.495741	470794.239805	4399291.788134	1.493550	0.113280	-1.489248	1543473356.295264	0.205357	0.393139	1.710991
-1.446649	470794.272449	4399291.637991	1.488655	0.183734	-1.477273	1543473356.401496	0.228720	0.404503	1.721951
-1.499212	470794.261560	4399291.511245	1.493231	0.107445	-1.489360	1543473356.500616	0.417810	0.392623	1.720467
-1.540362	470794.262279	4399291.416813	1.391687	0.042867	-1.391027	1543473356.635980	0.589542	0.540986	1.447459
-1.468240	470794.313546	4399291.371625	1.315333	0.133632	-1.308527	1543473356.690633	0.538721	0.584198	1.450446
-1.488444	470794.287412	4399291.136340	1.377637	0.113552	-1.372949	1543473356.800117	0.372231	0.526980	1.699903
-1.478123	470794.302835	4399290.954548	1.392662	0.128792	-1.386694	1543473356.903432	0.332464	0.524867	1.690158
-1.527331	470794.304216	4399290.780769	1.398331	0.061345	-1.396984	1543473357.009781	0.507720	0.481370	1.695284
-1.474283	470794.349519	4399290.608378	1.490657	0.142900	-1.483792	1543473357.094501	0.511521	0.412304	1.430974
-1.457640	470794.334935	4399290.516775	1.489602	0.167998	-1.480098	1543473357.201604	0.542509	0.521099	1.406340
-1.444178	470794.420086	4399290.398560	1.487873	0.187867	-1.475964	1543473357.301232	0.401907	0.518929	1.688241
-1.529249	470794.364509	4399290.180241	1.460625	0.061916	-1.459312	1543473357.408678	0.152748	0.516991	1.664327
-1.447145	470794.376585	4399290.054111	1.239993	0.151800	-1.230666	1543473357.495146	0.425238	0.509273	1.667935
-1.469637	470794.465326	4399289.893739	1.240826	0.125553	-1.234457	1543473357.600200	0.706338	0.508237	1.400495
-1.468056	470794.394904	4399289.826298	1.240706	0.127286	-1.234159	1543473357.707478	0.604474	0.506529	1.371676
-1.458946	470794.521397	4399289.705931	1.485667	0.165767	-1.476390	1543473357.811337	0.483955	0.565109	1.643223
-1.503903	470794.421399	4399289.495395	1.491637	0.100274	-1.488263	1543473357.890167	0.337927	0.510906	1.635825
-1.508525	470794.441222	4399289.248046	1.464133	0.091121	-1.461295	1543473358.003014	0.513738	0.507919	1.639566
-1.453317	470794.530693	4399289.109774	1.487036	0.173453	-1.476885	1543473358.101027	0.648652	0.505922	1.378069
-1.386824	470794.539598	4399289.006952	1.475272	0.269066	-1.450528	1543473358.220758	0.514625	0.504577	1.376411
-1.403177	470794.573950	4399288.938600	1.452166	0.242700	-1.431742	1543473358.291446	0.446753	0.428468	1.635482
-1.450924	470794.557448	4399288.731739	1.441210	0.173162	-1.430770	1543473358.402797	0.292251	0.496591	1.614243
-1.506059	470794.534565	4399288.534722	1.451151	0.094528	-1.448069	1543473358.500155	0.350973	0.429643	1.598538
-1.473790	470794.618579	4399288.483121	1.496033	0.144250	-1.489062	1543473358.619903	0.516600	0.556418	1.331666
-1.479159	470794.654706	4399288.412245	1.290224	0.118048	-1.284812	1543473358.701837	0.573327	0.636039	1.357784
-1.553227	470794.600121	4399288.184289	1.402505	0.025534	-1.402273	1543473358.802800	0.445619	0.647693	1.333902
-1.485794	470794.723872	4399288.036484	1.388686	0.116910	-1.383756	1543473358.908946	0.357751	0.555489	1.592871
-1.532873	470794.680349	4399287.852139	1.404448	0.053798	-1.403417	1543473359.009034	0.374529	0.587973	1.587845
-1.491831	470794.709253	4399287.680818	1.485636	0.116664	-1.481048	1543473359.105557	0.698028	0.628948	1.339513
-1.434105	470794.779824	4399287.640069	1.233311	0.167334	-1.221907	1543473359.201133	0.678968	0.490346	1.338733
-1.499072	470794.724174	4399287.493164	1.237022	0.089488	-1.233781	1543473359.305920	0.580981	0.486019	1.332196
-1.445459	470794.803982	4399287.325325	1.232452	0.153529	-1.222852	1543473359.406864	0.369083	0.625831	1.575165
-1.403671	470794.866552	4399287.105712	1.472944	0.244567	-1.452498	1543473359.505465	0.350897	0.533563	1.553235
-1.410061	470794.877349	4399286.969600	1.479756	0.237017	-1.460650	1543473359.602641	0.458161	0.526932	1.290969
-1.436222	470794.885206	4399286.846891	1.482385	0.199358	-1.468919	1543473359.704746	0.480730	0.529920	1.307724
-1.408097	470794.919659	4399286.768542	1.434163	0.231926	-1.415286	1543473359.808155	0.604923	0.594552	1.305131
-1.465570	470794.897363	4399286.561360	1.478143	0.155942	-1.469894	1543473359.902928	0.410928	0.677206	1.290897
-1.431891	470794.920252	4399286.347451	1.493209	0.206225	-1.478899	1543473360.001277	0.335379	0.532567	1.532437
-1.452206	470794.955482	4399286.249669	1.486393	0.176090	-1.475925	1543473360.106282	0.549126	0.609145	1.293476
-1.430582	470794.963870	4399286.174662	1.486467	0.207461	-1.471919	1543473360.219109	0.708648	0.487325	1.299253
-1.393600	470795.003655	4399286.000737	1.524414	0.268267	-1.500623	1543473360.302193	0.620188	0.679934	1.291490
-1.405458	470795.046755	4399285.844998	1.549221	0.255225	-1.528053	1543473360.401778	0.418927	0.611644	1.278039
-1.386293	470795.074100	4399285.629004	1.546236	0.283452	-1.520034	1543473360.512176	0.275786	0.598612	1.505044
-1.424533	470795.078790	4399285.520697	1.494125	0.218310	-1.478091	1543473360.604975	0.315790	0.582839	1.264501
-1.386140	470795.162852	4399285.392018	1.477141	0.270669	-1.452130	1543473360.703996	0.443368	0.576511	1.247948
-1.418293	470795.170386	4399285.269996	1.480762	0.225348	-1.463515	1543473360.801069	0.514679	0.707610	1.246120
-1.393126	470795.139298	4399285.189390	1.464835	0.258548	-1.441837	1543473360.906268	0.543192	0.489109	1.250826
-1.418194	470795.181922	4399284.979851	1.482201	0.225652	-1.464923	1543473361.002413	0.456478	0.576458	1.743244
-1.377632	470795.233711	4399284.787957	1.498431	0.287121	-1.470666	1543473361.102098	0.420544	0.650137	1.246597
-1.429604	470795.200746	4399284.683546	1.482228	0.209297	-1.467377	1543473361.198752	0.553565	0.454710	1.511307
-1.356167	470795.272395	4399284.551478	1.431855	0.303968	-1.399219	1543473361.305802	0.542875	0.465250	1.518010
-1.335121	470795.350624	4399284.401765	1.443827	0.336955	-1.403958	1543473361.409399	0.414028	0.462404	1.517637
-1.404124	470795.332522	4399284.206026	1.462169	0.243572	-1.441739	1543473361.502349	0.347482	0.520006	1.505629
-1.463726	470795.340285	4399284.065535	1.471870	0.158053	-1.463360	1543473361.600116	0.314805	0.509303	1.496052
-1.502461	470795.344708	4399283.960005	1.428113	0.097790	-1.424761	1543473361.705563	0.479246	0.639104	1.497373
-1.478133	470795.321736	4399283.840056	1.400282	0.129278	-1.394302	1543473361.806452	0.550449	0.571113	1.492156
-1.489887	470795.342710	4399283.757927	1.462137	0.118701	-1.457311	1543473361.897843	0.599450	0.662193	1.460489
-1.507193	470795.366246	4399283.606555	1.462028	0.093187	-1.459055	1543473361.999514	0.602500	0.633374	1.468753
-1.509604	470795.373566	4399283.311331	1.501794	0.091451	-1.499007	1543473362.113580	0.381159	0.660549	1.470270
-1.473772	470795.371073	4399283.183045	1.241555	0.119290	-1.235811	1543473362.207361	0.425248	0.563029	1.458336
-1.479722	470795.378107	4399283.051557	1.486490	0.135217	-1.480327	1543473362.311293	0.490779	0.564783	1.471521
-1.466655	470795.391465	4399282.887641	1.530954	0.159026	-1.522672	1543473362.399663	0.390086	0.561004	1.470672
-1.483947	470795.458615	4399282.760195	1.502856	0.130589	-1.497171	1543473362.500763	0.331164	0.557933	1.455952
-1.450567	470795.475884	4399282.591169	1.499235	0.179342	-1.488470	1543473362.623236	0.418611	0.552519	1.659105
-1.484835	470795.482299	4399282.436086	1.243194	0.107252	-1.238559	1543473362.700854	0.714553	0.553778	1.416285
-1.491900	470795.450753	4399282.407774	1.241344	0.097914	-1.237477	1543473362.804301	0.612330	0.491296	1.437506
-1.443223	470795.480649	4399282.298838	1.237387	0.156869	-1.227403	1543473362.910650	0.634875	0.559831	1.434508
-1.477543	470795.530008	4399282.117017	1.489241	0.139059	-1.482735	1543473363.006875	0.475813	0.608306	1.422505
-1.487375	470795.482260	4399281.918510	1.348841	0.112532	-1.344139	1543473363.102398	0.356765	0.486211	1.409044
-1.467059	470795.501561	4399281.713814	1.489783	0.153977	-1.481805	1543473363.204922	0.567366	0.604698	1.417082
-1.463564	470795.540238	4399281.584242	1.490635	0.159497	-1.482077	1543473363.307497	0.539775	0.542608	1.421912
-1.469910	470795.544900	4399281.486174	1.490639	0.150257	-1.483047	1543473363.404539	0.618790	0.541993	1.412525
-1.406624	470795.613767	4399281.370615	1.482853	0.241535	-1.463049	1543473363.502048	0.611515	0.531212	1.411495
-1.395784	470795.654564	4399281.107055	1.302066	0.226700	-1.282179	1543473363.600813	0.310458	0.634105	1.387917
-1.436128	470795.701702	4399281.020309	1.239562	0.167059	-1.228253	1543473363.707284	0.424806	0.647218	1.384550
-1.477127	470795.635590	4399280.852269	1.241753	0.116577	-1.236269	1543473363.803249	0.565554	0.556303	1.383172
-1.458763	470795.665994	4399280.755272	1.240675	0.138360	-1.232936	1543473363.901923	0.563517	0.548746	1.380142
-1.462770	470795.691362	4399280.609034	1.490545	0.160665	-1.481861	1543473364.001391	0.542082	0.584399	1.559339
-1.431955	470795.736086	4399280.447100	1.490194	0.205770	-1.475919	1543473364.105855	0.405674	0.639176	1.559643
-1.437665	470795.695641	4399280.251230	1.490729	0.198013	-1.477519	1543473364.206758	0.422360	0.520719	1.562755
-1.520865	470795.749417	4399280.129411	1.496468	0.075861	-1.494544	1543473364.300161	0.647223	0.640674	1.568733
-1.431797	470795.745752	4399280.009505	1.358270	0.186851	-1.345356	1543473364.403228	0.663741	0.556031	1.563518
-1.457611	470795.746320	4399279.778748	1.288358	0.145800	-1.280082	1543473364.508199	0.257627	0.572209	1.534215
-1.428118	470795.819656	4399279.690879	1.288769	0.183007	-1.275710	1543473364.608562	0.403185	0.557502	1.532476
-1.414394	470795.861880	4399279.538554	1.274321	0.198418	-1.258779	1543473364.706353	0.421404	0.621397	1.533987
-1.430431	470795.849806	4399279.441801	1.285721	0.180136	-1.273039	1543473364.801006	0.497134	0.629594	1.532093
-1.421063	470795.866995	4399279.281628	1.324237	0.197434	-1.309436	1543473364.908866	0.531611	0.491140	1.531948
-1.482880	470795.841315	4399279.120983	1.246877	0.110224	-1.241996	1543473365.003269	0.561338	0.557729	1.498469
-1.471379	470795.901354	4399278.987767	1.244828	0.123353	-1.238701	1543473365.104948	0.541624	0.574188	1.507493
-1.463076	470795.885428	4399278.830941	1.244431	0.133662	-1.237232	1543473365.206538	0.549240	0.626640	1.509304
-1.492913	470795.883793	4399278.616716	1.485346	0.115902	-1.480817	1543473365.304042	0.496971	0.668431	1.503403
-1.472392	470795.885968	4399278.520992	1.497724	0.146862	-1.490506	1543473365.402420	0.590887	0.545328	1.504118
-1.438950	470795.928513	4399278.324624	1.510351	0.198070	-1.497307	1543473365.506709	0.458963	0.501940	1.502737
-1.467690	470795.966289	4399278.144054	1.525168	0.157426	-1.517022	1543473365.601856	0.299420	0.549188	1.504908
-1.414313	470796.027878	4399278.032214	1.504549	0.233766	-1.486277	1543473365.707246	0.404680	0.558463	1.484347
-1.482360	470795.980845	4399277.909292	1.494046	0.132963	-1.488118	1543473365.803883	0.506726	0.531291	1.468965
-1.466388	470796.031138	4399277.831966	1.492057	0.155247	-1.483959	1543473365.910717	0.662449	0.546974	1.444995
-1.473512	470796.047663	4399277.646267	1.492728	0.145003	-1.485669	1543473366.006125	0.599686	0.642447	1.470580
-1.508545	470796.053718	4399277.478069	1.488026	0.092992	-1.485117	1543473366.102682	0.548046	0.645345	1.463964
-1.501345	470796.037778	4399277.329838	1.495531	0.103607	-1.491938	1543473366.206124	0.534323	0.588191	1.448858
-1.523157	470796.020188	4399277.143265	1.477864	0.070611	-1.476176	1543473366.309788	0.454860	0.638330	1.441004
-1.531625	470796.028514	4399277.080335	1.246709	0.048894	-1.245749	1543473366.420495	0.627626	0.520283	1.444149
-1.506344	470796.057115	4399276.835375	1.493432	0.095849	-1.490353	1543473366.505874	0.442382	0.596098	1.428266
-1.523274	470796.065715	4399276.820997	1.522040	0.072525	-1.520311	1543473366.609367	0.709170	0.578358	1.600308
-1.473118	470796.105869	4399276.640756	1.541156	0.149615	-1.533876	1543473366.712278	0.586107	0.626795	1.600811
-1.498950	470796.093768	4399276.389350	1.495335	0.107798	-1.491444	1543473366.819020	0.408924	0.572458	1.603232
-1.558580	470796.074469	4399276.309622	1.741286	0.022163	-1.741145	1543473366.902904	0.607724	0.609198	1.606312
-1.528576	470796.087058	4399276.185199	1.746897	0.073156	-1.745365	1543473367.002267	0.609241	0.498176	1.607989
-1.565651	470796.087119	4399275.982578	1.746791	0.009492	-1.746765	1543473367.109424	0.565193	0.624242	1.608555
-1.547011	470796.082293	4399275.822414	1.320365	0.031005	-1.320001	1543473367.220835	0.466174	0.621883	1.578646
-1.469446	470796.145246	4399275.635984	1.312619	0.131868	-1.305979	1543473367.306384	0.418867	0.560654	1.584143
-1.501500	470796.161142	4399275.453791	1.334492	0.092934	-1.331252	1543473367.410893	0.596809	0.677740	1.578012
-1.502017	470796.169811	4399275.404878	1.296353	0.089199	-1.293280	1543473367.511649	0.735364	0.684159	1.583250
-1.472964	470796.168254	4399275.311648	1.741150	0.169727	-1.732858	1543473367.622775	0.699093	0.691804	1.582937
-1.489677	470796.167929	4399275.125107	1.747304	0.141897	-1.741533	1543473367.705364	0.601918	0.663038	1.577687
-1.482515	470796.202233	4399274.868814	1.497034	0.131887	-1.491213	1543473367.803684	0.364804	0.628119	1.547549
-1.487446	470796.228110	4399274.724272	1.380717	0.115023	-1.375917	1543473367.917951	0.446823	0.663025	1.540894
-1.500317	470796.234453	4399274.650110	1.246763	0.087932	-1.243659	1543473368.005996	0.511555	0.570523	1.540118
-1.544061	470796.177793	4399274.518596	1.246827	0.033791	-1.246369	1543473368.100332	0.584726	0.643099	1.538706
-1.543525	470796.209975	4399274.291951	1.447571	0.039404	-1.447034	1543473368.215273	0.499426	0.629447	1.527427
-1.537236	470796.167197	4399274.133032	1.495721	0.050006	-1.494885	1543473368.306660	0.440419	0.654927	1.506404
-1.532843	470796.207701	4399273.964155	1.248010	0.047270	-1.247114	1543473368.416589	0.478772	0.567270	1.506185
-1.521822	470796.205226	4399273.861068	1.244991	0.060827	-1.243504	1543473368.500875	0.564254	0.643442	1.630664
-1.525712	470796.240369	4399273.879013	1.494931	0.067472	-1.493408	1543473368.607403	0.789381	0.604100	1.637381
-1.530473	470796.222938	4399273.726721	1.745277	0.070472	-1.743853	1543473368.711644	0.700203	0.594456	1.637668
-1.516826	470796.267840	4399273.446287	1.500010	0.080687	-1.497838	1543473368.808085	0.505836	0.663499	1.636946
-1.507223	470796.277255	4399273.289985	1.497329	0.094995	-1.494312	1543473368.905898	0.465217	0.658279	1.638274
-1.637168	470796.233523	4399273.227711	1.378218	-0.089731	-1.375294	1543473369.009344	0.615236	0.665321	1.643225
-1.548629	470796.232115	4399273.101396	1.484934	0.031618	-1.484597	1543473369.114867	0.705650	0.624690	1.629046
-1.594571	470796.218345	4399272.818596	1.556071	-0.036460	-1.555644	1543473369.213475	0.370631	0.664003	1.584664
-1.566974	470796.213340	4399272.702142	1.531059	0.005508	-1.531049	1543473369.302116	0.546434	0.608989	1.607456
-1.575172	470796.201679	4399272.520811	1.250886	-0.005387	-1.250875	1543473369.405575	0.523733	0.643704	1.590443
-1.573141	470796.210897	4399272.412211	1.250058	-0.002995	-1.250054	1543473369.508255	0.704818	0.635298	1.593961
-1.556075	470796.240674	4399272.255600	1.496248	0.021834	-1.496089	1543473369.613083	0.803720	0.590730	1.544869
-1.545821	470796.251430	4399272.114774	1.512281	0.037294	-1.511821	1543473369.700105	0.594554	0.590443	1.595863
-1.517534	470796.274946	4399271.970748	1.508596	0.079971	-1.506475	1543473369.806967	0.522640	0.611907	1.574496
-1.532951	470796.291162	4399271.826332	1.528175	0.058133	-1.527069	1543473369.911517	0.487111	0.633760	1.554486
-1.525482	470796.300632	4399271.674906	1.511817	0.068834	-1.510249	1543473370.015447	0.508605	0.630984	1.553351
-1.548908	470796.251431	4399271.541246	1.561834	0.034531	-1.561452	1543473370.103824	0.673778	0.621390	1.551999
-1.536133	470796.266595	4399271.423802	1.560657	0.053875	-1.559726	1543473370.205545	0.549100	0.605143	1.548560
-1.577506	470796.264242	4399271.205889	1.576237	-0.010020	-1.576205	1543473370.309747	0.452626	0.586370	1.650420
-1.566289	470796.258248	4399271.000120	1.251012	0.005366	-1.251000	1543473370.419578	0.430782	0.613795	1.654916
-1.573081	470796.264905	4399270.893471	1.248319	-0.002885	-1.248315	1543473370.504298	0.526570	0.609599	1.656268
-1.509454	470796.285949	4399270.806758	1.249103	0.075881	-1.246796	1543473370.604334	0.626583	0.658502	1.658203
-1.570952	470796.270500	4399270.702941	1.559497	0.000606	-1.559496	1543473370.710539	0.832289	0.583691	1.656121
-1.532649	470796.265107	4399270.475005	1.523295	0.057622	-1.522205	1543473370.810775	0.454846	0.617360	1.641255
-1.539002	470796.275992	4399270.199504	1.501018	0.047798	-1.500256	1543473370.908731	0.804055	0.620563	1.619819
-1.571917	470796.274858	4399270.205124	1.539362	-0.001249	-1.539362	1543473371.004501	0.442642	0.628589	1.614177
-1.565742	470796.282220	4399270.109010	1.498894	0.007431	-1.498875	1543473371.103796	0.611116	0.637450	1.624321
-1.591852	470796.286911	4399269.979438	1.612159	-0.033647	-1.611807	1543473371.205652	0.656909	0.570996	1.601593
-1.594703	470796.264864	4399269.807168	1.589847	-0.038040	-1.589392	1543473371.305490	0.559662	0.658118	1.576263
-1.607564	470796.233640	4399269.555110	1.539059	-0.056461	-1.538023	1543473371.412722	0.471370	0.612176	1.574505
-1.595244	470796.221609	4399269.253019	1.592068	-0.039168	-1.591586	1543473371.506968	0.727358	0.641664	1.672499
-1.582586	470796.263408	4399269.205276	1.496657	-0.017837	-1.496550	1543473371.610775	0.747413	0.554211	1.675175
-1.590306	470796.264519	4399268.392258	1.269695	-0.025033	-1.269448	1543473372.204916	0.756753	0.616274	1.619169
-1.577445	470796.233073	4399268.226311	1.518667	-0.010728	-1.518629	1543473372.306929	0.426612	0.637252	1.623461
-1.613753	470796.217195	4399268.055593	1.522779	-0.064403	-1.521416	1543473372.430192	0.341620	0.617119	1.600352
-1.634378	470796.189375	4399267.813291	1.522950	-0.096493	-1.519890	1543473372.500565	0.595514	0.648757	1.572988
-1.610687	470796.207268	4399267.706576	1.520860	-0.061056	-1.519634	1543473372.605523	0.655969	0.630744	1.554282
-1.585691	470796.223039	4399267.657061	1.430201	-0.022122	-1.430030	1543473372.699964	0.764458	0.621853	1.689350
-1.586276	470796.231943	4399267.493155	1.411759	-0.021854	-1.411590	1543473372.809400	0.510753	0.620525	1.692307
-1.560923	470796.249300	4399267.329770	1.388843	0.013436	-1.388778	1543473372.903867	0.397185	0.627284	1.691833
-1.609288	470796.218281	4399267.104905	1.366275	-0.051943	-1.365287	1543473373.004029	0.594972	0.633369	1.695772
-1.625687	470796.198016	4399267.002564	1.361065	-0.074482	-1.359026	1543473373.105925	0.736567	0.697641	1.696849
-1.614723	470796.194887	4399266.833743	1.378272	-0.060757	-1.376933	1543473373.211233	0.957319	0.647765	1.696099
-1.606936	470796.214077	4399266.767716	1.340226	-0.048544	-1.339346	1543473373.306103	0.579790	0.619878	1.645403
-1.663555	470796.162312	4399266.578631	1.416580	-0.130513	-1.410555	1543473373.405132	0.392990	0.596149	1.649876
-1.602802	470796.174241	4399266.371514	1.517982	-0.049401	-1.517178	1543473373.514425	0.596283	0.577730	1.639622
-1.614077	470796.167000	4399266.253366	1.519703	-0.065593	-1.518287	1543473373.623756	0.715264	0.560719	1.655422
-1.581056	470796.171111	4399266.110725	1.514624	-0.015938	-1.514540	1543473373.704246	0.664088	0.621141	1.666513
-1.568239	470796.221747	4399265.998077	1.469546	0.003647	-1.469542	1543473373.804340	0.575577	0.573923	1.631190
-1.585969	470796.192975	4399265.812854	1.514208	-0.022639	-1.514039	1543473373.906084	0.371644	0.638370	1.603548
-1.568449	470796.200129	4399265.606655	1.527881	0.003366	-1.527878	1543473374.018532	0.465067	0.594166	1.701224
-1.581619	470796.176860	4399265.423225	1.533289	-0.016433	-1.533201	1543473374.106149	0.781266	0.612417	1.709145
-1.584376	470796.165353	4399265.397277	1.515190	-0.020544	-1.515050	1543473374.204973	0.681341	0.646579	1.540012
-1.589370	470796.167338	4399265.245981	1.497204	-0.027762	-1.496946	1543473374.314234	0.621011	0.663314	1.711352
-1.608074	470796.152636	4399265.072735	1.414093	-0.052471	-1.413120	1543473374.426215	0.400054	0.634990	1.715543
-1.637192	470796.130151	4399264.874740	1.380933	-0.091296	-1.377912	1543473374.506307	0.421980	0.557391	1.716289
-1.572977	470796.151612	4399264.706002	1.439162	-0.003995	-1.439157	1543473374.605245	0.557012	0.550412	1.689887
-1.564461	470796.188149	4399264.612642	1.475193	0.009279	-1.475164	1543473374.714175	0.627222	0.565065	1.528922
-1.530743	470796.178394	4399264.448154	1.502985	0.059850	-1.501793	1543473374.816350	0.607694	0.648181	1.464690
-1.507961	470796.210681	4399264.271963	1.465441	0.091862	-1.462559	1543473374.910138	0.419634	0.616441	1.645814
-1.520192	470796.226182	4399264.075331	1.511669	0.076751	-1.509719	1543473375.022646	0.427765	0.567542	1.717584
-1.517637	470796.234504	4399263.963823	1.531279	0.081353	-1.529116	1543473375.105792	0.539772	0.621701	1.722930
-1.489238	470796.223729	4399263.927374	1.536534	0.124784	-1.531459	1543473375.220625	0.745714	0.587284	1.564081
-1.540908	470796.218834	4399263.736960	1.503698	0.045703	-1.503003	1543473375.301966	0.643163	0.646484	1.565894
-1.591007	470796.195739	4399263.609041	1.480686	-0.028751	-1.480407	1543473375.404296	0.547275	0.661217	1.728138
-1.599799	470796.191330	4399263.458606	1.470044	-0.042211	-1.469438	1543473375.508648	0.671324	0.633919	1.728018
-1.738851	470796.216415	4399263.255351	1.243898	0.044362	-1.243106	1543473375.615791	0.564472	0.633159	1.549863
-1.463300	470796.260955	4399263.073132	1.242149	0.071980	-1.240061	1543473375.703034	0.608856	0.600708	1.587689
-1.487178	470796.232435	4399263.055132	1.523353	0.099297	-1.520113	1543473375.805622	0.905695	0.595062	1.591081
-1.538584	470796.279759	4399262.992356	1.739972	0.159538	-1.732643	1543473375.902815	0.824345	0.643864	1.595660
-1.533916	470796.295006	4399262.732189	1.742488	0.134140	-1.737317	1543473376.020865	0.739500	0.654616	1.746209
-1.416750	470796.302019	4399262.481029	1.497124	0.103709	-1.493527	1543473376.108025	0.552342	0.661195	1.598900
-1.462048	470796.288625	4399262.424926	1.408158	0.090825	-1.405226	1543473376.204074	0.656110	0.628700	1.602837
-1.449070	470796.273656	4399262.284009	1.304014	0.102891	-1.299948	1543473376.308200	0.875908	0.624541	1.592618
-1.451555	470796.268387	4399262.186355	1.738888	0.093578	-1.736368	1543473376.425356	0.809835	0.655282	1.603678
-1.518190	470796.271551	4399261.952477	1.743211	0.092915	-1.740733	1543473376.502828	0.656853	0.682652	1.759418
-1.437532	470796.304159	4399261.706559	1.497025	0.092651	-1.494155	1543473376.605533	0.475497	0.615617	1.617064
-1.529138	470796.296708	4399261.613877	1.450083	0.093646	-1.447056	1543473376.707617	0.621750	0.621958	1.619491
-1.561563	470796.337684	4399261.443296	1.477825	0.069847	-1.476174	1543473376.824330	0.816099	0.584230	1.620263
-1.468520	470796.332364	4399261.338167	1.741120	0.053367	-1.740302	1543473376.904691	0.682137	0.626875	1.625124
-1.483855	470796.325767	4399261.149696	1.744558	0.076870	-1.742863	1543473377.002613	0.610958	0.598120	1.633040
-1.712328	470796.343422	4399260.868297	1.745884	0.072326	-1.744385	1543473377.110430	0.572125	0.643828	1.635167
-1.512776	470796.332038	4399260.679515	1.392737	0.004746	-1.392729	1543473377.205853	0.808912	0.662892	1.643573
-1.526206	470796.305277	4399260.693221	1.382918	-0.013244	-1.382854	1543473377.299815	0.767941	0.642575	1.642967
-1.520424	470796.290922	4399260.512561	1.362812	0.011050	-1.362767	1543473377.401167	0.647386	0.620276	1.639383
-1.465900	470796.287373	4399260.434647	1.358333	-0.003593	-1.358328	1543473377.511853	0.701517	0.637575	1.643552
-1.500838	470796.333659	4399260.111110	1.741117	0.037000	-1.740723	1543473377.608425	0.471383	0.626408	1.651774
-1.506881	470796.336490	4399259.917608	1.742417	-0.002672	-1.742415	1543473377.711726	0.847387	0.597272	1.660023
-1.554872	470796.327930	4399259.889558	1.745630	0.052051	-1.744854	1543473377.826949	0.771504	0.623639	1.659650
-1.558447	470796.329527	4399259.699807	1.744702	0.043975	-1.744148	1543473377.906823	0.691330	0.597722	1.658108
-1.545952	470796.348831	4399259.543030	1.420481	0.035370	-1.420040	1543473378.021117	0.393736	0.631955	1.661662
-1.512285	470796.373556	4399259.366181	1.453631	0.039651	-1.453090	1543473378.105323	0.415699	0.627516	1.666381
-1.422727	470796.353661	4399259.274532	1.435843	0.064641	-1.434387	1543473378.203394	0.581210	0.638424	1.669560
-1.514710	470796.328127	4399259.160782	1.404979	0.068561	-1.403305	1543473378.308738	0.704818	0.710990	1.677135
-1.477115	470796.314500	4399259.007061	1.338561	0.081887	-1.336054	1543473378.419023	0.649599	0.688439	1.677080
-1.726989	470796.314150	4399258.795184	1.334759	-0.009275	-1.334727	1543473378.502851	0.502428	0.639191	1.677081
-1.959546	470796.330274	4399258.563830	1.475607	0.005845	-1.475595	1543473378.603739	0.524915	0.585390	1.688563
-1.525588	470796.329649	4399258.439599	1.465532	0.025297	-1.465313	1543473378.708399	0.633549	0.629514	1.689566
-1.550870	470796.338594	4399258.252694	1.494109	-0.017628	-1.494005	1543473378.821660	0.771493	0.637282	1.694517
-1.457709	470796.328809	4399258.228268	1.502588	-0.000678	-1.502588	1543473378.899992	0.744503	0.624138	1.696828
-1.408320	470796.355031	4399258.062093	1.543804	0.067192	-1.542341	1543473378.999699	0.578432	0.639930	1.698485
-1.428175	470796.356359	4399257.840419	1.488568	0.103714	-1.484950	1543473379.105992	0.402483	0.638442	1.700001
-1.498005	470796.345976	4399257.744709	1.484958	0.105488	-1.481206	1543473379.223160	0.490008	0.653261	1.700936
-1.583455	470796.341279	4399257.655541	1.493673	0.041621	-1.493093	1543473379.305534	0.802897	0.667134	1.706738
-1.514891	470796.314228	4399257.689703	1.494157	0.048303	-1.493376	1543473379.400720	1.008816	0.650934	1.706624
-1.572385	470796.314964	4399257.482536	1.479628	0.032843	-1.479264	1543473379.507797	0.892839	0.650511	1.709010
-1.483968	470796.324948	4399257.225838	1.464602	0.059625	-1.463387	1543473379.608433	0.657916	0.621130	1.717672
-1.641975	470796.315436	4399256.960587	1.511190	0.032526	-1.510840	1543473379.716414	0.535754	0.624062	1.719627
-1.424747	470796.328777	4399256.805316	1.249394	0.036191	-1.248870	1543473379.804956	0.731865	0.658572	1.719277
-1.493414	470796.328631	4399256.761891	1.505449	0.057121	-1.504365	1543473379.916676	0.785983	0.618273	1.719272
-1.498868	470796.338329	4399256.636272	1.558616	0.077256	-1.556700	1543473380.018074	0.688464	0.646409	1.606290
-1.986357	470796.347599	4399256.395501	1.757104	0.068318	-1.755776	1543473380.114981	0.505291	0.659174	1.634390
-1.889286	470796.346632	4399256.218684	1.512719	0.049149	-1.511920	1543473380.204994	0.459704	0.672963	1.728755
-1.563829	470796.344199	4399256.120993	1.424167	0.037486	-1.423674	1543473380.314449	0.712488	0.672522	1.732872
-1.473099	470796.347508	4399256.008505	1.415708	0.008581	-1.415682	1543473380.417480	0.682515	0.664396	1.736072
-1.423268	470796.304510	4399255.889741	1.464994	-0.005515	-1.464983	1543473380.517138	0.681603	0.613412	1.669897
-1.498978	470796.321139	4399255.670288	1.496199	0.031953	-1.495857	1543473380.608090	0.577635	0.629056	1.675446
-1.488322	470796.313378	4399255.512221	1.545718	0.063787	-1.544401	1543473380.717534	0.477478	0.649919	1.743830
-1.531742	470796.323366	4399255.292374	1.541730	0.062966	-1.540444	1543473380.812195	0.617965	0.604728	1.747507
-1.839014	470796.338277	4399255.122735	1.522189	0.096888	-1.519102	1543473380.911608	0.706604	0.617906	1.682982
-1.575592	470796.349370	4399255.042463	1.507538	0.063898	-1.506183	1543473381.002395	0.619397	0.616941	1.685750
-1.547189	470796.356600	4399254.908219	1.507317	0.072985	-1.505549	1543473381.116902	0.451160	0.643775	1.598564
-1.280089	470796.381825	4399254.767328	1.755807	0.063966	-1.754642	1543473381.209531	0.393677	0.654680	1.699796
-1.354016	470796.347589	4399254.676675	1.760716	0.058172	-1.759755	1543473381.314747	0.621169	0.668225	1.764698
-1.419343	470796.319455	4399254.553951	1.445449	0.050728	-1.444558	1543473381.400167	0.829942	0.661647	1.709426
-1.584464	470796.319806	4399254.321070	1.478880	-0.034952	-1.478467	1543473381.515626	0.838737	0.700885	1.722523
-1.571832	470796.312349	4399254.268561	1.462027	-0.031898	-1.461679	1543473381.624256	0.573511	0.681542	1.722330
-1.681429	470796.328701	4399254.000997	1.491743	-0.037825	-1.491263	1543473381.713486	0.435394	0.647082	1.667108
-1.724005	470796.329947	4399253.861198	1.245659	-0.022858	-1.245449	1543473381.800299	0.485863	0.606444	1.733003
-1.256880	470796.340890	4399253.702306	1.245501	0.021727	-1.245311	1543473381.913002	0.635992	0.625441	1.683411
-1.621409	470796.357086	4399253.597474	1.244236	-0.004413	-1.244228	1543473382.005903	0.549083	0.569663	1.687532
-1.767088	470796.373143	4399253.459489	1.247613	0.048947	-1.246652	1543473382.113554	0.524909	0.581939	1.683681
-1.631300	470796.368388	4399253.315236	1.493535	0.018765	-1.493417	1543473382.200444	0.484448	0.626694	1.745744
-1.611340	470796.356191	4399253.112765	1.494028	-0.007623	-1.494009	1543473382.312287	0.481686	0.634500	1.752133
-1.646631	470796.328901	4399252.965506	1.494095	-0.013412	-1.494035	1543473382.413462	0.828842	0.683354	1.708307
-1.590695	470796.319046	4399253.009422	1.488414	-0.044754	-1.487741	1543473382.515279	0.887551	0.662531	1.653180
-1.426419	470796.316427	4399252.723810	1.458118	0.015545	-1.458036	1543473382.608367	0.552292	0.606313	1.719634
-1.519831	470796.294734	4399252.614288	1.414031	0.033093	-1.413643	1543473382.712349	0.603988	0.623905	1.723695
-1.488847	470796.272854	4399252.432997	1.465634	-0.016901	-1.465536	1543473382.808650	0.590479	0.618589	1.726390
-1.655006	470796.267151	4399252.201080	1.489336	-0.025754	-1.489113	1543473382.916778	0.676059	0.592037	1.725431
-1.693905	470796.266507	4399252.122800	1.500635	-0.035993	-1.500203	1543473383.004205	0.759161	0.598858	1.682028
-1.604123	470796.285102	4399252.089800	1.514454	-0.013413	-1.514395	1543473383.112158	0.736587	0.584052	1.688377
-1.662106	470796.267207	4399251.831184	1.517262	-0.048001	-1.516502	1543473383.209289	0.497031	0.606062	1.742282
-1.498987	470796.263115	4399251.635844	1.431073	-0.070888	-1.429316	1543473383.314873	0.362977	0.598349	1.749871
-1.539955	470796.215462	4399251.441569	1.407121	-0.118838	-1.402093	1543473383.412801	0.714409	0.674021	1.710289
-1.498371	470796.196451	4399251.366716	1.274251	-0.116718	-1.268894	1543473383.514560	0.717073	0.609439	1.714758
-1.748954	470796.178122	4399251.276219	1.274216	-0.162477	-1.263815	1543473383.608896	0.680095	0.650544	1.727993
-2.060785	470796.176580	4399251.140648	1.472596	-0.163235	-1.463521	1543473383.716002	0.573634	0.596127	1.731707
-2.023089	470796.115880	4399250.885857	1.519073	-0.185479	-1.507707	1543473383.806839	0.448616	0.558038	1.717392
-1.847801	470796.094606	4399250.740462	1.276117	-0.170888	-1.264623	1543473383.914501	0.572173	0.594699	1.723008
-1.437746	470796.123361	4399250.556419	1.272193	-0.141270	-1.264325	1543473384.023651	0.891068	0.623168	1.697781
-1.512255	470796.107973	4399250.702330	1.272060	-0.093871	-1.268592	1543473384.111181	1.007032	0.629519	1.701911
-1.650013	470796.125394	4399250.412463	1.517258	-0.113778	-1.512986	1543473384.208610	0.550878	0.614043	1.704936
-1.595780	470796.112182	4399250.192277	1.518170	-0.094752	-1.515210	1543473384.315438	0.441825	0.611935	1.784809
-1.530370	470796.094165	4399249.970537	1.471483	-0.097624	-1.468241	1543473384.425601	0.675081	0.630949	1.754501
-1.609595	470796.043553	4399249.816094	1.273890	-0.156919	-1.264188	1543473384.512751	0.916320	0.657663	1.734462
-1.613603	470796.034566	4399249.883520	1.273612	-0.172049	-1.261938	1543473384.603533	0.828074	0.638260	1.695482
-1.932232	470796.033386	4399249.631921	1.272194	-0.157841	-1.262364	1543473384.711148	0.540447	0.638428	1.705156
-1.474273	470795.999998	4399249.425232	1.030331	-0.119595	-1.023366	1543473384.818433	0.343141	0.600912	1.745031
-1.618526	470795.975228	4399249.283330	1.026363	-0.098463	-1.021630	1543473384.913316	0.532094	0.626726	1.749298
-1.555398	470795.983527	4399249.088348	1.022926	-0.065709	-1.020814	1543473385.001621	0.829336	0.628921	1.714999
-1.537461	470795.976013	4399249.141008	1.361403	-0.123791	-1.355763	1543473385.114398	0.792750	0.623563	1.762606
-1.556486	470795.974442	4399249.015175	1.381356	-0.063978	-1.379873	1543473385.210170	0.670908	0.614576	1.774872
-1.772949	470795.968158	4399248.737748	1.368473	-0.083724	-1.365910	1543473385.315981	0.415073	0.605883	1.734836
-1.628880	470795.964490	4399248.653806	1.366307	-0.067914	-1.364618	1543473385.411805	0.539836	0.646701	1.744231
-1.553846	470795.937405	4399248.577245	1.338988	-0.113995	-1.334127	1543473385.519796	0.888647	0.649898	1.721484
-1.336866	470795.932809	4399248.370573	1.408810	-0.073072	-1.406914	1543473385.627488	0.776798	0.608100	1.691472
-1.446829	470795.902161	4399248.338076	1.367180	-0.061651	-1.365790	1543473385.713197	0.712505	0.623536	1.694361
-0.810919	470795.921252	4399248.069570	1.434148	-0.111562	-1.429802	1543473385.812547	0.527068	0.513613	1.738205
-1.931974	470795.871090	4399247.930500	1.471714	-0.109162	-1.467660	1543473385.914056	0.468294	0.640126	1.746593
-1.544448	470795.904544	4399247.748482	1.032274	-0.043584	-1.031354	1543473386.029857	0.864900	0.624697	1.722357
-1.462295	470795.910060	4399247.630988	1.025573	-0.030559	-1.025117	1543473386.116769	0.935342	0.627293	1.706373
-1.489655	470795.912973	4399247.671406	1.325712	0.004796	-1.325704	1543473386.216429	0.911785	0.612729	1.711097
-1.229754	470795.910657	4399247.425120	1.407970	0.005630	-1.407959	1543473386.313432	0.553617	0.638801	1.748276
-1.486592	470795.947293	4399247.234904	1.360047	0.029251	-1.359733	1543473386.427641	0.426115	0.625063	1.753729
-1.246385	470795.957127	4399247.080931	1.342001	0.040763	-1.341381	1543473386.515366	0.557452	0.627719	1.716109
-1.391398	470795.914460	4399247.066686	1.320061	0.057736	-1.318798	1543473386.612235	0.878681	0.642039	1.693775
-1.580506	470795.916310	4399247.031932	1.323110	0.045249	-1.322336	1543473386.713435	0.927372	0.689297	1.704628
-1.602142	470795.938690	4399246.805548	1.517421	0.019118	-1.517301	1543473386.827799	0.648363	0.646692	1.710500
-1.555140	470795.961954	4399246.529855	1.519615	0.020111	-1.519482	1543473386.918252	0.384275	0.605670	1.603377
-1.475326	470795.987423	4399246.385676	1.514776	0.061239	-1.513538	1543473387.020276	0.463253	0.609388	1.417717
-1.285110	470795.999238	4399246.305836	1.393604	0.132951	-1.387248	1543473387.118341	0.596700	0.633707	1.426203
-1.545697	470796.055461	4399246.129917	1.750294	0.125428	-1.745794	1543473387.232535	0.604292	0.572176	1.401898
-0.971994	470796.064286	4399246.015029	1.750396	0.228924	-1.735362	1543473387.317677	0.457800	0.653896	1.342549
-1.629765	470796.127494	4399245.892335	1.746041	0.307523	-1.718746	1543473387.413422	0.465193	0.598792	1.174765
-1.654179	470796.158766	4399245.790816	1.260463	0.260084	-1.233338	1543473387.515830	0.516106	0.652868	1.151991
-1.647317	470796.169128	4399245.634574	1.978624	0.402896	-1.937170	1543473387.628330	0.385302	0.680741	1.096672
-1.674283	470796.153149	4399245.510269	1.992441	0.348638	-1.961702	1543473387.714883	0.461457	0.742358	1.004931
-1.717890	470796.181596	4399245.362569	1.998521	0.288186	-1.977633	1543473387.803131	0.447647	0.698953	1.012023
-1.788851	470796.205883	4399245.287978	2.000734	0.249356	-1.985135	1543473387.913254	0.515144	0.630137	1.008818
-1.733165	470796.231263	4399245.170047	1.164665	0.152350	-1.154657	1543473388.010528	0.539703	0.608695	0.963335
-1.445791	470796.258985	4399245.056593	1.104730	0.180131	-1.089946	1543473388.120308	0.564851	0.617596	0.903709
-1.346318	470796.310303	4399244.902312	1.079657	0.221490	-1.056694	1543473388.204619	0.418375	0.608665	0.905979
-1.151034	470796.296924	4399244.970171	1.060555	0.256577	-1.029050	1543473388.312720	0.617333	0.613250	0.815623
-1.451528	470796.427823	4399244.787805	1.029085	0.229432	-1.003184	1543473388.407390	0.584058	0.734831	0.815133
-1.367170	470796.426765	4399244.711757	0.965641	0.211117	-0.942281	1543473388.514390	0.880496	0.669140	0.801648
-1.354800	470796.423054	4399244.632696	0.957673	0.208110	-0.934788	1543473388.605812	0.342731	0.647047	0.772871
-1.018510	470796.499892	4399244.505192	0.983647	0.298147	-0.937374	1543473388.711536	0.658638	0.667065	0.685973
-1.151603	470796.519485	4399244.388084	1.004558	0.331008	-0.948457	1543473388.820977	0.635302	0.655624	0.943561
-1.222043	470796.552541	4399244.411661	1.007045	0.335231	-0.949610	1543473388.918871	0.442592	0.694666	0.559490
-1.249049	470796.500301	4399244.384164	0.913923	0.302056	-0.862564	1543473389.006868	0.497873	0.551806	0.870822
-1.139226	470796.568668	4399244.347726	0.669049	0.220969	-0.631505	1543473389.117663	0.548133	0.604481	0.830028
-1.329283	470796.578049	4399244.304595	0.544142	0.179596	-0.513649	1543473389.210570	0.612700	0.336955	0.592436
-1.330134	470796.615020	4399244.328559	0.457590	0.151236	-0.431875	1543473389.310457	0.588393	0.290392	0.857880
-1.392834	470796.616079	4399244.350610	0.364235	0.120375	-0.343769	1543473389.401022	0.739738	0.240500	0.875073
-1.330130	470796.708192	4399244.457489	0.300046	0.099156	-0.283188	1543473389.512745	0.579443	0.483367	0.873094
-1.339352	470796.638435	4399244.450910	0.231092	0.076367	-0.218109	1543473389.604284	0.543428	0.274234	0.899679
-1.352764	470796.613299	4399244.495808	0.185945	0.064948	-0.174233	1543473389.711275	0.602093	0.316216	0.900538
-1.280891	470796.686417	4399244.528301	0.169086	0.056963	-0.159202	1543473389.803875	0.661132	0.455023	0.903837
-1.344132	470796.699499	4399244.499493	0.000000	0.000000	0.000000	1543473389.912396	0.625217	0.507492	0.924447
-1.347375	470796.676564	4399244.505544	0.000000	0.000000	0.000000	1543473390.024690	0.686017	0.577726	0.930187
-1.287503	470796.566682	4399244.505995	0.000000	0.000000	0.000000	1543473390.116771	0.633300	0.444742	0.939338
-1.295436	470796.563441	4399244.469418	0.000000	0.000000	0.000000	1543473390.212030	0.629229	0.384251	0.942240
-1.342422	470796.545970	4399244.435342	0.000000	0.000000	0.000000	1543473390.312384	0.609820	0.318715	0.944026
