front	position-x	position-y	speed	speed-x	speed-y	timestamp	v-x	v-y	v-z
-3.065232	470799.318355	4399295.738870	0.000000	0.000000	0.000000	1543388240.336736	0.010000	0.010000	0.347023
-3.080752	470798.444634	4399295.489555	0.000000	0.000000	0.000000	1543388240.438522	1.708116	0.337067	0.369052
-3.105067	470797.641165	4399295.474528	0.000000	0.000000	0.000000	1543388240.537331	0.059876	0.273636	0.358047
-3.124271	470797.590636	4399295.507694	0.000000	0.000000	0.000000	1543388240.647526	0.010000	0.010000	0.356223
1.699053	470798.516223	4399295.529860	0.000000	0.000000	0.000000	1543388240.847595	0.472722	1.813838	0.350315
1.665152	470799.304553	4399295.627761	0.000000	0.000000	0.000000	1543388240.933409	0.084369	0.297079	0.319876
-3.062258	470799.254063	4399295.667897	0.000000	0.000000	0.000000	1543388241.645595	0.093527	0.014395	0.582173
-3.062258	470799.254063	4399295.667897	0.000000	0.000000	0.000000	1543388241.731425	0.093527	0.014395	0.582173
1.577440	470799.267522	4399295.708749	0.000000	0.000000	0.000000	1543388241.843049	0.091004	0.175177	0.564474
1.588794	470799.275215	4399295.679104	0.000000	0.000000	0.000000	1543388241.932284	0.067272	0.097237	0.556423
1.603307	470799.310486	4399295.691294	0.000000	0.000000	0.000000	1543388242.047190	0.059761	0.094748	0.547291
1.555107	470799.272460	4399295.663395	0.000000	0.000000	0.000000	1543388242.133738	0.056109	0.231585	0.268064
1.457466	470799.377007	4399295.668764	0.000000	0.000000	0.000000	1543388242.334521	0.021348	0.153644	0.258563
1.529442	470797.634335	4399295.463393	0.000000	0.000000	0.000000	1543388242.443109	0.152660	0.236645	0.258498
1.681390	470797.579353	4399295.491641	0.000000	0.000000	0.000000	1543388242.733385	0.084846	0.169533	0.243051
0.218619	470797.630436	4399295.496893	0.000000	0.000000	0.000000	1543388242.841016	0.158738	0.104307	0.239005
0.182255	470797.622314	4399295.508951	0.000000	0.000000	0.000000	1543388242.933044	0.230066	0.121439	0.235799
0.138970	470798.424827	4399295.630258	0.087961	0.087112	0.012187	1543388243.131783	1.715862	0.190900	0.257272
0.136169	470799.232797	4399295.693639	0.332142	0.328980	0.045723	1543388243.246529	0.200082	0.057354	0.480663
0.136169	470799.297585	4399295.709174	0.364110	0.360652	0.050060	1543388243.446874	0.154111	0.071631	0.476481
0.158272	470799.250027	4399295.773417	0.000000	0.000000	0.000000	1543388243.647834	0.169214	0.122053	0.247583
0.141701	470799.247198	4399295.772040	0.000000	0.000000	0.000000	1543388243.740346	0.168206	0.132328	0.434723
0.143692	470799.262740	4399295.719824	0.000000	0.000000	0.000000	1543388243.844741	0.123299	0.061112	0.444857
0.161963	470799.264641	4399295.738813	0.000000	0.000000	0.000000	1543388243.934812	0.121361	0.064926	0.428172
0.142299	470799.256907	4399295.745838	0.000000	0.000000	0.000000	1543388244.048150	0.120211	0.069238	0.424682
0.212217	470799.264343	4399295.774701	0.000000	0.000000	0.000000	1543388244.132265	0.113433	0.098578	0.421477
0.228826	470799.244899	4399295.795559	0.000000	0.000000	0.000000	1543388244.245189	0.108545	0.107622	0.414182
0.188960	470799.289949	4399295.761767	0.000000	0.000000	0.000000	1543388244.334444	0.097752	0.028961	0.408585
0.157760	470799.304426	4399295.763331	0.000000	0.000000	0.000000	1543388244.442812	0.287648	0.056914	0.409296
0.218360	470799.277840	4399295.717564	0.000000	0.000000	0.000000	1543388244.537683	0.168445	0.107120	0.405154
0.215752	470799.292623	4399295.753388	0.000000	0.000000	0.000000	1543388244.645152	0.281696	0.104735	0.400998
0.272576	470799.299303	4399295.737466	0.000000	0.000000	0.000000	1543388244.736119	0.166503	0.091085	0.396949
0.292748	470799.301251	4399295.822203	0.000000	0.000000	0.000000	1543388244.847531	0.221645	0.103100	0.387473
0.357115	470799.312882	4399295.800857	0.000000	0.000000	0.000000	1543388244.936365	0.103362	0.059391	0.611580
0.334166	470799.331529	4399295.821933	0.000000	0.000000	0.000000	1543388245.045440	0.159681	0.045707	0.407727
0.309151	470799.295088	4399295.819305	0.000000	0.000000	0.000000	1543388245.138678	0.097963	0.073723	0.400844
0.260858	470799.318584	4399295.824413	0.000000	0.000000	0.000000	1543388245.247826	0.209640	0.059122	0.401397
0.270567	470799.282524	4399295.804198	0.000000	0.000000	0.000000	1543388245.334841	0.211490	0.047744	0.406629
0.312615	470799.290819	4399295.826436	0.000000	0.000000	0.000000	1543388245.450848	0.097837	0.055122	0.392380
0.382905	470799.277513	4399295.842713	0.000000	0.000000	0.000000	1543388245.537137	0.141314	0.086366	0.390352
0.398863	470799.297208	4399295.853824	0.000000	0.000000	0.000000	1543388245.651079	0.089986	0.076313	0.387563
0.412053	470799.288721	4399295.799133	0.000000	0.000000	0.000000	1543388245.846501	0.197518	0.123387	0.387014
0.345181	470799.323060	4399295.819881	0.000000	0.000000	0.000000	1543388245.936070	0.198061	0.109606	0.575647
0.345835	470799.296868	4399295.861385	0.000000	0.000000	0.000000	1543388246.047697	0.104851	0.087935	0.560454
0.370998	470799.254651	4399295.852890	0.000000	0.000000	0.000000	1543388246.137518	0.079127	0.110204	0.403181
0.438432	470799.336262	4399295.860647	0.000000	0.000000	0.000000	1543388246.247205	0.119920	0.029099	0.401475
0.400122	470799.272296	4399295.888869	0.000000	0.000000	0.000000	1543388246.336517	0.098578	0.158734	0.401295
0.424900	470799.225149	4399295.892066	0.000000	0.000000	0.000000	1543388246.447974	0.052882	0.181014	0.398664
0.476081	470799.299596	4399295.912836	0.000000	0.000000	0.000000	1543388246.537086	0.093905	0.153595	0.394284
0.445314	470799.288944	4399295.848597	0.000000	0.000000	0.000000	1543388246.645333	0.239642	0.067773	0.393569
0.382617	470799.257030	4399295.892185	0.000000	0.000000	0.000000	1543388246.737384	0.061133	0.170629	0.393347
0.410815	470799.252878	4399295.899739	0.000000	0.000000	0.000000	1543388246.844571	0.054465	0.177970	0.392180
0.466577	470799.347046	4399295.870831	0.000000	0.000000	0.000000	1543388246.933947	0.107040	0.046392	0.389620
0.515879	470799.285300	4399295.901620	0.000000	0.000000	0.000000	1543388247.048305	0.090134	0.133978	0.386255
0.577626	470799.310905	4399295.824998	0.000000	0.000000	0.000000	1543388247.134718	0.134340	0.166204	0.393220
0.643537	470799.278659	4399295.906207	0.000000	0.000000	0.000000	1543388247.248038	0.168728	0.258296	0.390804
0.660422	470799.290751	4399295.855536	0.000000	0.000000	0.000000	1543388247.337356	0.139239	0.220081	0.390372
0.717592	470799.293790	4399295.867747	0.000000	0.000000	0.000000	1543388247.447540	0.180660	0.214778	0.390465
0.763265	470799.281284	4399295.859307	0.000000	0.000000	0.000000	1543388247.535002	0.179628	0.242746	0.560129
0.814503	470799.283586	4399295.869364	0.000000	0.000000	0.000000	1543388247.644616	0.157436	0.091028	0.559285
0.874860	470799.273348	4399295.864845	0.000000	0.000000	0.000000	1543388247.734495	0.174932	0.168314	0.388756
0.924499	470799.275408	4399295.876218	0.000000	0.000000	0.000000	1543388247.845027	0.142027	0.199493	0.386485
0.927743	470799.249650	4399295.876069	0.000000	0.000000	0.000000	1543388247.937420	0.173222	0.231483	0.569173
0.913457	470799.296131	4399295.873273	0.000000	0.000000	0.000000	1543388248.048470	0.178212	0.102172	0.563194
0.876047	470799.266978	4399295.867102	0.000000	0.000000	0.000000	1543388248.134531	0.158784	0.131016	0.555765
0.821921	470799.272734	4399295.884393	0.000000	0.000000	0.000000	1543388248.245488	0.179051	0.119491	0.572230
0.753852	470799.289723	4399295.875195	0.000000	0.000000	0.000000	1543388248.334037	0.180074	0.073096	0.569607
0.681256	470799.309024	4399295.860679	0.000000	0.000000	0.000000	1543388248.446306	0.169974	0.142922	0.574913
0.622036	470799.286217	4399295.859248	0.000000	0.000000	0.000000	1543388248.531781	0.149320	0.184946	0.573464
0.561105	470799.317640	4399295.856334	0.000000	0.000000	0.000000	1543388248.645024	0.163554	0.085636	0.381957
0.505690	470799.280491	4399295.852439	0.000000	0.000000	0.000000	1543388248.734602	0.173812	0.136665	0.558465
0.456649	470799.248552	4399295.869122	0.000000	0.000000	0.000000	1543388248.847571	0.233632	0.216308	0.577423
0.416197	470799.299150	4399295.898485	0.000000	0.000000	0.000000	1543388248.936079	0.169319	0.069399	0.557372
0.387561	470799.263008	4399295.888027	0.000000	0.000000	0.000000	1543388249.042891	0.163576	0.076656	0.359828
0.370018	470799.237509	4399295.893134	0.000000	0.000000	0.000000	1543388249.138290	0.239216	0.135460	0.363983
0.349219	470799.252143	4399295.908714	0.000000	0.000000	0.000000	1543388249.249354	0.101690	0.103017	0.363442
0.372441	470799.261192	4399295.885242	0.000000	0.000000	0.000000	1543388249.331722	0.173408	0.061006	0.360091
0.363834	470799.238912	4399295.939441	0.000000	0.000000	0.000000	1543388249.444876	0.209562	0.158125	0.363579
0.337034	470799.256120	4399295.902600	0.000000	0.000000	0.000000	1543388249.533321	0.106237	0.080587	0.364800
0.276239	470799.306240	4399295.881013	0.000000	0.000000	0.000000	1543388249.648836	0.168056	0.015576	0.364505
0.218960	470799.259474	4399295.865916	0.000000	0.000000	0.000000	1543388249.734746	0.167129	0.041215	0.362987
0.235853	470799.259426	4399295.875639	0.000000	0.000000	0.000000	1543388249.850645	0.165689	0.081733	0.365783
0.237615	470799.261171	4399295.880131	0.000000	0.000000	0.000000	1543388249.933791	0.166661	0.093784	0.365396
0.213777	470799.257526	4399295.889713	0.000000	0.000000	0.000000	1543388250.046397	0.162598	0.133432	0.363411
0.206470	470799.234953	4399295.917030	0.000000	0.000000	0.000000	1543388250.131627	0.238641	0.116875	0.363208
0.184911	470799.301335	4399295.884536	0.000000	0.000000	0.000000	1543388250.242054	0.167136	0.020610	0.372910
0.154576	470799.302744	4399295.882944	0.000000	0.000000	0.000000	1543388250.446144	0.166468	0.023664	0.369460
0.140077	470799.241435	4399295.883679	0.000000	0.000000	0.000000	1543388250.532997	0.237897	0.120259	0.363401
0.134617	470799.239182	4399295.887405	0.000000	0.000000	0.000000	1543388250.647146	0.237554	0.115877	0.363536
0.137499	470799.233665	4399295.920132	0.000000	0.000000	0.000000	1543388250.733380	0.237731	0.145729	0.363169
0.137893	470799.265804	4399295.865741	0.000000	0.000000	0.000000	1543388250.848432	0.095023	0.014802	0.366341
0.139758	470799.237770	4399295.907692	0.000000	0.000000	0.000000	1543388251.041706	0.237871	0.100350	0.364002
0.105949	470799.276385	4399295.876147	0.000000	0.000000	0.000000	1543388251.149075	0.212873	0.047749	0.363626
0.094504	470799.266569	4399295.936487	0.000000	0.000000	0.000000	1543388251.247218	0.175551	0.163232	0.362673
0.109622	470799.248594	4399295.883873	0.000000	0.000000	0.000000	1543388251.346793	0.167747	0.125723	0.363917
0.097315	470799.253766	4399295.870375	0.000000	0.000000	0.000000	1543388251.446814	0.165493	0.034184	0.362829
0.077999	470799.253949	4399295.873524	0.000000	0.000000	0.000000	1543388251.542465	0.120877	0.035301	0.364573
0.095387	470799.248878	4399295.884799	0.000000	0.000000	0.000000	1543388251.646714	0.168551	0.128277	0.364509
0.084489	470799.266064	4399295.867525	0.000000	0.000000	0.000000	1543388251.741797	0.094247	0.017858	0.367585
0.074035	470799.252180	4399295.867222	0.000000	0.000000	0.000000	1543388251.844617	0.165077	0.077886	0.366650
0.070437	470799.241690	4399295.874723	0.000000	0.000000	0.000000	1543388251.943826	0.235649	0.103009	0.363696
0.090913	470799.238343	4399295.919158	0.000000	0.000000	0.000000	1543388252.046202	0.235755	0.186652	0.362844
0.083135	470799.267600	4399295.924814	0.000000	0.000000	0.000000	1543388252.144347	0.175869	0.142954	0.365445
0.076499	470799.265815	4399295.932089	0.000000	0.000000	0.000000	1543388252.243303	0.177382	0.154677	0.361901
0.071737	470799.240177	4399295.877796	0.000000	0.000000	0.000000	1543388252.340993	0.236415	0.119022	0.362927
0.055181	470799.249404	4399295.878003	0.000000	0.000000	0.000000	1543388252.445559	0.167894	0.062559	0.366980
0.051564	470799.301338	4399295.878989	0.000000	0.000000	0.000000	1543388252.543507	0.163457	0.038653	0.373781
0.064733	470799.241257	4399295.892058	0.000000	0.000000	0.000000	1543388252.650516	0.235705	0.120449	0.364100
0.077493	470799.253645	4399295.876623	0.000000	0.000000	0.000000	1543388252.748966	0.163985	0.052525	0.361717
0.098209	470799.240889	4399295.914309	0.000000	0.000000	0.000000	1543388252.845549	0.235938	0.182203	0.362756
0.069572	470799.303582	4399295.884697	0.000000	0.000000	0.000000	1543388252.940976	0.163420	0.045663	0.363817
0.052163	470799.238023	4399295.888371	0.000000	0.000000	0.000000	1543388253.144322	0.242870	0.117074	0.362290
0.059444	470799.250717	4399295.886992	0.000000	0.000000	0.000000	1543388253.243975	0.172017	0.128500	0.363245
0.066481	470799.252289	4399295.884780	0.000000	0.000000	0.000000	1543388253.347156	0.170815	0.119324	0.364688
0.056452	470799.254888	4399295.884190	0.000000	0.000000	0.000000	1543388253.444003	0.165712	0.073090	0.375004
0.039343	470799.304619	4399295.884358	0.000000	0.000000	0.000000	1543388253.542536	0.161499	0.054545	0.367103
0.051958	470799.245570	4399295.891627	0.000000	0.000000	0.000000	1543388253.646389	0.233236	0.115440	0.363236
0.089902	470799.257383	4399295.878907	0.000000	0.000000	0.000000	1543388253.742074	0.164555	0.036613	0.363060
0.091404	470799.244447	4399295.903755	0.000000	0.000000	0.000000	1543388253.844688	0.235794	0.128606	0.363337
0.046253	470799.305844	4399295.890742	0.000000	0.000000	0.000000	1543388253.945231	0.162953	0.043518	0.364386
0.063620	470799.257601	4399295.886098	0.000000	0.000000	0.000000	1543388254.046986	0.163512	0.068666	0.362850
0.063938	470799.254570	4399295.888353	0.000000	0.000000	0.000000	1543388254.143234	0.170822	0.117075	0.364197
0.053320	470799.281755	4399295.879182	0.000000	0.000000	0.000000	1543388254.244856	0.169391	0.044583	0.365381
0.111833	470799.259051	4399295.879020	0.000000	0.000000	0.000000	1543388254.342684	0.166020	0.027910	0.363023
0.104539	470799.275451	4399295.938569	0.000000	0.000000	0.000000	1543388254.446186	0.172968	0.149649	0.365043
