distance	id	result	timestamp
-1.000000	-1.000000	-1.000000	1542943403.703031
-1.000000	-1.000000	-1.000000	1542943403.837162
-1.000000	-1.000000	-1.000000	1542943403.969910
-1.000000	-1.000000	-1.000000	1542943404.103452
-1.000000	-1.000000	-1.000000	1542943404.237062
-1.000000	-1.000000	-1.000000	1542943404.369342
-1.000000	-1.000000	-1.000000	1542943404.503056
-1.000000	-1.000000	-1.000000	1542943404.636583
-1.000000	-1.000000	-1.000000	1542943404.770917
-1.000000	-1.000000	-1.000000	1542943404.903752
-1.000000	-1.000000	-1.000000	1542943405.037240
-1.000000	-1.000000	-1.000000	1542943405.169300
-1.000000	-1.000000	-1.000000	1542943405.303282
-1.000000	-1.000000	-1.000000	1542943405.436718
-1.000000	-1.000000	-1.000000	1542943405.571462
-1.000000	-1.000000	-1.000000	1542943405.704166
-1.000000	-1.000000	-1.000000	1542943405.836828
-1.000000	-1.000000	-1.000000	1542943405.970991
-1.000000	-1.000000	-1.000000	1542943406.103330
-1.000000	-1.000000	-1.000000	1542943406.236738
-1.000000	-1.000000	-1.000000	1542943406.370951
-1.000000	-1.000000	-1.000000	1542943406.503223
-1.000000	-1.000000	-1.000000	1542943406.769634
-1.000000	-1.000000	-1.000000	1542943406.903568
-1.000000	-1.000000	-1.000000	1542943407.036975
-1.000000	-1.000000	-1.000000	1542943407.169499
-1.000000	-1.000000	-1.000000	1542943407.303442
-1.000000	-1.000000	-1.000000	1542943407.437286
-1.000000	-1.000000	-1.000000	1542943407.568807
-1.000000	-1.000000	-1.000000	1542943407.702616
-1.000000	-1.000000	-1.000000	1542943407.836370
-1.000000	-1.000000	-1.000000	1542943407.969432
-1.000000	-1.000000	-1.000000	1542943408.103674
-1.000000	-1.000000	-1.000000	1542943408.236403
-1.000000	-1.000000	-1.000000	1542943408.374018
-1.000000	-1.000000	-1.000000	1542943408.504453
-1.000000	-1.000000	-1.000000	1542943408.636942
-1.000000	-1.000000	-1.000000	1542943408.769234
-1.000000	-1.000000	-1.000000	1542943408.903300
-1.000000	-1.000000	-1.000000	1542943409.036334
-1.000000	-1.000000	-1.000000	1542943409.169455
-1.000000	-1.000000	-1.000000	1542943409.437749
-1.000000	-1.000000	-1.000000	1542943409.569487
-1.000000	-1.000000	-1.000000	1542943409.703810
-1.000000	-1.000000	-1.000000	1542943409.836556
-1.000000	-1.000000	-1.000000	1542943409.969451
-1.000000	-1.000000	-1.000000	1542943410.104213
-1.000000	-1.000000	-1.000000	1542943410.237680
-1.000000	-1.000000	-1.000000	1542943410.370572
-1.000000	-1.000000	-1.000000	1542943410.504811
-1.000000	-1.000000	-1.000000	1542943410.636259
-1.000000	-1.000000	-1.000000	1542943410.769694
-1.000000	-1.000000	-1.000000	1542943410.904494
-1.000000	-1.000000	-1.000000	1542943411.037635
-1.000000	-1.000000	-1.000000	1542943411.168998
-1.000000	-1.000000	-1.000000	1542943411.303148
-1.000000	-1.000000	-1.000000	1542943411.437238
-1.000000	-1.000000	-1.000000	1542943411.569314
-1.000000	-1.000000	-1.000000	1542943411.702984
-1.000000	-1.000000	-1.000000	1542943411.835865
-1.000000	-1.000000	-1.000000	1542943411.968964
-1.000000	-1.000000	-1.000000	1542943412.103870
-1.000000	-1.000000	-1.000000	1542943412.369441
-1.000000	-1.000000	-1.000000	1542943412.502644
-1.000000	-1.000000	-1.000000	1542943412.636330
-1.000000	-1.000000	-1.000000	1542943412.769285
-1.000000	-1.000000	-1.000000	1542943413.036040
-1.000000	-1.000000	-1.000000	1542943413.168968
-1.000000	-1.000000	-1.000000	1542943413.303143
-1.000000	-1.000000	-1.000000	1542943413.436435
-1.000000	-1.000000	-1.000000	1542943413.569328
-1.000000	-1.000000	-1.000000	1542943413.704352
-1.000000	-1.000000	-1.000000	1542943413.837712
-1.000000	-1.000000	-1.000000	1542943413.969123
-1.000000	-1.000000	-1.000000	1542943414.104164
-1.000000	-1.000000	-1.000000	1542943414.369128
-1.000000	-1.000000	-1.000000	1542943414.504153
-1.000000	-1.000000	-1.000000	1542943414.637098
-1.000000	-1.000000	-1.000000	1542943414.769859
-1.000000	-1.000000	-1.000000	1542943414.903037
-1.000000	-1.000000	-1.000000	1542943415.036484
-1.000000	-1.000000	-1.000000	1542943415.171015
-1.000000	-1.000000	-1.000000	1542943415.303130
-1.000000	-1.000000	-1.000000	1542943415.437406
-1.000000	-1.000000	-1.000000	1542943415.569325
-1.000000	-1.000000	-1.000000	1542943415.705882
-1.000000	-1.000000	-1.000000	1542943415.969405
-1.000000	-1.000000	-1.000000	1542943416.103627
-1.000000	-1.000000	-1.000000	1542943416.236344
-1.000000	-1.000000	-1.000000	1542943416.504160
-1.000000	-1.000000	-1.000000	1542943416.637893
-1.000000	-1.000000	-1.000000	1542943416.770954
-1.000000	-1.000000	-1.000000	1542943416.903138
-1.000000	-1.000000	-1.000000	1542943417.037949
-1.000000	-1.000000	-1.000000	1542943417.170296
-1.000000	-1.000000	-1.000000	1542943417.304526
-1.000000	-1.000000	-1.000000	1542943417.437964
-1.000000	-1.000000	-1.000000	1542943417.569396
-1.000000	-1.000000	-1.000000	1542943417.706555
-1.000000	-1.000000	-1.000000	1542943417.837435
-1.000000	-1.000000	-1.000000	1542943417.969562
-1.000000	-1.000000	-1.000000	1542943418.104832
-1.000000	-1.000000	-1.000000	1542943418.369984
-1.000000	-1.000000	-1.000000	1542943418.505140
-1.000000	-1.000000	-1.000000	1542943418.636712
-1.000000	-1.000000	-1.000000	1542943418.769682
-1.000000	-1.000000	-1.000000	1542943418.902626
-1.000000	-1.000000	-1.000000	1542943419.038209
-1.000000	-1.000000	-1.000000	1542943419.169349
-1.000000	-1.000000	-1.000000	1542943419.304168
-1.000000	-1.000000	-1.000000	1542943419.437469
-1.000000	-1.000000	-1.000000	1542943419.568966
-1.000000	-1.000000	-1.000000	1542943419.703786
-1.000000	-1.000000	-1.000000	1542943419.836440
-1.000000	-1.000000	-1.000000	1542943420.104302
-1.000000	-1.000000	-1.000000	1542943420.236619
-1.000000	-1.000000	-1.000000	1542943420.369205
-1.000000	-1.000000	-1.000000	1542943420.503726
-1.000000	-1.000000	-1.000000	1542943420.637728
-1.000000	-1.000000	-1.000000	1542943420.769957
-1.000000	-1.000000	-1.000000	1542943420.905542
-1.000000	-1.000000	-1.000000	1542943421.036413
-1.000000	-1.000000	-1.000000	1542943421.170535
-1.000000	-1.000000	-1.000000	1542943421.303575
-1.000000	-1.000000	-1.000000	1542943421.436846
-1.000000	-1.000000	-1.000000	1542943421.569405
-1.000000	-1.000000	-1.000000	1542943421.704700
-1.000000	-1.000000	-1.000000	1542943421.836478
-1.000000	-1.000000	-1.000000	1542943422.236817
-1.000000	-1.000000	-1.000000	1542943422.368795
-1.000000	-1.000000	-1.000000	1542943422.504612
-1.000000	-1.000000	-1.000000	1542943422.636588
-1.000000	-1.000000	-1.000000	1542943422.769880
-1.000000	-1.000000	-1.000000	1542943423.036874
-1.000000	-1.000000	-1.000000	1542943423.303222
-1.000000	-1.000000	-1.000000	1542943423.436552
-1.000000	-1.000000	-1.000000	1542943423.569611
-1.000000	-1.000000	-1.000000	1542943423.837255
-1.000000	-1.000000	-1.000000	1542943423.969301
-1.000000	-1.000000	-1.000000	1542943424.103317
-1.000000	-1.000000	-1.000000	1542943424.236182
-1.000000	-1.000000	-1.000000	1542943424.369431
-1.000000	-1.000000	-1.000000	1542943424.504115
-1.000000	-1.000000	-1.000000	1542943424.636795
-1.000000	-1.000000	-1.000000	1542943424.769452
-1.000000	-1.000000	-1.000000	1542943424.904500
-1.000000	-1.000000	-1.000000	1542943425.037080
-1.000000	-1.000000	-1.000000	1542943425.169491
-1.000000	-1.000000	-1.000000	1542943425.303231
-1.000000	-1.000000	-1.000000	1542943425.437233
-1.000000	-1.000000	-1.000000	1542943425.569277
-1.000000	-1.000000	-1.000000	1542943425.703759
-1.000000	-1.000000	-1.000000	1542943425.836985
-1.000000	-1.000000	-1.000000	1542943425.969787
-1.000000	-1.000000	-1.000000	1542943426.238559
-1.000000	-1.000000	-1.000000	1542943426.371186
-1.000000	-1.000000	-1.000000	1542943426.505037
-1.000000	-1.000000	-1.000000	1542943426.638439
-1.000000	-1.000000	-1.000000	1542943426.769766
-1.000000	-1.000000	-1.000000	1542943426.903224
-1.000000	-1.000000	-1.000000	1542943427.039468
-1.000000	-1.000000	-1.000000	1542943427.169369
-1.000000	-1.000000	-1.000000	1542943427.305356
-1.000000	-1.000000	-1.000000	1542943427.569243
-1.000000	-1.000000	-1.000000	1542943427.703072
-1.000000	-1.000000	-1.000000	1542943427.837600
-1.000000	-1.000000	-1.000000	1542943427.970620
-1.000000	-1.000000	-1.000000	1542943428.103937
-1.000000	-1.000000	-1.000000	1542943428.236396
-1.000000	-1.000000	-1.000000	1542943428.370389
-1.000000	-1.000000	-1.000000	1542943428.504570
-1.000000	-1.000000	-1.000000	1542943428.637118
-1.000000	-1.000000	-1.000000	1542943428.769499
-1.000000	-1.000000	-1.000000	1542943428.904486
-1.000000	-1.000000	-1.000000	1542943429.038136
-1.000000	-1.000000	-1.000000	1542943429.169028
-1.000000	-1.000000	-1.000000	1542943429.303479
-1.000000	-1.000000	-1.000000	1542943429.438170
-1.000000	-1.000000	-1.000000	1542943429.570560
-1.000000	-1.000000	-1.000000	1542943429.705227
-1.000000	-1.000000	-1.000000	1542943429.838619
-1.000000	-1.000000	-1.000000	1542943429.969277
-1.000000	-1.000000	-1.000000	1542943430.104073
-1.000000	-1.000000	-1.000000	1542943430.236915
-1.000000	-1.000000	-1.000000	1542943430.369895
-1.000000	-1.000000	-1.000000	1542943430.505183
-1.000000	-1.000000	-1.000000	1542943430.637390
-1.000000	-1.000000	-1.000000	1542943430.769683
-1.000000	-1.000000	-1.000000	1542943430.904945
-1.000000	-1.000000	-1.000000	1542943431.036202
-1.000000	-1.000000	-1.000000	1542943431.169298
-1.000000	-1.000000	-1.000000	1542943431.303458
-1.000000	-1.000000	-1.000000	1542943431.437525
-1.000000	-1.000000	-1.000000	1542943431.570836
-1.000000	-1.000000	-1.000000	1542943431.703385
-1.000000	-1.000000	-1.000000	1542943431.837622
-1.000000	-1.000000	-1.000000	1542943431.970137
-1.000000	-1.000000	-1.000000	1542943432.103532
-1.000000	-1.000000	-1.000000	1542943432.238160
-1.000000	-1.000000	-1.000000	1542943432.369102
-1.000000	-1.000000	-1.000000	1542943432.504365
-1.000000	-1.000000	-1.000000	1542943432.637808
-1.000000	-1.000000	-1.000000	1542943432.771041
-1.000000	-1.000000	-1.000000	1542943432.904135
-1.000000	-1.000000	-1.000000	1542943433.036536
-1.000000	-1.000000	-1.000000	1542943433.169032
-1.000000	-1.000000	-1.000000	1542943433.303984
-1.000000	-1.000000	-1.000000	1542943433.437006
-1.000000	-1.000000	-1.000000	1542943433.569392
-1.000000	-1.000000	-1.000000	1542943433.703930
-1.000000	-1.000000	-1.000000	1542943433.837247
-1.000000	-1.000000	-1.000000	1542943433.969517
-1.000000	-1.000000	-1.000000	1542943434.103563
-1.000000	-1.000000	-1.000000	1542943434.237933
-1.000000	-1.000000	-1.000000	1542943434.369312
-1.000000	-1.000000	-1.000000	1542943434.503172
-1.000000	-1.000000	-1.000000	1542943434.636900
-1.000000	-1.000000	-1.000000	1542943434.769578
-1.000000	-1.000000	-1.000000	1542943434.911053
-1.000000	-1.000000	-1.000000	1542943435.104509
-1.000000	-1.000000	-1.000000	1542943435.237983
-1.000000	-1.000000	-1.000000	1542943435.369515
-1.000000	-1.000000	-1.000000	1542943435.504418
-1.000000	-1.000000	-1.000000	1542943435.636691
-1.000000	-1.000000	-1.000000	1542943435.769665
-1.000000	-1.000000	-1.000000	1542943435.903669
-1.000000	-1.000000	-1.000000	1542943436.037071
-1.000000	-1.000000	-1.000000	1542943436.169453
-1.000000	-1.000000	-1.000000	1542943436.303574
-1.000000	-1.000000	-1.000000	1542943436.438113
-1.000000	-1.000000	-1.000000	1542943436.569251
-1.000000	-1.000000	-1.000000	1542943436.704736
-1.000000	-1.000000	-1.000000	1542943436.969457
-1.000000	-1.000000	-1.000000	1542943437.104443
-1.000000	-1.000000	-1.000000	1542943437.238338
-1.000000	-1.000000	-1.000000	1542943437.370700
-1.000000	-1.000000	-1.000000	1542943437.511793
-1.000000	-1.000000	-1.000000	1542943437.703708
-1.000000	-1.000000	-1.000000	1542943437.836891
-1.000000	-1.000000	-1.000000	1542943437.969246
-1.000000	-1.000000	-1.000000	1542943438.105592
-1.000000	-1.000000	-1.000000	1542943438.236899
-1.000000	-1.000000	-1.000000	1542943438.503771
-1.000000	-1.000000	-1.000000	1542943438.637801
-1.000000	-1.000000	-1.000000	1542943438.771334
-1.000000	-1.000000	-1.000000	1542943438.903742
-1.000000	-1.000000	-1.000000	1542943439.037910
-1.000000	-1.000000	-1.000000	1542943439.170673
-1.000000	-1.000000	-1.000000	1542943439.306205
-1.000000	-1.000000	-1.000000	1542943439.436819
-1.000000	-1.000000	-1.000000	1542943439.702911
-1.000000	-1.000000	-1.000000	1542943439.837034
-1.000000	-1.000000	-1.000000	1542943439.969157
-1.000000	-1.000000	-1.000000	1542943440.104488
-1.000000	-1.000000	-1.000000	1542943440.236761
-1.000000	-1.000000	-1.000000	1542943440.369303
-1.000000	-1.000000	-1.000000	1542943440.503944
-1.000000	-1.000000	-1.000000	1542943440.638537
-1.000000	-1.000000	-1.000000	1542943440.769809
-1.000000	-1.000000	-1.000000	1542943441.036428
-1.000000	-1.000000	-1.000000	1542943441.169157
-1.000000	-1.000000	-1.000000	1542943441.304548
-1.000000	-1.000000	-1.000000	1542943441.437629
-1.000000	-1.000000	-1.000000	1542943441.569384
-1.000000	-1.000000	-1.000000	1542943441.704979
-1.000000	-1.000000	-1.000000	1542943441.836792
-1.000000	-1.000000	-1.000000	1542943441.968659
-1.000000	-1.000000	-1.000000	1542943442.505197
-1.000000	-1.000000	-1.000000	1542943442.636356
-1.000000	-1.000000	-1.000000	1542943442.769731
-1.000000	-1.000000	-1.000000	1542943442.903708
-1.000000	-1.000000	-1.000000	1542943443.037593
-1.000000	-1.000000	-1.000000	1542943443.169662
-1.000000	-1.000000	-1.000000	1542943443.305375
-1.000000	-1.000000	-1.000000	1542943443.438137
-1.000000	-1.000000	-1.000000	1542943443.705303
-1.000000	-1.000000	-1.000000	1542943443.836780
-1.000000	-1.000000	-1.000000	1542943443.969862
-1.000000	-1.000000	-1.000000	1542943444.104271
-1.000000	-1.000000	-1.000000	1542943444.236567
-1.000000	-1.000000	-1.000000	1542943444.369511
-1.000000	-1.000000	-1.000000	1542943444.505877
-1.000000	-1.000000	-1.000000	1542943444.637121
-1.000000	-1.000000	-1.000000	1542943444.770900
-1.000000	-1.000000	-1.000000	1542943444.904605
-1.000000	-1.000000	-1.000000	1542943445.037365
-1.000000	-1.000000	-1.000000	1542943445.170805
-1.000000	-1.000000	-1.000000	1542943445.304381
-1.000000	-1.000000	-1.000000	1542943445.437559
-1.000000	-1.000000	-1.000000	1542943445.570688
-1.000000	-1.000000	-1.000000	1542943445.704381
-1.000000	-1.000000	-1.000000	1542943445.838921
-1.000000	-1.000000	-1.000000	1542943445.969918
-1.000000	-1.000000	-1.000000	1542943446.105701
-1.000000	-1.000000	-1.000000	1542943446.236459
-1.000000	-1.000000	-1.000000	1542943446.369857
-1.000000	-1.000000	-1.000000	1542943446.504740
-1.000000	-1.000000	-1.000000	1542943446.638560
-1.000000	-1.000000	-1.000000	1542943446.770295
-1.000000	-1.000000	-1.000000	1542943446.903843
-1.000000	-1.000000	-1.000000	1542943447.037633
-1.000000	-1.000000	-1.000000	1542943447.169758
-1.000000	-1.000000	-1.000000	1542943447.305724
-1.000000	-1.000000	-1.000000	1542943447.437961
-1.000000	-1.000000	-1.000000	1542943447.569296
