distance	id	result	timestamp
-1.000000	-1.000000	-1.000000	1543459333.237591
-1.000000	-1.000000	-1.000000	1543459333.369490
-1.000000	-1.000000	-1.000000	1543459333.503485
-1.000000	-1.000000	-1.000000	1543459333.636272
-1.000000	-1.000000	-1.000000	1543459333.769894
-1.000000	-1.000000	-1.000000	1543459333.902861
-1.000000	-1.000000	-1.000000	1543459334.036461
-1.000000	-1.000000	-1.000000	1543459334.304163
-1.000000	-1.000000	-1.000000	1543459334.436829
-1.000000	-1.000000	-1.000000	1543459334.570055
-1.000000	-1.000000	-1.000000	1543459334.703519
-1.000000	-1.000000	-1.000000	1543459334.848545
-1.000000	-1.000000	-1.000000	1543459335.045544
-1.000000	-1.000000	-1.000000	1543459335.236329
-1.000000	-1.000000	-1.000000	1543459335.369216
-1.000000	-1.000000	-1.000000	1543459335.502619
-1.000000	-1.000000	-1.000000	1543459335.638594
-1.000000	-1.000000	-1.000000	1543459335.769341
-1.000000	-1.000000	-1.000000	1543459335.904266
-1.000000	-1.000000	-1.000000	1543459336.037709
-1.000000	-1.000000	-1.000000	1543459336.303324
-1.000000	-1.000000	-1.000000	1543459336.435679
-1.000000	-1.000000	-1.000000	1543459336.571023
-1.000000	-1.000000	-1.000000	1543459336.704349
-1.000000	-1.000000	-1.000000	1543459336.836457
-1.000000	-1.000000	-1.000000	1543459336.969443
-1.000000	-1.000000	-1.000000	1543459337.102371
-1.000000	-1.000000	-1.000000	1543459337.369560
-1.000000	-1.000000	-1.000000	1543459337.503081
-1.000000	-1.000000	-1.000000	1543459337.636169
-1.000000	-1.000000	-1.000000	1543459337.769497
-1.000000	-1.000000	-1.000000	1543459338.036401
-1.000000	-1.000000	-1.000000	1543459338.169447
-1.000000	-1.000000	-1.000000	1543459338.302620
-1.000000	-1.000000	-1.000000	1543459338.436471
-1.000000	-1.000000	-1.000000	1543459338.571022
-1.000000	-1.000000	-1.000000	1543459338.836249
-1.000000	-1.000000	-1.000000	1543459338.970018
-1.000000	-1.000000	-1.000000	1543459339.102793
-1.000000	-1.000000	-1.000000	1543459339.235934
-1.000000	-1.000000	-1.000000	1543459339.503346
-1.000000	-1.000000	-1.000000	1543459339.636317
-1.000000	-1.000000	-1.000000	1543459339.770052
-1.000000	-1.000000	-1.000000	1543459339.902595
-1.000000	-1.000000	-1.000000	1543459340.171293
-1.000000	-1.000000	-1.000000	1543459340.304023
-1.000000	-1.000000	-1.000000	1543459340.436181
-1.000000	-1.000000	-1.000000	1543459340.571034
147.651790	2.000000	1.000000	1543459340.729960
146.604861	2.000000	1.000000	1543459340.888215
145.505246	2.000000	1.000000	1543459341.003773
144.377561	2.000000	1.000000	1543459341.128623
143.228442	2.000000	1.000000	1543459341.288040
142.046244	2.000000	1.000000	1543459341.401495
140.839611	2.000000	1.000000	1543459341.530091
139.606732	2.000000	1.000000	1543459341.671356
138.350861	2.000000	1.000000	1543459341.799500
137.056916	2.000000	1.000000	1543459341.927902
135.738604	2.000000	1.000000	1543459342.073193
134.391915	2.000000	1.000000	1543459342.198322
133.022251	2.000000	1.000000	1543459342.328411
131.622011	2.000000	1.000000	1543459342.471493
130.195434	2.000000	1.000000	1543459342.612225
128.740021	2.000000	1.000000	1543459342.727805
127.244617	2.000000	1.000000	1543459342.873941
125.744500	2.000000	1.000000	1543459343.009833
124.215106	2.000000	1.000000	1543459343.128009
122.645808	2.000000	1.000000	1543459343.288698
121.075665	2.000000	1.000000	1543459343.411670
117.860294	2.000000	1.000000	1543459343.671638
116.229606	2.000000	1.000000	1543459343.810221
114.559475	2.000000	1.000000	1543459343.930103
112.871030	2.000000	1.000000	1543459344.072643
111.166051	2.000000	1.000000	1543459344.210253
109.450342	2.000000	1.000000	1543459344.326831
107.725447	2.000000	1.000000	1543459344.470954
105.999186	2.000000	1.000000	1543459344.609024
104.249267	2.000000	1.000000	1543459344.727632
102.524304	2.000000	1.000000	1543459344.873094
100.756290	2.000000	1.000000	1543459345.008495
98.941684	2.000000	1.000000	1543459345.115826
97.145039	2.000000	1.000000	1543459345.269851
95.392328	2.000000	1.000000	1543459345.412455
93.635136	2.000000	1.000000	1543459345.527249
91.867628	2.000000	1.000000	1543459345.687682
90.088445	2.000000	1.000000	1543459345.810857
88.304617	2.000000	1.000000	1543459345.928787
86.526593	2.000000	1.000000	1543459346.070991
84.744951	2.000000	1.000000	1543459346.212569
82.973757	2.000000	1.000000	1543459346.330414
81.206908	2.000000	1.000000	1543459346.471446
79.422431	2.000000	1.000000	1543459346.614755
77.655955	2.000000	1.000000	1543459346.728316
75.907942	2.000000	1.000000	1543459346.874476
74.146653	2.000000	1.000000	1543459347.012129
72.385440	2.000000	1.000000	1543459347.128256
68.914129	2.000000	1.000000	1543459347.411371
67.201827	2.000000	1.000000	1543459347.528868
65.503184	2.000000	1.000000	1543459347.653503
63.827846	2.000000	1.000000	1543459347.821554
62.173203	2.000000	1.000000	1543459347.917546
60.554835	2.000000	1.000000	1543459348.070460
58.948678	2.000000	1.000000	1543459348.212757
57.337173	2.000000	1.000000	1543459348.330422
55.765365	2.000000	1.000000	1543459348.471185
52.740437	2.000000	1.000000	1543459348.728769
51.243144	2.000000	1.000000	1543459348.849076
48.356557	2.000000	1.000000	1543459349.128383
46.954920	2.000000	1.000000	1543459349.269771
45.568480	2.000000	1.000000	1543459349.410615
44.214062	2.000000	1.000000	1543459349.527914
41.617530	2.000000	1.000000	1543459349.810258
40.352034	2.000000	1.000000	1543459349.929342
39.116172	2.000000	1.000000	1543459350.072303
37.921954	2.000000	1.000000	1543459350.210018
36.763565	2.000000	1.000000	1543459350.324610
35.645568	2.000000	1.000000	1543459350.471205
34.548788	2.000000	1.000000	1543459350.611998
33.487431	2.000000	1.000000	1543459350.727570
32.443943	2.000000	1.000000	1543459350.855963
30.474012	2.000000	1.000000	1543459351.119320
29.546849	2.000000	1.000000	1543459351.271328
28.637634	2.000000	1.000000	1543459351.411246
27.764626	2.000000	1.000000	1543459351.527916
26.905727	2.000000	1.000000	1543459351.671259
26.090558	2.000000	1.000000	1543459351.813098
25.310083	2.000000	1.000000	1543459351.927872
24.550922	2.000000	1.000000	1543459352.087597
23.834322	2.000000	1.000000	1543459352.212050
23.155206	2.000000	1.000000	1543459352.329709
21.890502	2.000000	1.000000	1543459352.611444
20.772437	2.000000	1.000000	1543459352.870900
20.260037	2.000000	1.000000	1543459352.997600
19.779180	2.000000	1.000000	1543459353.116272
19.328693	2.000000	1.000000	1543459353.270738
18.904582	2.000000	1.000000	1543459353.410084
18.502469	2.000000	1.000000	1543459353.514916
18.130561	2.000000	1.000000	1543459353.669504
17.788813	2.000000	1.000000	1543459353.810746
17.467519	2.000000	1.000000	1543459353.928883
17.172274	2.000000	1.000000	1543459354.071615
16.900250	2.000000	1.000000	1543459354.210506
16.654268	2.000000	1.000000	1543459354.322226
16.427072	2.000000	1.000000	1543459354.471175
16.007707	2.000000	1.000000	1543459354.716997
15.827036	2.000000	1.000000	1543459354.854571
15.654441	2.000000	1.000000	1543459355.011303
15.488769	2.000000	1.000000	1543459355.127070
15.334981	2.000000	1.000000	1543459355.270401
15.195470	2.000000	1.000000	1543459355.411131
15.060755	2.000000	1.000000	1543459355.526202
14.935802	2.000000	1.000000	1543459355.669689
14.821742	2.000000	1.000000	1543459355.810365
14.717867	2.000000	1.000000	1543459355.920021
14.619217	2.000000	1.000000	1543459356.069044
14.532059	2.000000	1.000000	1543459356.210626
14.456821	2.000000	1.000000	1543459356.320541
14.393883	2.000000	1.000000	1543459356.470255
14.341825	2.000000	1.000000	1543459356.612119
14.305522	2.000000	1.000000	1543459356.727887
14.283777	2.000000	1.000000	1543459356.872308
14.275129	2.000000	1.000000	1543459357.011447
14.247902	2.000000	1.000000	1543459357.270874
14.246142	2.000000	1.000000	1543459357.412140
14.245130	2.000000	1.000000	1543459357.522069
14.234503	2.000000	1.000000	1543459357.669345
14.233826	2.000000	1.000000	1543459357.812849
14.234017	2.000000	1.000000	1543459357.929966
14.229632	2.000000	1.000000	1543459358.069651
14.225496	2.000000	1.000000	1543459358.213103
14.225575	2.000000	1.000000	1543459358.470302
14.219307	2.000000	1.000000	1543459358.610676
14.218335	2.000000	1.000000	1543459358.727500
